# Temperature (K)	C55 Attenuation (Neper/m)
0.3081	0.0
0.3082	0.22523077181962128
0.3084	0.22963679453028
0.3086	-0.21895584901429566
0.3088	-0.543019537349061
0.309	-1.1285495527929459
0.3093	-0.9737407750209635
0.3094	-0.619300525275286
0.3095	-0.5709022733239113
0.3096	0.2558719136810376
0.3097	0.578653008571715
0.3099	0.7354768461605979
0.3101	-0.03995156660166604
0.3102	-0.14321970524391933
0.3103	0.09728862161722975
0.3104	0.5028879963689301
0.3105	0.6125227225181914
0.3106	1.2367234116962982
0.3107	1.1819169228495472
0.3108	0.19117600792015133
0.3109	-0.11427124168619776
0.3114	-0.21152067822994086
0.3116	-0.47443045356130203
0.3123	-0.717623357689982
0.3125	-0.06593361748397666
0.3126	-0.010673230148060998
0.3127	-0.11076732739168384
0.3128	0.16166331620077903
0.3129	0.5522398029876303
0.313	0.2948973859349447
0.3131	0.7034345184529641
0.3133	0.8291266386827043
0.3135	1.1307246751171762
0.3137	0.9640149867846104
0.3139	0.7748495428052119
0.3144	0.4156753129786824
0.3146	0.29980347807925056
0.3147	-0.6918832319229062
0.3148	-0.9263020207204197
0.3149	-0.946039068200888
0.315	-1.5249929661536972
0.3151	-1.3929434470476332
0.3152	-1.2623121010087122
0.3153	-0.37963398391034725
0.3154	0.03389677860635789
0.3155	0.9105774703138415
0.3156	0.8992045469885994
0.3161	1.2836437283374453
0.3163	0.6548307872763786
0.3174	0.676125091796216
0.3176	-0.086489887383323
0.3178	-0.31233626941731074
0.3179	-0.3378578877151873
0.318	-0.007513468173261257
0.3181	0.33062500329394656
0.3183	1.1274191723820304
0.3185	1.41435480698265
0.3189	1.720772064907257
0.3194	1.8564343979933278
0.3201	1.39487361593626
0.3204	0.981024739041723
0.3208	0.3423078029964699
0.3218	-0.06797808263191596
0.3225	-0.16105394571555265
0.3234	-0.6003932337078886
0.3273	-0.4701620315736161
0.3337	-0.10663725702435406
0.3366	-0.367281670085831
0.3398	-0.621309273079836
0.3472	-0.52223983040046
0.3512	-0.7720858910965683
0.3554	-0.3368033983960851
0.3597	0.15300151502410334
0.3683	0.6023456670264665
0.3725	0.8717179869064221
0.412	1.6788690422468258
0.4197	1.694173680019473
0.4222	1.9140017442012527
0.4246	2.1445567988225913
0.4294	2.559066537156194
0.4318	2.748272669907915
0.4342	2.6756899913174443
0.4388	2.6080809747402247
0.4412	2.333293841551423
0.4435	2.2934577924276933
0.4481	2.0707875765624126
0.4526	2.1791961017437504
0.4594	2.1497771429052395
0.4818	1.833554988539035
0.4852	1.4481271319988
0.4868	1.0764267181653053
0.4914	1.031213247496779
0.5008	1.2668766963195923
0.5041	1.5170599096732722
0.5057	2.042608495589929
0.5073	2.0993392997465374
0.5105	2.107159106659214
0.5135	1.6124806094082627
0.5137	1.2249552088959639
0.5139	0.9450184506037708
0.514	1.6436031447939958
0.5141	1.9714883501064262
0.5142	3.1306196472664576
0.5143	4.706374961434668
0.5144	5.642723824160342
0.5146	5.646828085327143
0.5148	5.47838463948984
0.515	5.071955591095932
0.5151	3.779873669355213
0.5154	3.0991771628200153
0.5156	2.6123226345194848
0.5157	2.583847054945005
0.5158	2.1530991463705793
0.5159	2.1900475058275473
0.5161	1.7700533013943742
0.5163	1.7151408023207375
0.5164	1.517605148061335
0.5165	1.4497121836715758
0.5167	1.8248831332250255
0.5171	2.2194159899688692
0.5175	1.9901453834474812
0.5177	2.417547200856541
0.5178	2.618840649922133
0.518	2.6786158155620545
0.5181	3.2728218274332543
0.5182	3.480298342004192
0.5184	3.2083970119639047
0.5189	3.5612279344940103
0.5192	3.6391306273239334
0.5207	2.8076505221331334
0.5208	2.6686155330270958
0.5211	2.202411348477888
0.5213	2.0465194402688582
0.5216	1.8403939944629923
0.5217	1.9208947149044058
0.5218	1.9708251998321535
0.522	2.370759988586782
0.5224	2.411549012678876
0.5229	2.0297892293522932
0.5231	2.2220657805507407
0.5233	2.146204133644231
0.5237	2.299638989010593
0.524	2.338741843214295
0.5243	2.6020243149698503
0.5247	2.681782062650535
0.5253	2.5751781409255527
0.5259	2.4930888891912857
0.526	2.4419298849757864
0.5262	2.362181028705295
0.5263	2.7258615334760132
0.5266	3.1014678154624553
0.5269	3.2205063739546067
0.5271	3.1433311151987353
0.5272	3.1024790903490893
0.5273	2.9342137157282364
0.5274	2.723324221114925
0.5278	2.8124150650394584
0.528	2.616035419682022
0.5282	2.3246829606646635
0.5283	2.184034641139476
0.529	1.9574782626017784
0.5295	1.7010997610852985
0.53	1.65325482240828
0.531	2.251982432485282
0.5311	2.4837242400201354
0.5314	2.9812486710261212
0.5318	3.6420601014361704
0.5324	4.173806886374109
0.5328	4.3979317088323
0.5333	4.270272946241616
0.5335	4.143920782999038
0.5339	3.6524875093139215
0.5341	3.534715219965051
0.5342	3.1569963741478406
0.5345	3.363521637153824
0.5357	3.5491811990010507
0.5361	3.0998885303426373
0.5362	2.731700274511769
0.5367	2.632385579274552
0.5368	1.7101601777392743
0.537	1.3653201503210812
0.5371	1.3833307619073774
0.5373	1.016671005012064
0.5374	0.8011835312817678
0.5379	1.167664102740803
0.5383	1.4724819515786114
0.5394	1.716004494156
0.5402	2.1456255504457404
0.5405	2.535272204089648
0.5407	2.2716508115704523
0.5408	1.733943417111375
0.5409	1.378709650001172
0.541	0.8302332723647082
0.5417	1.0746114309401924
0.5418	1.4395044631099485
0.542	2.0483260515094215
0.5421	2.235293187112528
0.5424	2.356575095011572
0.5426	1.885906741912073
0.5429	1.6788337486214324
0.543	1.4864487138467597
0.5431	2.0509458171147426
0.5432	2.826342039708393
0.5433	3.3794689440931567
0.5434	3.5539607213446742
0.5436	3.6842686196806964
0.5449	3.2168671387372885
0.5458	2.544452264117989
0.5463	2.0652990406824543
0.5468	1.9664752519281665
0.5478	1.8948469911333268
0.5483	1.9763310648556063
0.5497	2.5168216267593406
0.5502	2.591027537253386
0.5516	2.718933662429969
0.5531	2.9618381480744915
0.5536	3.393378349939877
0.5541	3.1318034788589806
0.5551	3.285183903404998
0.5556	3.130741595644941
0.5561	2.490929334562917
0.558	2.0053453767806095
0.5595	2.1864258099478224
0.5614	2.437729553111328
0.5628	3.2807032588536065
0.5638	4.281038676637371
0.5652	4.907784574254547
0.5662	5.706553265613228
0.5667	5.124812657348092
0.5672	4.486260897904937
0.5681	3.765774249735294
0.5686	3.135727861708747
0.57	2.041989031971692
0.5709	2.2679274049364566
0.5723	1.8673867904660182
0.5731	1.7163584918446788
0.5735	2.0310896959723777
0.5739	2.6023218583610834
0.5751	2.6250445213372697
0.579	2.6974089017017664
0.5803	2.965393221386768
0.5817	3.23977517837158
0.5821	3.152280147879352
0.5834	3.546912444612917
0.5847	4.213304200199786
0.5856	4.784576886818504
0.5869	4.525569533309868
0.5881	4.676599765528716
0.589	4.045302502477984
0.5897	3.205290347835341
0.5901	2.5015082269266253
0.5909	2.2493356017446433
0.5913	1.408012053705221
0.5925	1.3056785398762398
0.5933	1.7290769218697322
0.5941	1.827738922810953
0.5945	2.2069368162570524
0.5952	3.144634619649664
0.5956	3.578558008169315
0.5964	3.6623055490836296
0.5983	3.5096164907855236
0.5994	3.4747634154745968
0.5998	3.081389607365309
0.6001	2.973608179375285
0.6009	2.5770554464162796
0.6012	3.0271642373642673
0.6019	2.707361641322457
0.6023	2.498527115866657
0.6026	2.211617398892833
0.6033	2.46050945457278
0.604	2.383032603568566
0.6068	2.122141731472064
0.6079	2.2594680113894356
0.6082	2.3968689012593014
0.6088	2.1108435255735483
0.6095	1.8372358954960504
0.6098	2.5468300308973935
0.6112	3.124867288967831
0.6125	3.442100856606414
0.6131	4.257571192901867
0.6138	4.111108497287876
0.6144	3.760983288920295
0.6147	3.155207911903889
0.615	3.2318116185097803
0.6163	2.764285983573839
0.6169	3.142851238211786
0.6187	3.0664206846550925
0.6197	3.396703748852684
0.6206	2.7113097718514285
0.6209	2.8997300269941184
0.6212	2.4357323303285283
0.6218	1.872728332504622
0.6221	0.9561918105804504
0.6224	1.0085238679840143
0.623	0.600016002886726
0.6233	0.20065387432064763
0.6236	0.4479417240119223
0.6242	0.9666192526977697
0.6245	1.196932346061978
0.6254	1.1405627294767244
0.6266	1.6924054035649452
0.6269	1.4902253548104087
0.6275	1.2606110510730895
0.6278	1.1388725026476376
0.6287	1.4530477846179362
0.6313	1.3852002573944797
0.6322	1.3982904484316312
0.6325	1.9163260740656334
0.6334	1.9646027704450095
0.6337	1.935220684067139
0.6346	1.719339531096873
0.6352	1.9343607086768932
0.6358	1.4958029503136598
0.6367	1.8787640598682807
0.6369	1.988842883363803
0.6379	2.3598215954372157
0.6381	3.0354870963774276
0.6387	3.1769770359068046
0.6394	3.0727007705373555
0.6396	3.202898669710078
0.6406	3.6200756518876256
0.6412	3.289636924045968
0.6415	3.4848974391456586
0.6418	3.3784019719888785
0.6424	3.599045893102707
0.643	3.5543071139934437
0.6433	3.3952007086349063
0.6436	3.4043989942243225
0.6442	3.9484591395066846
0.6445	4.050468421922125
0.6448	3.8535644325391187
0.6458	3.839186110721712
0.6464	3.9673736661342724
0.6467	3.5691682103405715
0.647	2.8928035559750094
0.6488	2.5506022663405044
0.6492	3.1067650973279
0.6498	3.2277680440607943
0.6501	3.1212224859782713
0.6504	3.3110504296760803
0.6508	4.219310475628
0.6514	4.172861856941332
0.6517	4.916242364237809
0.652	5.517558529866274
0.6532	5.995509508780878
0.6535	5.495167826511244
0.6541	5.274517437404099
0.6544	4.086383082275727
0.6557	3.7188734136385575
0.6561	3.1741805320597223
0.6567	4.1268868155941005
0.657	4.486031352380156
0.658	5.208942281623145
0.6583	5.056078769163538
0.6589	5.394996405811631
0.6595	4.407462269810039
0.6599	4.349280970214348
0.6609	3.7634162578670103
0.6615	4.092649013805355
0.6622	3.8875396045958133
0.6632	3.823299312642756
0.6641	3.3082802814397927
0.6653	3.569888821658465
0.6656	3.7366802927052554
0.666	4.1879019817923195
0.6666	4.43700039932333
0.6679	4.507758339077081
0.6685	4.778246458918396
0.6689	5.142135683806556
0.6695	4.276389582253828
0.6702	3.9812764503838953
0.6712	4.389028564141679
0.6723	4.177507245342368
0.6739	3.424414051764789
0.6748	3.7969956154517295
0.6755	4.280341357419461
0.6759	4.394779517657262
0.6762	4.064223419584132
0.6765	3.761279748526614
0.6772	3.3450244066683936
0.6775	3.662465682923877
0.6785	3.89533760836416
0.6798	4.443902700847566
0.6805	4.858604030838741
0.6818	5.780663893875786
0.6825	5.227929155522262
0.6828	5.396876975972229
0.6832	5.443057475144797
0.6842	5.7036744293130175
0.6852	5.872510375018803
0.6855	5.699308162339768
0.6858	5.0393704208354
0.6869	4.166466727707028
0.6879	3.5540534080088277
0.6895	2.2760191552824827
0.6899	2.220878465058049
0.6906	2.146324167447317
0.6909	2.136572379789321
0.6913	2.6182308956654605
0.692	3.415807739038549
0.6923	3.557951339661806
0.6929	3.366361040617082
0.6933	3.812962444308914
0.6936	3.524372191320312
0.6943	2.9761777560905247
0.6946	2.944384705068749
0.6956	3.4484553427219287
0.6959	3.5552380451878847
0.697	4.129458281205352
0.6973	4.319721858836155
0.6983	4.463453534697608
0.6986	3.8591772921837224
0.6996	3.611461699405891
0.7006	3.6996917485630783
0.7013	4.344841130945131
0.702	4.212226505331073
0.7027	4.761170341368356
0.7037	4.7760944170731605
0.7047	4.253372582538491
0.7057	3.578994444836223
0.7061	3.502939164724383
0.7071	3.2524246327937716
0.7077	3.588470542655795
0.7084	3.63520192740575
0.709	3.9179943597248923
0.7096	3.866333993999061
0.71	4.056237798828625
0.7103	4.331028006466184
0.711	3.86035117188276
0.7113	3.7558929885514254
0.7141	4.164889210217261
0.7151	4.321634416579414
0.7154	4.414082688372278
0.7164	5.416817794016518
0.717	5.811690292937345
0.7174	6.113323900244136
0.7177	6.283006430725189
0.7183	5.874868844341618
0.7187	5.176718172912479
0.719	4.540667447810755
0.7193	4.114068632190505
0.72	4.105643864117214
0.7203	4.244348238465022
0.7213	4.500606309567278
0.723	5.003798536075618
0.7237	5.364188440984607
0.7244	5.583115340247664
0.7247	6.164221748940639
0.725	5.768126402650478
0.7254	5.126230780482192
0.726	4.255318506015456
0.7266	3.585732131861521
0.7277	2.632587528471786
0.7286	3.018254530996082
0.729	3.675458530208217
0.7296	4.671556594343191
0.7306	5.23235130993485
0.7313	6.008410842113537
0.732	6.233596322286472
0.7323	6.446557791349458
0.7329	5.789611767635078
0.7333	5.482238287667457
0.7336	5.06184156727269
0.7339	4.5538066783265565
0.7346	4.322398496750516
0.7349	4.559763701228241
0.7353	4.328110369338208
0.7359	3.856590001602669
0.7366	3.6661904344213814
0.7372	3.116353773709776
0.7376	2.554253281951186
0.7379	2.396331855218838
0.7386	2.5814711775370487
0.7389	3.162305298971778
0.7392	3.928152068302423
0.7399	4.7515400598247535
0.7402	4.945039944407249
0.7405	5.140853683852576
0.7409	4.949824612707445
0.7415	4.90782887104562
0.7418	4.982765987222161
0.7422	5.558778167956277
0.7425	5.69830385097222
0.7431	5.939815671250126
0.7435	6.2613274686771545
0.7438	6.030924760719786
0.7442	5.802322056671304
0.7448	5.409465292852913
0.7451	5.431920903931583
0.7454	4.972480177088542
0.7461	5.345545793115305
0.7464	5.279625720801543
0.7467	5.156755837530968
0.7474	4.258303010620565
0.7477	3.528532251948026
0.7481	2.651878838424321
0.749	1.9198869638639104
0.7501	2.1438805827355445
0.7507	2.9080164848193326
0.7517	3.834726046667975
0.7527	4.0953865158177924
0.7533	4.3644061343652645
0.754	4.693632194520394
0.7543	4.091200501421387
0.7549	3.8740485801024747
0.7553	4.145070347208729
0.756	4.475803805071458
0.7566	3.9439435670295273
0.757	4.213338482800073
0.758	3.7222468291155097
0.7587	3.428754866202099
0.7593	3.6075024043238324
0.7597	4.279009142895434
0.76	5.027004702129322
0.7606	5.665452959410516
0.7616	5.91988298420701
0.7648	5.702175528782235
0.7655	4.98792329012527
0.7658	4.184822197809504
0.7661	3.4876462459992545
0.7691	2.6913367160838275
0.7694	2.3915385922529215
0.7698	2.570754047209055
0.7705	2.405611202109135
0.7708	3.049283455718368
0.7714	3.5725443036557216
0.7721	4.0663720445826055
0.7727	3.6396527324467582
0.7734	3.892070483690237
0.7737	4.0794507339002095
0.7747	4.367685821717464
0.7753	4.21946025716013
0.776	4.7378840437194665
0.778	5.252752989036517
0.7783	5.166257157719396
0.779	5.510110724595289
0.7793	6.144124728926181
0.7803	6.5482331914830185
0.7825	6.787281650235705
0.7832	6.8626148072472315
0.7838	6.805776547658707
0.7845	6.6317073993983975
0.7855	7.009657856066948
0.7865	7.188565504251289
0.7875	7.381986477031492
0.7878	6.990305104219122
0.7885	6.671355784455125
0.7888	5.744254415142159
0.7891	5.127465043972153
0.7897	5.185745788313093
0.7901	5.583218910413325
0.7904	5.582188019925173
0.7907	5.879731127612475
0.7914	6.217604773720074
0.7917	5.686417326358827
0.7921	5.331012939469462
0.7948	5.325247249048501
0.7958	5.623151639893151
0.7964	5.698972676018111
0.7968	6.520657531355562
0.7974	6.342517485285553
0.7977	6.309718527417216
0.798	5.777263386156659
0.7991	5.294284138929365
0.8013	5.168085736644856
0.8023	6.117073623018394
0.805	6.099779150650902
0.806	6.683933979670212
0.8064	6.978680143624104
0.8074	6.792800376584235
0.8077	6.475981332615072
0.8083	7.14082723063769
0.8106	7.028904398431154
0.8113	6.29427371285239
0.8117	5.590307014214829
0.812	5.483644688425401
0.8123	4.99385664809405
0.813	4.9227418074018665
0.8136	5.444737095245026
0.8143	5.576055271233724
0.8146	5.111077589627878
0.8149	4.893639368888484
0.8152	4.767001321382076
0.8188	4.6014904930615
0.8195	4.758804036837386
0.8199	5.075619433792704
0.8202	5.21866341277084
0.8211	5.155463223238821
0.8215	5.848103654559464
0.8221	6.233229207425086
0.8224	6.310322727692793
0.8228	6.267530845992831
0.8238	6.760395583019127
0.8245	6.064385064615593
0.8248	5.840518315142896
0.8251	5.026041628796983
0.8258	5.094292208405806
0.8261	4.366759896666961
0.8271	4.527418620449192
0.8275	4.3926368432504415
0.8281	4.931853900475268
0.8284	4.524611347709288
0.8288	4.873197217866448
0.8294	4.516758674868187
0.8298	4.32907533869927
0.8308	4.264244356449827
0.8315	4.8080006358666765
0.8325	4.755379849918191
0.8331	4.884862783536034
0.8341	5.128437536102841
0.8348	5.079960514063556
0.8357	4.596244541888257
0.837	4.532765499616357
0.8376	4.865432764822537
0.8386	4.575589910077703
0.839	4.643927595739325
0.8397	4.3836215869906985
0.84	4.151305769648839
0.8403	4.115593418010261
0.841	4.233742538714793
0.8423	4.513198506007816
0.8429	5.724812704964017
0.8449	6.574292376552239
0.8456	7.016336420467657
0.8465	7.500644856276374
0.8495	7.5191019957591
0.8502	7.089293584036231
0.8505	6.884053531440965
0.8508	6.483679629133265
0.8514	6.1692593785099055
0.8517	5.874302722052992
0.8521	5.666978327306997
0.8527	5.032997201268785
0.8531	4.664894294323174
0.8534	4.766825271265543
0.8541	5.021615912494614
0.8544	4.762696855822487
0.8551	4.8813736974528
0.8557	5.2609501485111725
0.8563	5.704612953659129
0.8567	5.784816076496176
0.857	6.091854594677094
0.858	6.206728368875484
0.8583	6.419333143865499
0.8593	6.716073106622718
0.8603	6.9255705650254
0.8609	7.244361986998115
0.8616	7.452723195242202
0.8619	7.441143162021133
0.8626	5.935459156913049
0.8629	5.1140763641451805
0.8632	4.765649377124443
0.8639	4.422858830033746
0.8645	4.14050143958496
0.8655	5.114680446008578
0.8659	5.295755610526368
0.8668	5.2821489938935375
0.872	5.883199683606533
0.873	6.054000438417275
0.8733	6.005649671838397
0.8744	6.628211979427501
0.8753	6.932434546030765
0.8767	6.571480427701566
0.8774	6.693616008490141
0.8783	6.7893017176234345
0.8786	6.4867609172897716
0.8795	5.99123415085582
0.8802	6.104922154157196
0.8816	6.085887208053329
0.8826	5.58688139302855
0.8832	5.335943418436031
0.8839	4.8998757372032
0.8849	4.278920516025176
0.8852	3.743318139801056
0.8859	4.075933877912082
0.8862	4.719620486557574
0.8866	5.623315032696867
0.8873	6.599216971141504
0.8901	6.9579490990411434
0.891	6.849412098043328
0.892	6.4043442883602895
0.8923	5.9877954862075145
0.8927	5.870098347514422
0.8934	5.52761127681081
0.8987	5.636281133465675
0.8994	5.4650622869121515
0.8997	5.788375192007127
0.9	5.625711147729617
0.9006	6.44997330133265
0.901	6.908439319969605
0.9013	7.818951659049416
0.9019	7.996496704887915
0.9023	7.85621880388908
0.903	7.855685972673184
0.9034	7.901213166940444
0.905	7.967487016286857
0.9059	7.9925133767944
0.9069	8.011298515495616
0.9072	8.179590130168286
0.9082	7.92931510469156
0.9092	7.209149414229387
0.9095	7.140409668185972
0.9098	7.338145706121911
0.9105	6.735489957279592
0.9108	6.444138434625784
0.9117	6.208033991438634
0.9125	5.616938054836939
0.9128	4.840029527781237
0.9131	4.420315137656026
0.9138	4.127550306364632
0.9141	4.136007871410612
0.9145	4.64421207094002
0.9152	5.622500056488925
0.9155	6.385667676987083
0.9162	7.071501391941869
0.9166	7.378472311245239
0.9175	7.7676581970399985
0.9194	8.13811158307134
0.9201	8.32908036173203
0.9204	7.991062917497794
0.9207	8.305643636750677
0.9234	8.189168307295537
0.9245	7.488564186286952
0.9261	7.197471345326203
0.9265	7.555117356317304
0.9268	7.803358348847889
0.9274	7.6098330112534365
0.9281	8.027933744730403
0.9288	8.240864528274486
0.9294	8.485558397308472
0.9301	8.20497884287607
0.9304	8.557218525370306
0.9308	8.380209892136774
0.9328	7.965312909267824
0.9338	7.338445462260486
0.935	7.3017044347828435
0.9357	6.830586933015632
0.9367	6.702537800080909
0.937	6.53904243151701
0.9381	6.202933923215555
0.9387	5.54840835380091
0.9395	5.296262397618543
0.9398	5.3264035613522145
0.9402	5.919422573497888
0.9405	6.599146119482905
0.9414	7.158936238851361
0.9417	7.559669072233031
0.9424	7.763117813072289
0.9427	7.8853990371317275
0.943	7.511907772353569
0.9437	7.529638281447032
0.944	7.312496204546791
0.9443	7.100883784100413
0.945	6.951602107637525
0.948	7.424538628292323
0.9489	7.029991788870283
0.9492	7.310920896950585
0.9498	7.2473624882474645
0.9502	6.719721497658043
0.9519	6.02321672202677
0.9525	6.469683976081959
0.9528	5.990936294550622
0.9531	6.266240420670387
0.9534	6.797244876746184
0.9545	7.7054049810001946
0.9555	8.065653894970868
0.9558	8.407855721029147
0.9561	8.236484810290705
0.9568	8.43103219071316
0.9571	8.253901278591378
0.9574	7.883124517617526
0.958	7.9208781177654695
0.9584	8.162895603781852
0.9587	7.484534514148786
0.9593	7.608036126494802
0.9603	7.832247464368886
0.9607	7.728500857327382
0.961	7.602349273690016
0.9617	7.946898309883483
0.9626	7.308074275070903
0.9633	6.882396772590593
0.9636	7.0494456636886715
0.9639	7.103535342311754
0.9646	7.107107564057467
0.9649	7.733902564877484
0.9659	8.20031668315519
0.9727	8.740957052271021
0.973	8.466461506649672
0.9733	8.416382830914442
0.9739	8.102878372263186
0.9742	7.672224791010604
0.976	6.9780200777850805
0.9769	6.760205788000211
0.9782	6.456710435765844
0.9792	6.175971538812565
0.9796	6.091289426823256
0.9802	6.108131037881511
0.9805	6.483342379462228
0.9809	6.852378749446005
0.9816	6.8420392137364745
0.9819	7.005485004020184
0.9822	7.263712998322746
0.9828	7.6632404832501075
0.9835	8.183162004760465
0.9838	8.698554632609277
0.9848	9.099328260810612
0.9861	9.024540070171188
0.987	8.931154851440569
0.9874	8.42322385318279
0.988	8.230569927071615
0.9883	8.178275692283387
0.9893	8.080209005913952
0.99	7.707356542631445
0.9906	7.718117773822415
0.9909	7.808072949676725
0.9919	7.404168043209519
0.9923	7.275628730436755
0.9932	6.992336172569085
0.9936	7.54867840774762
0.9942	7.871168318814695
0.9945	8.265227245359169
0.9952	8.667447588355524
0.9982	9.521676547592158
0.9992	9.278372282316303
0.9995	8.988347040714073
0.9998	9.319898871182504
1.0005	9.654637898266497
1.0008	9.948614238323096
1.0011	9.759183942828685
1.0018	9.541232890720636
1.0028	9.340641201584512
1.0034	8.995943225111908
1.005	8.310604992884155
1.0057	7.978842889142421
1.0077	8.17149312686573
1.0083	7.776574089398466
1.009	7.612731475520002
1.0097	7.328105988372816
1.0103	7.391671800005913
1.011	7.664328119549795
1.0117	7.750768192303427
1.0123	7.851957037262624
1.0132	8.345731729325442
1.0135	8.33123435714834
1.0142	7.65308160100807
1.0146	7.186594500595867
1.015	6.7977712347378
1.0169	6.501659400170564
1.0179	7.0573167499341976
1.0183	8.459942313303008
1.0197	9.606359447097343
1.0207	10.799499952577783
1.021	11.149394603444604
1.0217	10.610878160067035
1.022	10.148967629384844
1.0227	9.826011531069197
1.023	9.119675097738774
1.024	9.432316607844003
1.0243	10.050856921094079
1.025	9.672190347557471
1.0254	9.849261399472411
1.0257	10.364882708766826
1.0264	10.472484891876473
1.0267	10.310178321578503
1.0271	9.748031184749536
1.0281	9.0760856493429
1.029	8.49758460509002
1.03	8.234830926631776
1.0304	8.535702078731681
1.0314	9.302952524854264
1.032	9.56522788090773
1.033	9.554936915306483
1.0344	10.077329701553333
1.035	10.08019602082938
1.0354	9.662483186724296
1.0357	9.757163326652925
1.0377	9.851340572364943
1.0386	9.040192240016381
1.039	8.842310767100768
1.0393	9.339140512024384
1.04	9.142484501068132
1.0434	9.187707517982805
1.0437	9.523617184349622
1.044	9.826260134371847
1.0447	9.374999188877798
1.0457	9.464632333225635
1.0461	9.54754997033008
1.0464	9.500185647649154
1.0471	8.86512532970241
1.0478	9.533525018947111
1.0484	10.283800124763577
1.0494	10.856251721004073
1.0503	11.039294368660363
1.051	11.679096039181859
1.0513	11.45456291899108
1.052	11.38191571407007
1.0526	11.230078063603928
1.053	11.206521509307185
1.0536	11.658634484655312
1.054	12.145123505463452
1.0543	11.766593888275214
1.0546	11.11336831230505
1.0553	10.704591111706003
1.0556	10.141841546035582
1.0566	9.770797910545056
1.0573	9.72796963621733
1.058	9.968101700483832
1.0587	10.501019561262282
1.0593	10.719444428960436
1.06	10.540462368178588
1.0603	10.243566051749747
1.0607	10.446199002710364
1.0613	9.540804576020443
1.0616	9.060202800730407
1.062	8.679136855575345
1.063	8.46021965426047
1.0633	7.682648886187188
1.064	8.88960641044845
1.0644	8.631051016124488
1.0647	9.315563555562282
1.0653	9.862703936603186
1.0673	10.459049457125966
1.0676	10.118822990311765
1.068	10.025708470017653
1.0686	9.644640798606561
1.0689	9.607852333787138
1.0695	9.783320645843455
1.0722	9.396355165460589
1.0725	9.672441255389383
1.0728	9.746499746897769
1.0735	9.7235097871138
1.0738	9.716460067554777
1.0742	10.029279630329782
1.0748	10.60418786710775
1.0751	10.46147927696237
1.0754	10.719932577237213
1.0761	10.648782547541249
1.0764	10.34722603542511
1.0773	9.478406224599802
1.078	8.952623748032217
1.079	8.682670046326209
1.0796	8.18919237311967
1.0799	8.237777075051556
1.0809	9.40387180081482
1.0819	10.495448524582814
1.0826	10.995398427445275
1.0836	11.713376497580004
1.0848	11.914685078735802
1.0851	11.193197748617235
1.0854	10.566207008843923
1.086	9.641026406266164
1.0863	8.894689159990543
1.0867	8.01452463325345
1.0873	7.967825802468827
1.0877	8.320377161307636
1.088	9.271784574652978
1.0886	9.746191660976724
1.09	10.780287558232194
1.091	10.628896032868925
1.0922	10.598005036525597
1.0929	9.994071189639321
1.0932	9.794800718344502
1.0935	9.100183333727077
1.0942	8.922403258765328
1.0945	8.81898494150437
1.0951	9.23113109023855
1.0955	9.555131102530808
1.0958	9.9563672248379
1.0968	10.801512478174354
1.0976	11.047821309724418
1.0982	10.6439144463575
1.0985	10.619467251125174
1.0988	10.84845122391224
1.0995	10.807992058450028
1.1002	11.137192888151555
1.1008	11.50163991600838
1.1011	11.616904879927327
1.1015	11.239738226030774
1.1024	10.807920841091219
1.1036	10.138464819759792
1.1043	10.061194197927879
1.1046	9.490571242435287
1.1049	9.32405862840789
1.1056	9.39588787302723
1.1063	9.356157025215794
1.108	9.35909082162683
1.1084	9.634879591674201
1.1087	9.934289573601884
1.1093	9.841213231636825
1.11	10.085886489737662
1.1109	9.690137801454377
1.1113	9.730929791568961
1.1119	10.024542168727685
1.1122	10.59340263191451
1.1129	10.704332491359368
1.1132	11.271220179694073
1.1142	12.018888651581936
1.1145	12.107898123907397
1.1155	11.913695836447717
1.1158	11.696046453864756
1.1168	11.600307837819786
1.1178	10.768258998366687
1.1182	10.381902424805663
1.1189	9.859987555792268
1.1199	9.961048862487418
1.1208	9.803927592073906
1.1217	9.866444700913842
1.122	10.570374892790971
1.1227	11.040131798806506
1.1231	11.280578854970786
1.1234	11.088716536166839
1.1245	11.684795961604076
1.1248	11.131216373767513
1.1255	10.556579687140973
1.1258	10.298924328297868
1.1261	10.319345055428919
1.1268	9.95713215743737
1.1297	9.518955227927556
1.1308	9.669044316931338
1.1321	9.76630057432891
1.1328	10.000402497312082
1.134	9.716547667707037
1.135	9.816590445195823
1.1354	9.545100331593343
1.136	8.999632974734956
1.1364	8.589619092222026
1.1367	8.703897153335165
1.1373	9.055589814831839
1.1379	9.807469368216863
1.1382	10.675588523346038
1.1386	11.236597489258592
1.1392	11.327852811922579
1.1395	11.673294892734113
1.1406	11.34834871776714
1.141	10.53111144512514
1.1416	10.082272228649718
1.1419	10.082958415890369
1.1423	9.88442416759736
1.1432	9.48653990919043
1.1435	9.80033304716701
1.1442	10.273689636675293
1.1445	10.487538117017811
1.1455	10.603177304123983
1.1462	10.944361814110938
1.1472	10.861265790974333
1.1482	10.761176425243494
1.1485	11.131882458203052
1.1488	10.66409832038178
1.1495	10.958408326105735
1.1498	11.156767032885682
1.1518	10.677814982782316
1.1524	10.433191135091882
1.1528	10.670194663843201
1.1531	11.232797370253357
1.1545	10.989992263965576
1.1561	11.76068097004116
1.1567	11.915791220220674
1.1571	12.159982762372174
1.1574	11.469274245457468
1.1581	12.057215517772214
1.1584	12.102547692122338
1.1594	11.794247575201926
1.1597	11.414706459855832
1.16	11.16611959374246
1.1607	10.342774791211221
1.161	9.921166236535601
1.1617	9.72664661436665
1.162	10.23886590225719
1.1623	10.326686457903962
1.1629	10.335392899934034
1.1636	10.468834104055112
1.1639	10.364469124313576
1.1659	9.975617554267176
1.1662	10.309519350699187
1.1665	11.068269447004566
1.1672	11.277899094577533
1.1675	11.909839523034748
1.1679	11.827695676651272
1.1685	11.796044909120514
1.1689	11.95990423701564
1.1692	12.23362219153524
1.1706	12.530322346244244
1.1715	12.958351294846757
1.1719	13.140065636072041
1.1726	12.839920529431476
1.1728	12.780238168155602
1.1731	12.436979453613839
1.1741	12.097205672866629
1.1744	11.988041942993481
1.1747	12.062459559125587
1.1751	11.415745572413632
1.1757	11.135408800280363
1.1761	11.246150647315805
1.1764	10.95579071927205
1.177	10.976653272033358
1.1777	11.133179967597677
1.1787	11.296204222661585
1.1798	11.3302369991406
1.1804	11.817119280701679
1.1814	11.747191332973072
1.1854	11.90702823282468
1.1863	12.00755716935271
1.1866	12.273103231468589
1.1873	12.30288315199146
1.1876	12.303350235657033
1.188	12.24507029951782
1.1887	12.199629540535923
1.189	11.767538998313954
1.1893	11.77782288602602
1.19	12.349939062522248
1.1903	12.605322152642135
1.1907	12.06954261136821
1.1927	12.621329888787335
1.1937	12.315740801520704
1.1946	11.735878399442806
1.195	11.832496706107618
1.1953	12.45401575336776
1.1959	12.492958807568456
1.1962	13.06385489276175
1.1966	13.653833736848803
1.1975	13.797430539757364
1.1978	14.367640161651961
1.1985	14.524445084366238
1.1988	14.016203283829558
1.1991	13.744733913364133
1.2002	13.494970054345298
1.2028	12.743838906911575
1.2035	12.105884539255003
1.2038	12.350179413557763
1.2041	12.562251915630968
1.2048	12.664722834730263
1.2074	12.98395264099597
1.2084	13.422963760235131
1.2097	13.20128208212695
1.2103	12.772944816484854
1.2113	13.23680474241735
1.2116	13.932838770486269
1.2123	14.397340933309014
1.2126	14.640104871943631
1.2142	14.406776674054912
1.2152	14.542398434404237
1.2159	14.048714378659623
1.2169	14.00793062511928
1.2178	14.770784498716502
1.2188	15.574793130498648
1.2198	14.64213762113526
1.2221	14.193998292813662
1.223	13.91454967304918
1.2237	13.701622249522954
1.2247	13.5066438734709
1.2257	14.288914905169408
1.226	15.391119861329468
1.2269	15.725320910526966
1.2272	15.873862975674452
1.2282	15.996519252998153
1.2292	15.627254507586875
1.2296	14.533539311634945
1.2299	13.695970031702952
1.2306	12.494276338924223
1.2312	11.68243247591224
1.2322	11.468449970290248
1.2332	12.000252974365592
1.2336	12.635580713952145
1.2342	13.2780136708212
1.2346	13.799227992088712
1.2349	14.345167950689296
1.2356	13.780046549334159
1.236	13.615025660934895
1.2363	13.559247455821943
1.2369	13.442450144317936
1.2375	13.495817423544652
1.2381	13.887207773983937
1.2385	14.23980154761309
1.2388	14.24315484364058
1.2411	14.200403116429504
1.2422	13.569042665015877
1.2431	13.533235921855828
1.2434	12.982712271170238
1.2441	13.370762342650647
1.2444	13.755041339749605
1.2447	14.049028663886661
1.2461	14.294160627601876
1.2463	14.714096402290638
1.247	14.266147044705058
1.2472	13.62025948479867
1.2475	13.299868566237327
1.248	12.905452914232933
1.2486	12.563249749493565
1.2492	12.883458611706697
1.2499	13.836749768100587
1.251	13.77068616182941
1.2514	14.131813236803694
1.2524	14.182839751537207
1.2533	14.051405513324626
1.2549	13.628551615968613
1.2556	13.89337887838528
1.2559	13.837505991664239
1.2563	13.939523746289977
1.257	13.968482793274934
1.2573	14.378625565572113
1.2576	14.802696687361792
1.2583	15.174416581739697
1.2602	15.763306867192668
1.2612	16.46710726502123
1.2622	16.271725004603866
1.2625	16.470145564394834
1.2629	16.143920561886393
1.2635	15.570091165107895
1.2649	14.80912322709557
1.2662	14.486519620393164
1.2666	14.028915557110361
1.2679	13.540874716971524
1.2691	13.477690142691225
1.2701	13.780623723231505
1.2712	14.485632653577701
1.2736	14.410957897019578
1.2746	14.890746219297474
1.2752	15.254736179818687
1.2755	15.108030046831603
1.2758	14.968489382952052
1.2765	15.66082354187208
1.2771	16.01399890181556
1.2781	16.05846842293782
1.2787	16.285232864141236
1.2796	16.512342552386645
1.2799	16.230084979992043
1.2806	15.651695806203254
1.281	15.99001494968405
1.2847	16.008677965003706
1.2853	15.477606608875528
1.2864	15.437527115958858
1.2876	16.043103158130048
1.2886	15.831185803013271
1.291	16.419755229197385
1.2919	16.76323433083073
1.2922	16.543724838983767
1.2929	15.918010845732468
1.2936	15.145058229963329
1.2939	14.82047063463612
1.2942	14.757028150484585
1.2948	14.67840439052012
1.2951	14.642566439683398
1.2968	15.250596198455876
1.2979	15.112565033037773
1.2988	15.368615297322522
1.2994	16.08857422551784
1.3004	16.987460143342716
1.3007	16.986775681883238
1.3014	16.532578460445233
1.3017	16.51946387450165
1.302	16.311981773611798
1.3027	15.810392777257466
1.3031	16.19767124817491
1.3034	16.957749667080208
1.3041	16.816455797964185
1.3045	16.392089821558837
1.3051	16.189597898392456
1.3054	15.848517007315323
1.3063	15.7416662736948
1.3066	15.34892192603616
1.307	15.714053943691493
1.3076	15.922475182152544
1.3079	15.556719239242975
1.3082	14.582629156910686
1.3089	14.340538816683042
1.3095	14.078227274153248
1.3105	14.02038721887199
1.3146	14.364520041756759
1.3149	14.75988195844229
1.3153	15.107918812657372
1.3159	15.407946398553893
1.3199	15.256613035674023
1.3209	15.121228219499944
1.3214	15.478007883168914
1.3223	15.717640788447344
1.3237	15.365110344658037
1.3241	16.035093091583036
1.3245	16.78857074295664
1.3251	16.82769960466615
1.3254	17.178527591835625
1.3269	17.381813520758428
1.328	17.520831264418145
1.3286	17.6638540881932
1.3289	17.558952626654698
1.3292	17.639187785581143
1.3302	18.0346869249246
1.3311	17.893667630951736
1.3315	18.08694305438217
1.3318	18.883767162371285
1.3322	19.651458863460785
1.3328	20.123427300122366
1.3332	20.246702680357053
1.3336	20.220315241887192
1.3342	20.05049889418159
1.3345	19.36867712251971
1.3354	19.171699555847198
1.3366	18.90460628821351
1.3375	18.19656986971085
1.3379	17.60676934151134
1.3382	17.060545397767438
1.3389	16.788695252900318
1.3392	17.091542282833686
1.34	17.10877629484695
1.3403	17.289111323513804
1.3413	17.145050247218624
1.3452	16.749465410172053
1.3455	16.36802982425745
1.3461	16.483057086921352
1.3465	16.885342779668008
1.3468	17.498892919474702
1.3474	17.84009237584827
1.3479	18.33965526909857
1.3488	18.88051654960293
1.3499	18.730641171643075
1.3506	18.88919713392574
1.3516	18.819085369828183
1.352	18.523971547931275
1.3529	17.81494340927251
1.3557	17.43529308798423
1.3567	17.13893338959893
1.357	17.751877270461918
1.3577	17.944891098249023
1.358	19.016523082326565
1.3584	19.462225433504337
1.3591	19.503596802178862
1.3594	18.924937059541698
1.3597	19.03011177228371
1.3604	18.206556129145046
1.361	18.585537467265546
1.3616	19.067930628973727
1.3623	19.91776270205817
1.363	20.032350912515422
1.3633	20.689713817214727
1.3637	20.397176486095702
1.3654	19.975504185946985
1.3661	19.90533488162673
1.3671	20.29175826131846
1.368	20.520606305188604
1.3687	21.351452658540307
1.3695	21.988864069035294
1.3699	21.618591111772755
1.3706	20.65414377641087
1.3709	19.72425865401046
1.3716	18.725721016214028
1.3723	18.337921796926086
1.3752	18.673788797647884
1.3755	19.07125373809929
1.3758	19.65497324538555
1.3765	19.680801868435328
1.3773	19.1867812119118
1.3778	19.210123137585754
1.3785	19.288772029326037
1.3791	19.32855619920696
1.3797	19.50701265741326
1.3804	20.21668924558398
1.3811	20.28489816581736
1.382	20.88715066016496
1.3827	20.881649095564995
1.383	21.18934199601629
1.3833	21.48272810611125
1.3839	21.56668893506494
1.3883	21.75251528159612
1.3886	22.15303628070247
1.3892	22.65057733085141
1.3896	22.607253983485492
1.3899	22.607946520544708
1.3905	22.550925282035568
1.3926	22.08184503460918
1.3933	21.676455019355412
1.3936	21.803476946623203
1.3939	21.635928564600977
1.3945	21.022830752532368
1.3948	21.37995177013092
1.3951	21.625149097149574
1.3958	21.73728494157545
1.3961	22.410008049774586
1.3964	23.399212175456487
1.3971	24.08174408153239
1.3974	23.720085279575542
1.3977	22.98717168385183
1.3984	22.28371127321403
1.3988	21.77996552347466
1.4002	21.160817914337805
1.4011	21.185524839381646
1.4014	21.726136516971053
1.4023	22.1538824790911
1.4027	22.434471655858093
1.4036	22.509405078416382
1.4047	22.495825170016854
1.4057	22.354447619542114
1.4064	22.1001236382612
1.407	21.931705646862742
1.4081	21.74076323926831
1.4084	21.7241823878302
1.4091	21.81952817967934
1.4097	21.56834572363794
1.4107	21.764592419892086
1.4113	21.67508336177051
1.412	21.993384836926047
1.4127	22.506266360365196
1.413	22.752303975126797
1.4136	22.479155275599798
1.414	23.03099659555146
1.4149	23.17540170076064
1.4159	23.267546879698696
1.4165	24.195890844899285
1.4171	24.574856966044106
1.4177	24.34332509532896
1.4186	25.054285882171264
1.4198	25.141315902408063
1.4221	24.51561461236054
1.4227	24.1131366493433
1.4233	23.852136796478742
1.4238	23.255118523795517
1.4246	22.81420655040457
1.4249	22.736225141224434
1.4252	23.001593221290587
1.4258	23.477009187855266
1.4261	23.811757718148225
1.4271	24.413830421918625
1.4281	24.684238559963884
1.4296	25.287302499539994
1.4302	26.093336286411226
1.4309	26.651970519571147
1.4313	26.782677069764954
1.4319	27.063563919035875
1.4321	26.721478558707904
1.4324	25.700917596587054
1.4328	25.18263258964616
1.4337	24.876423472378043
1.4343	25.049047067619018
1.4355	25.415100138523997
1.4358	26.602301050825197
1.4361	27.088866313920185
1.4367	27.63590694823982
1.4373	27.574597717080984
1.4379	27.05450637804936
1.4383	26.35885069525828
1.4386	26.37735430457088
1.4396	26.057437942273683
1.4409	26.290984266475927
1.442	26.970329949393747
1.4423	27.465314258947995
1.4429	26.835253946735897
1.4433	26.329134919435415
1.4437	25.751355219089145
1.4443	24.749783049010034
1.4454	24.119467989115872
1.4463	24.103140152921956
1.4473	23.979855014818973
1.4479	24.326472026777218
1.4485	25.40592097895474
1.4489	25.78189680112177
1.4495	26.253942977823467
1.4498	27.482619051048353
1.4509	28.304711846026333
1.4515	29.10913090768244
1.4526	30.156110004491996
1.4535	30.843127203648343
1.4541	30.43177913425621
1.4547	30.08304739707979
1.455	29.346808492322864
1.4557	29.00961148245366
1.4563	28.888707175592927
1.4569	29.093295126906867
1.4573	28.79843867489078
1.4576	28.326134021697165
1.4583	27.212599050864238
1.4594	26.619296589284996
1.4631	26.372364110678493
1.4634	26.565020740307254
1.4637	26.822696783556182
1.4644	27.645087710421965
1.4647	27.862543215365346
1.466	28.378880949686256
1.4663	28.49363318376811
1.4672	29.11819469267761
1.4695	29.288914151502286
1.4704	29.524463906591514
1.4707	29.869879438241924
1.4718	30.318006611909187
1.4721	29.898920341651785
1.4728	29.82735660980384
1.4731	29.36594014779201
1.4738	28.177875381016726
1.477	27.745328907792874
1.478	27.56809950702495
1.4807	27.64850074015937
1.4817	28.405497068888273
1.482	29.41532952379419
1.4824	29.63146190797168
1.4827	29.76242898690568
1.4837	29.554940379978287
1.4839	28.854000454979715
1.4846	28.88787701759974
1.4849	28.79581094853183
1.4852	29.149465919628142
1.4859	29.4800535306826
1.4869	30.28055502511123
1.4878	29.87571698682849
1.4881	29.989630543865033
1.4887	29.72745192024104
1.4891	29.253246495167087
1.4894	28.785890546500536
1.4906	29.22091023184954
1.4916	29.5473533100256
1.4922	29.796400901425795
1.4932	30.089841680593512
1.4942	29.903294492101335
1.4949	29.229904300568382
1.4959	28.276169716882222
1.4973	27.95490331016077
1.4983	28.259953607535106
1.4986	28.60561892923037
1.4992	29.61396759025317
1.4995	30.418243279639817
1.5034	29.894177372673
1.5047	29.04243579774796
1.5057	28.50554767492736
1.5062	27.233678157524253
1.5086	27.118654233478335
1.5089	27.9956977579318
1.5095	28.846563858963894
1.5098	29.277362486193738
1.5129	30.441664525854026
1.5136	30.283613446312057
1.5138	30.402135840286547
1.5146	30.281621920413617
1.5152	30.16372201599939
1.5156	29.45617124032319
1.5159	28.970839994620178
1.5165	28.642398555425263
1.5175	28.642196693967865
1.5184	28.697941530492752
1.5195	28.794432077524043
1.5217	29.239755302803964
1.5227	29.032868332685208
1.5236	29.049767595959068
1.5239	29.334031782591115
1.5246	29.468511979906356
1.5249	29.31733070332473
1.5253	29.38535555657307
1.5259	28.850333634609644
1.5262	28.70986215200342
1.5266	28.758228994644202
1.5276	29.014115648321248
1.5279	29.031842717504333
1.5286	29.52660801811862
1.5289	29.563085762930005
1.5292	29.97219225577568
1.5302	29.942436996944814
1.5306	30.362914435291582
1.5313	30.36820044917179
1.5316	30.12788265800244
1.5326	30.12292533741036
1.5335	30.271059313830477
1.5338	29.800708482332148
1.5344	29.745511913942583
1.5348	29.19472504740613
1.5351	28.22945205492075
1.5357	27.47690399083011
1.5368	26.85218665516171
1.5377	26.888838246140473
1.5384	27.59291553077359
1.5394	28.572176320177686
1.5404	29.492153739708495
1.5408	30.252372901076356
1.5411	30.34922403576905
1.5418	30.554406069735634
1.5421	30.77900887362691
1.5424	30.163881009702415
1.5431	30.435170275725806
1.5438	29.64160289349809
1.5441	29.213271090293176
1.5451	27.97509117859044
1.546	27.26557098736711
1.5476	26.368165191919253
1.5486	26.387879252604975
1.5497	26.61366969774202
1.5503	26.815515726780383
1.5509	27.5401693467866
1.5516	27.625911731768916
1.5529	27.853943712079555
1.5532	27.53183506594641
1.5539	27.311437826902562
1.5542	26.737964128151958
1.5549	27.30137217963727
1.5552	27.430045016456177
1.5556	27.549560400312707
1.5562	28.21137662192318
1.5566	29.167729588782365
1.5572	29.588016334266907
1.5575	29.734131425998836
1.5578	29.790908422024366
1.5585	29.213641918032934
1.5588	29.586607132978493
1.5595	29.69452320969758
1.5598	29.82201703108479
1.5602	29.820176501993277
1.5608	30.525675533235287
1.5612	29.853692330005977
1.5616	29.308472892367675
1.5622	29.572500074553954
1.5626	29.290754895780857
1.5629	29.1536853634836
1.5636	29.677327799968786
1.564	29.940150717485672
1.5649	29.39460736919453
1.5656	29.434208571330217
1.5668	28.521229117424248
1.5674	27.748025512028352
1.5678	27.502539620055046
1.5685	27.363490628535256
1.5699	27.949720175705803
1.5707	28.92396010495931
1.5717	29.158781014058732
1.5723	29.18246381858434
1.5732	28.850285427585796
1.5743	28.196899460026007
1.5754	27.923400098575108
1.5757	28.543352297846496
1.5765	29.337913375676703
1.5768	30.441968786427772
1.577	31.001587867292606
1.5778	31.12473833170001
1.5785	30.41727196759406
1.5791	29.26192153311753
1.5793	28.823423702014544
1.5797	28.317372639053815
1.5803	28.441138228135145
1.5805	28.417615601200993
1.5808	28.278832298644552
1.5839	27.268173610483405
1.5846	26.64927035582307
1.5856	25.31371592387836
1.5865	24.829740822514946
1.588	24.61442976460139
1.5884	25.303718711274637
1.5888	25.707076971479527
1.5894	26.949080652615816
1.5898	27.501373631678465
1.5901	28.06770684995666
1.5908	28.20907178140082
1.5911	28.385812798969358
1.5914	27.78690568768891
1.5922	27.884470933606366
1.5928	27.58248246286682
1.5944	26.956114665617218
1.5951	26.930100306154113
1.596	27.447209426325784
1.597	27.215885809685773
1.6006	27.786715488688134
1.6013	28.16270075580892
1.6023	28.35514361899174
1.6032	27.812522231316258
1.6036	27.553980993960703
1.6042	27.279684004230038
1.6045	27.676592734339756
1.6049	28.190314915026132
1.6056	29.08196931968669
1.607	29.566920096055814
1.6076	29.43560379826261
1.6082	29.061451510356857
1.6086	28.248987088291493
1.6089	27.589956114193676
1.6095	27.152370656075696
1.6099	27.548891529138427
1.6102	27.643959536338546
1.6109	27.96795079608179
1.6111	27.75361291533236
1.6115	27.999248013418924
1.6121	27.24398750133832
1.6125	27.193475898991757
1.6135	27.008128223921208
1.6142	27.388375153998293
1.6155	27.576461354471217
1.6165	27.731564212183265
1.6195	27.275289201473903
1.6202	27.579970501035252
1.6205	27.45257798879821
1.6208	27.41726123240131
1.6216	27.416047128782797
1.6229	27.95128974242902
1.624	27.786985310443196
1.6243	28.208747922107335
1.6252	28.35013803264458
1.6255	28.903111088332018
1.6262	28.963753171481976
1.6265	28.98106002343934
1.6269	29.02905963970126
1.6276	28.972423476730754
1.628	29.246795601899738
1.6284	29.531087537987673
1.6291	30.172569435890654
1.6296	30.409012034914326
1.6308	30.45843578244435
1.6319	30.37825578597668
1.6329	30.390695442916943
1.6344	29.874874031948444
1.6348	28.872049953468714
1.6355	28.030944440674922
1.6358	27.81437663846494
1.6366	27.862522162406115
1.6376	27.832581772302266
1.6385	28.418504021067644
1.6389	29.58135503433405
1.6392	29.517169567910727
1.6399	29.623101036598086
1.6402	30.250657169399943
1.6418	30.711687904840684
1.6428	31.04851483216111
1.6431	31.338466171434206
1.6438	30.62291423750354
1.6442	29.889670099780826
1.6445	29.203011359949738
1.6451	28.11256446328711
1.6464	28.155195788142276
1.647	28.611459686371926
1.6474	28.782589364637882
1.6477	29.212212639857384
1.6483	29.603122674612273
1.6486	29.761972519005166
1.6488	29.40265050710854
1.6495	29.21735034713196
1.6498	28.385071332997512
1.6502	27.968127725971556
1.6509	27.26839139939246
1.6513	27.528149949634383
1.6523	27.01108189677435
1.6545	26.68171359402621
1.6551	26.20049939044596
1.656	25.306017529871845
1.6563	25.492475643046678
1.6567	26.08297372752704
1.6573	27.38743883669254
1.6577	28.374484786849152
1.6612	29.075228311638632
1.6616	28.7695762664142
1.6619	28.554472977987952
1.6626	27.690566370961424
1.6632	26.967613445413964
1.6642	27.06321481597424
1.6662	26.89406364083113
1.6669	27.165451090196004
1.6671	27.70141162733601
1.6674	28.56198816742429
1.668	29.049477878502362
1.6684	29.775230301739118
1.6693	30.317570734017384
1.6701	30.4004031981911
1.671	30.001412030518978
1.672	29.495603646900083
1.6723	29.221568042142053
1.673	28.68708139835161
1.6739	28.623294706240916
1.6742	28.49735055991677
1.6745	28.58912995887046
1.6753	28.57959533976314
1.6756	29.126617557112287
1.676	28.97185902838793
1.6767	29.413605478504216
1.6789	29.926568966794537
1.6791	29.86452556012606
1.6798	29.314344888809703
1.6802	29.53705349533789
1.6818	29.2682228662228
1.6824	28.88262269408229
1.6833	28.726139631912908
1.6836	28.967599848530618
1.6846	28.980006773172672
1.6856	29.63082060482979
1.6859	29.878161862666072
1.6863	30.152021074672135
1.687	30.5100771959648
1.6879	30.27539209950988
1.6885	29.747537394785326
1.6888	29.474466006588067
1.6891	29.439797891112534
1.6898	28.55869309261085
1.6904	28.538172288249346
1.6911	28.776473473817234
1.6914	28.969917045816665
1.6918	28.568051546993527
1.6924	28.608184124915578
1.6937	28.617556453313334
1.6944	27.824214212040737
1.6953	27.37428591667637
1.6963	27.357059884914857
1.697	27.91085344606282
1.6977	27.97988617304393
1.6981	27.851047714743064
1.6985	27.950564452147734
1.6991	27.5776795392835
1.7	27.47498699808169
1.7006	27.892408174712713
1.7016	28.81085944596504
1.7026	29.330671150685895
1.7029	30.447122518880917
1.7038	30.64288578576939
1.7042	30.31563238704716
1.7045	29.93333638395366
1.7049	30.079255793798627
1.7056	29.77705575937399
1.7063	29.12164731503759
1.7072	28.963194639966673
1.7075	28.944409929262964
1.7084	28.173340764552847
1.7108	28.104326407937823
1.711	28.112808064250476
1.7118	27.878523651690045
1.7121	27.516330892408075
1.7125	28.007158132561045
1.7131	27.76353365120206
1.7134	27.54297507873548
1.7141	27.207499367838917
1.7157	27.11299127292091
1.7167	26.599106781788844
1.7176	26.492223564346446
1.7184	26.812707923561113
1.719	27.62155452740486
1.7194	28.32844350932111
1.7198	28.842089962981962
1.7205	28.74242218811037
1.7208	28.829831684251754
1.7211	28.062564740252178
1.7218	27.92357465426701
1.7221	27.65702184666677
1.7224	27.55239346275559
1.7231	27.282613897066156
1.7247	27.90987221469883
1.7251	27.583812239944233
1.7257	27.539276540420943
1.726	27.47187687216628
1.7264	27.46173519280882
1.7273	27.42778217366518
1.73	27.973096814355316
1.731	27.613522202610316
1.7313	28.037660959894875
1.7322	28.229585922078922
1.7356	27.794400104979587
1.7362	27.46361337188978
1.7365	28.10962393637727
1.7369	28.33161408940833
1.7377	28.81359953902729
1.738	29.121588824660776
1.7387	28.933437351714296
1.739	29.04648948696668
1.7393	28.784172860777613
1.74	28.34113448116577
1.7408	28.63348503227054
1.7418	28.52549722031613
1.7421	27.81457989519374
1.7429	27.619539805705873
1.7432	27.617217406348374
1.7438	26.94004824483201
1.7441	27.62820655810049
1.745	28.595497024070585
1.7453	28.866044596808248
1.7457	29.0384562550552
1.7462	29.15044801958883
1.7463	29.210484083473226
1.7465	29.48329017361187
1.7466	29.813204660147246
1.7468	30.145509738883213
1.747	30.62539447164216
1.7471	30.065005174548403
1.7475	29.375864873311567
1.7478	28.685324584146095
1.7484	27.67725059480274
1.7486	27.357622401800505
1.7491	27.74697801951703
1.751	27.653340077532903
1.7516	27.823638168532128
1.7522	28.09159495323543
1.7525	28.29157227667975
1.7526	28.097211868394417
1.7532	28.59263505966975
1.7535	28.49869429375557
1.7541	28.76043239975689
1.7545	28.898689627989068
1.7553	29.273714272539255
1.7556	28.63144424623684
1.7559	28.781637570229307
1.7565	28.755841206065284
1.7566	28.698448461439646
1.7567	28.23270458369081
1.7572	28.913286566177376
1.7574	29.337770556475355
1.7582	29.910601122870165
1.7586	30.085911432037566
1.7588	30.357380531200477
1.7593	30.327296031245485
1.7625	30.351470534048826
1.7628	30.600345949185364
1.7633	30.433757839251562
1.7636	29.826318466897703
1.7645	28.53210821746425
1.765	27.69569435341955
1.7654	26.790734999985773
1.7662	26.661209074732408
1.7665	26.640630242469175
1.7672	27.04277548212702
1.768	27.680390246601704
1.7683	28.348870111668816
1.7686	29.11912843343814
1.7692	29.901983222586868
1.7696	29.885651318989744
1.77	29.572530061010266
1.7705	29.15033386195385
1.7709	27.879645070070133
1.7729	27.299852259673962
1.7733	27.710356754777386
1.7736	28.43475651614724
1.774	29.140468361778744
1.7743	30.446391675331405
1.775	31.048519448352344
1.7764	32.17436482111594
1.7767	32.230714509186285
1.777	31.759000399343133
1.7771	31.115256830173905
1.7773	30.754408442684912
1.7779	29.94757755468348
1.7785	28.681012113843668
1.7787	28.046835588396963
1.7792	26.930961169639186
1.7796	26.27681975865974
1.7799	25.52197088197883
1.7803	26.405687628236056
1.7806	26.558252420548715
1.7809	27.267230898181573
1.7813	27.82576582783519
1.7823	28.220039854751167
1.7831	27.71731738617995
1.7834	27.839766252820688
1.7838	27.832909893024144
1.7841	27.829818476782194
1.7843	27.6102270060549
1.7849	27.763505969036423
1.7856	28.025349181952347
1.7867	28.148799043930826
1.7877	28.183364668270087
1.7899	28.506885791774316
1.7904	28.53322752439055
1.7909	27.40956529343547
1.7918	26.906795725640965
1.7925	26.492012144516075
1.793	25.923204146214264
1.8093	25.693788342727604
1.8147	26.584400787933497
1.8164	27.433110997995417
1.8183	27.72097070703276
1.8218	28.04511796782512
1.8236	28.443735792083253
1.8293	28.127223578099763
1.8313	27.79837451146426
1.8351	27.83746888965301
1.8372	27.621089195437857
1.8391	28.092330606763355
1.843	28.74782340774343
1.8551	29.63185184009371
1.8557	29.832375791015668
1.8561	31.14677852697235
1.857	31.15493112049259
1.8571	31.67087449672193
1.8579	31.255700362641196
1.858	31.750340301121444
1.8596	31.241967508856625
1.8603	31.381875665662605
1.8614	30.590673377684023
1.8628	30.43335114127866
1.8636	29.741337831164977
1.8647	29.786597661334202
1.8672	29.25949374056288
1.8681	29.014951540292138
1.8701	28.76785144264455
1.8702	29.050137291883196
1.8707	28.773085499766616
1.8713	28.46415450762602
1.8718	28.225257737610143
1.873	27.74841748997823
1.8739	27.50954299105074
1.875	26.426848571110565
1.8783	26.864265352319936
1.8796	27.11850101298612
1.8797	27.827251488262988
1.8811	28.306497071420136
1.8821	29.253982660627702
1.8833	29.303873011515567
1.8852	29.639674264211024
1.8857	30.107239381441524
1.8859	30.128249755744044
1.8862	30.811493958097387
1.8901	31.01528874562076
1.8988	31.695194956424125
1.9022	30.968267922325346
1.9086	31.126764577231285
1.9127	29.86023397182245
1.9173	29.58962315436843
1.9254	28.10455162735915
1.9262	28.233530209427943
1.9287	27.39024981422607
1.9307	27.441829541179555
1.932	27.156634770030585
1.9348	27.97219342028233
1.9386	28.29412296729156
1.9432	29.06459771765097
1.9472	29.790474412341563
1.9475	30.33643703483702
1.9513	30.438366121933083
1.9569	30.35161341126738
1.9577	30.22464254648048
1.9587	29.799079555683967
1.9589	29.20978370882925
1.9592	29.115275897103164
1.9593	28.40113094458086
1.9597	28.03089247274199
1.9603	27.999929541668592
1.9605	28.26106967452005
1.9608	27.797206870304322
1.9613	28.13424007554121
1.9615	28.2686113605687
1.9624	27.988422528389396
1.9626	28.12180663122265
1.963	28.036949997781004
1.9633	28.443174421280396
1.9643	28.295197869476542
1.9646	28.616976161453454
1.9653	28.51633689834415
1.9657	28.68334338582726
1.9663	28.567436845322987
1.9666	28.868083162485878
1.967	28.806288330349457
1.9686	28.819104179740332
1.9699	29.53009496896985
1.9701	29.434657163363745
1.9714	29.78333241937387
1.973	29.604142056247007
1.9764	29.39620036283683
1.9781	28.267920338858545
1.9793	28.507098078299638
1.9799	27.88606471476396
1.9814	28.09664614984964
1.9816	28.40961161483493
1.9819	29.081490694830457
1.987	28.5117930511627
1.9876	29.072764607239968
1.9882	29.49125638705821
1.9886	29.315350875786795
1.9888	28.731281898549813
1.9891	28.73193027268618
1.9893	28.022124510826433
1.9906	28.18081651853646
1.9911	28.092104409843046
1.992	28.516328330547278
1.9922	28.559832694465126
1.9925	28.992790258580737
1.9926	28.64031571554532
1.9932	28.515268246587087
1.9936	29.00658805076187
1.9938	29.568339937599788
1.9943	29.599123048611943
1.9947	29.482896005741416
1.9948	29.45544778662653
1.9957	29.424155414934848
1.9962	29.66673850060723
1.9966	30.237626129758556
1.9981	31.171183490502155
1.9989	31.59830181044693
2.0004	31.43022618899612
2.0008	30.958360653873097
2.0014	30.731574415232334
2.0021	30.469432776299904
2.0026	30.502758874682197
2.0031	30.465521146586955
2.0044	30.204714699375838
2.0051	29.772041612125822
2.0054	29.969188841289505
2.0055	29.42161705397987
2.0057	29.603952887293445
2.0058	29.953691774887545
2.0059	29.654947860037606
2.0061	29.14655285113554
2.0063	29.24923475303266
2.0064	29.416749845646475
2.0066	29.912671668759735
2.0068	30.345231242986806
2.007	30.044204571097556
2.0072	30.3349640878375
2.0073	29.761152888324336
2.0077	28.830450983090834
2.0078	28.317350084298656
2.0084	28.38755413987612
2.0089	28.390997864168632
2.0099	28.546784461688226
2.0106	28.70112090949596
2.0108	28.71335501920673
2.0109	28.285497150718708
2.0111	27.489506472050504
2.0118	27.42064682084068
2.0122	27.757234358218238
2.0123	28.626016531655786
2.013	28.515368455783438
2.0138	28.97679276917117
2.0175	29.0344118274644
2.0198	28.29516617649918
2.025	27.410049979925397
2.0267	27.824348632504456
2.0272	28.165949782846162
2.0279	27.689255932237444
2.0285	27.950552558572575
2.0295	28.181669150916264
2.0301	28.47632217928348
2.0304	28.068351237058366
2.0307	28.353001010210857
2.0314	28.76682691410179
2.0329	28.856029231879276
2.0336	29.08738322231311
2.0344	29.148935203908692
2.0357	29.52849594555624
2.0362	29.067337722022508
2.0368	28.776471246565297
2.0376	28.42776875873895
2.0378	28.15183952228764
2.0384	28.480974573290485
2.039	28.986121281799615
2.0401	29.329261961999745
2.0406	29.214238809300213
2.0411	30.06307147824641
2.0412	29.789888645680822
2.0419	29.356403249122536
2.0424	28.936249558314348
2.043	28.46058744420114
2.0433	27.83519917060617
2.0436	27.184186370278898
2.0444	26.794246989167164
2.0446	26.30181503394661
2.0449	26.31494909520306
2.0453	25.91067402011272
2.0456	26.146094912047957
2.0458	26.559275134857597
2.0463	27.614751789276063
2.0465	28.42605426159745
2.047	28.411591862047615
2.0473	29.211244153783475
2.0474	28.551523911338972
2.0479	28.20108520240645
2.048	28.28687325614904
2.0482	28.10556859485005
2.0484	26.999040444197398
2.0522	27.347490481261058
2.0532	27.174448314207577
2.0555	26.23213779526862
2.0559	26.40657834312033
2.0566	26.79903094271187
2.0581	27.115917833796903
2.059	26.75637367978091
2.0591	26.952560993759345
2.0599	27.71736054996593
2.0618	27.607490963276067
2.0628	28.27613568513603
2.0659	29.66938721311059
2.0691	30.50172953402069
2.0703	30.510724507003268
2.0714	31.3337931384369
2.0739	31.061518085253837
2.0764	30.5129164929047
2.0791	29.775099545885045
2.0804	29.842845232053232
2.0818	29.41217977339382
2.0832	29.64537567321113
2.0848	30.378741093538427
2.0878	31.104464158761996
2.0894	30.879253253397405
2.094	30.88593271469055
2.0973	30.906602047978033
2.099	30.14822544060568
2.0997	29.72931914971912
2.1009	29.716291003340995
2.1036	29.37187661373625
2.1051	28.552073818941942
2.1072	28.61186632537617
2.1074	27.904854847720877
2.1095	27.873162323326355
2.1142	28.62456793295945
2.1152	29.288215420130033
2.1166	28.72685297107726
2.119	29.36022571126136
2.1238	29.475885705941643
2.1263	28.374118124000923
2.1276	28.07520182911307
2.1288	27.468293858225543
2.1315	27.272177472707597
2.1335	27.539792332580543
2.136	27.690490733814915
2.1383	27.948473141721813
2.1436	28.877458440737215
2.1454	28.230522152595707
2.15	27.338520474562277
2.156	27.441491276916764
2.16	26.885849093482328
2.1609	27.290320223055698
2.1629	28.295029293147465
2.1644	28.772244578350165
2.165	28.576009085168184
2.1758	28.006133970907378
2.1775	27.6629290961932
2.1777	27.013935601061316
2.179	27.141285766036855
2.1821	27.62531925921888
2.1822	28.769891738620874
2.1836	28.418962626816516
2.185	28.943731699328296
2.1876	28.745188964795833
2.188	28.360112827095563
2.1881	28.140904902767847
2.1891	29.14944792423531
2.1892	28.732452033390253
2.1895	29.427594046650892
2.1896	29.742667045544792
2.1905	30.036726917875008
2.1907	29.15212943085874
2.1908	29.06666363534206
2.191	28.67143920429596
2.1914	28.888472708690678
2.1921	29.095526772959715
2.1927	29.669214550832216
2.1928	30.291097520805092
2.1931	29.937024423727014
2.1932	30.135567439905497
2.1934	29.506524207534227
2.194	28.890024659630843
2.1944	28.43184804553721
2.1945	28.824018158689572
2.1949	28.242721016830806
2.1951	28.637502123779356
2.1953	28.90363160344422
2.1954	29.16586463137672
2.1956	28.654276262576573
2.1959	28.751710156059218
2.1962	28.299698655234284
2.1963	28.32851919770797
2.1969	28.265749153159923
2.1972	28.339462766536155
2.1975	28.56361786446798
2.1977	28.144909484147206
2.1981	27.897468847905053
2.1984	28.19127419986651
2.1986	28.139170855175912
2.1987	28.468872927143725
2.1992	29.703343395631123
2.1996	30.32616673592737
2.2001	30.783964336234487
2.2005	31.30255886811962
2.201	31.147467006971286
2.2014	30.517111005905395
2.2015	29.931628774956824
2.2023	29.726608033514964
2.2027	29.244874422979503
2.2033	29.229103625183566
2.2044	29.294608051761344
2.205	29.305754265401717
2.2055	28.778440112373524
2.2061	29.352844838261575
2.2065	29.228996009253166
2.207	29.053768556835834
2.2074	29.388423712696426
2.2083	29.91538311749383
2.2098	30.17355847048083
2.2104	29.978739450859806
2.2108	30.20728916417985
2.2113	29.245998542261983
2.2119	28.488850276558534
2.2177	27.80323434647014
2.2188	27.154109489035957
2.2198	26.64715497160727
2.2208	27.20517960886925
2.2217	27.87751365259218
2.2222	28.11386582870196
2.2235	28.805316188820523
2.2238	28.628602027382087
2.2241	28.67814738006072
2.2246	28.552340970824545
2.2254	28.33721184799324
2.2262	28.73565539059676
2.227	29.590163432859946
2.2279	29.725453414060162
2.2288	30.023569914881744
2.2291	30.772049114031837
2.2295	30.805940722666556
2.2303	30.681037876443604
2.2321	30.789488352632315
2.233	30.344043651792504
2.2335	30.082354697262748
2.2343	30.022202226616706
2.2346	29.7372968345691
2.2349	30.210997764120865
2.2354	30.756624303119487
2.2357	30.722005632650355
2.2366	30.666291096446617
2.2372	31.45644129177313
2.2376	30.82185654135423
2.238	30.660711500174028
2.2383	30.759327460710352
2.239	30.4558967836542
2.24	30.06911639067469
2.2404	29.889695786764523
2.2408	29.60432272778574
2.2411	28.598082869328188
2.2419	28.22469015323413
2.2422	27.984068898755396
2.2423	28.285472373467723
2.2427	27.966463745970565
2.2438	28.048995313511472
2.2445	28.331378379411564
2.2473	28.175284133954925
2.248	27.844033976102793
2.2486	28.34484857362245
2.2493	28.847246285413885
2.2498	28.780798037664418
2.2502	28.47636255133718
2.2508	28.741549229296638
2.2511	28.222504020079597
2.2513	28.60703572438332
2.2519	29.094780453615265
2.2522	30.202415113474327
2.2532	30.248378432683413
2.2538	30.970968817711846
2.2544	30.823410127601534
2.2548	30.60379412857502
2.255	29.489620049395313
2.2555	29.34539663043562
2.2556	28.248707915741782
2.2572	27.976551549358543
2.2576	28.050346877564305
2.2579	28.277915020332568
2.2582	28.4426678121635
2.2592	29.12895061337028
2.2602	29.08494778726819
2.2606	29.09986399114751
2.2615	29.645161999616988
2.2632	29.633310655447776
2.2638	30.000747647255103
2.2643	30.188486614658714
2.265	29.693047113468744
2.2656	29.057922054835693
2.2668	28.92816113552935
2.2683	28.404168601482766
2.2688	28.420824648872596
2.2692	28.340573064233947
2.27	28.968613086974816
2.2718	28.972285001823103
2.2727	28.734682770780264
2.2734	28.075539379927676
2.2738	28.968272888995518
2.2741	29.03925215755437
2.2753	29.404225721021078
2.2759	29.880579813774833
2.2782	29.84257554547428
2.2785	28.994963631465158
2.2792	28.391813479281623
2.2796	27.765055297897415
2.2808	27.28073645865866
2.2814	27.782925268314703
2.2822	28.43995795855199
2.283	29.212875948728392
2.2841	29.831801916265185
2.285	30.25316842955315
2.2852	30.332639082688743
2.2863	29.86653647098292
2.2866	28.736581685508558
2.287	28.494608012289284
2.2875	27.7388192120672
2.2879	27.485238535007653
2.2908	27.833563564462107
2.2912	28.37747465771043
2.2913	28.819369354868662
2.2915	29.540830787214414
2.2918	29.51342899025512
2.2921	29.144907150076307
2.2928	29.16546584624573
2.2931	29.017975369783368
2.2935	29.30690943019691
2.2936	29.66229578983164
2.294	30.37643877855837
2.2943	31.039267267652914
2.295	30.931735370768905
2.2952	30.602283131170847
2.297	30.497608664529878
2.2979	30.219444460527523
2.2989	30.063871683903848
2.3017	29.85485758175118
2.3021	30.047884341601836
2.3031	29.852957785704923
2.3034	29.14878734265894
2.3036	28.01000569769956
2.304	27.699058615932277
2.3049	27.01340041942578
2.3057	27.76003156195978
2.3086	28.37192817001719
2.3092	29.194327017333613
2.3102	29.986743265670434
2.3116	30.200307702257987
2.312	29.74346009639157
2.3125	29.59281826834342
2.3129	29.502128214707245
2.314	29.215808308614168
2.3149	29.450490645436624
2.3153	29.693242754338694
2.3159	29.856477235120046
2.3163	29.86740044089756
2.3166	29.584926735468464
2.3172	29.343122617028122
2.3176	29.74304442533205
2.3179	30.163950966964766
2.3188	30.560465480103435
2.3197	31.387793702390525
2.3199	32.61469595647475
2.3201	32.4054980429455
2.3209	31.699806088142267
2.3211	31.372771958487135
2.3215	30.621837585997756
2.3222	29.487975969376055
2.3226	29.29864879453092
2.3236	29.045112201690003
2.324	29.04967240289373
2.3242	28.653543406725912
2.3248	28.690325835710034
2.3251	27.772986316514572
2.3255	27.683955303193834
2.3261	26.59551561259386
2.3263	26.472954538440995
2.3266	26.42712110660713
2.3272	27.299199276004213
2.3289	27.88958394328505
2.3298	28.72486739137196
2.3306	29.159477309411262
2.3323	29.359690366154553
2.3326	29.410111249079602
2.3333	29.640419356391863
2.3336	30.228452329312177
2.3352	30.62030789889368
2.3357	31.016083911845566
2.336	30.823023738942194
2.3363	30.828996748264778
2.337	30.22554625632063
2.3373	29.910782044074107
2.3376	29.12612324317523
2.3383	28.813092264493513
2.3386	28.496656033501598
2.3388	28.76310561119443
2.3397	28.462472604991426
2.3402	29.681755414440214
2.3405	30.442037322857754
2.3409	30.485259394481194
2.3417	30.551711364025646
2.3427	30.547506808063574
2.3433	29.72594152167694
2.3438	29.418848901162953
2.3441	29.075005056131303
2.3446	28.837124276345932
2.3457	28.675250450165915
2.3462	28.925649021640474
2.3465	28.00528145170937
2.3468	27.736939946229118
2.3473	27.192471407390165
2.3476	27.45830923849758
2.3488	27.0649129199782
2.3493	27.906794842837932
2.3497	28.9310092989135
2.35	30.18714359759674
2.3508	30.900333398307804
2.3517	31.354764282725842
2.352	31.646099183620926
2.3526	31.076787373760485
2.3535	30.360568470629254
2.3552	30.30216812797246
2.3554	30.257598851093896
2.356	29.997386059845798
2.3563	30.686979829196527
2.3565	30.525467969661985
2.3569	30.194847191297523
2.3573	30.489252037345885
2.3577	30.603933781308264
2.3583	30.163098001817016
2.3592	30.226637436558445
2.3595	30.01993505700823
2.3597	29.596185646440336
2.3602	29.010346217689275
2.3605	28.250740248230283
2.3607	28.159410138827404
2.3615	28.463744274155587
2.3617	28.881949929319
2.3626	29.531610369160948
2.364	30.344884498666406
2.3647	30.513197613436926
2.366	30.200488173113094
2.3663	29.863742094164675
2.367	29.97884315691444
2.3671	29.961647215279978
2.3673	29.844255683570033
2.3681	29.77605393907117
2.369	29.767918882985608
2.3694	29.45985235961464
2.3704	29.892115344290826
2.3707	30.633607521712555
2.3712	31.017302112945185
2.3714	30.93670712165382
2.3718	30.66273453786434
2.3721	30.01706582378307
2.373	29.052859167944558
2.3738	28.610795350425324
2.3744	28.867969251306477
2.3747	29.034678099693355
2.3755	29.014795611289387
2.3762	29.725652120462836
2.3765	30.207563085675357
2.3767	29.691922082313216
2.3774	29.602609881407425
2.3776	29.781966589688356
2.3783	29.95121120488977
2.3785	30.143696034773438
2.3789	31.153564996083354
2.3794	32.015099287235856
2.3797	32.34033868329468
2.3798	31.9143437980738
2.3804	31.56404486563725
2.3806	31.354122769389274
2.3814	30.837723224263236
2.382	30.63139479956935
2.3822	30.53133864775292
2.383	30.392511430155523
2.3833	29.236742169207737
2.3836	28.592064493815784
2.3841	28.135845578361515
2.3843	28.03179526381381
2.3861	28.332568729643892
2.3865	28.600114517852546
2.387	28.468470284446617
2.3872	28.660814276519734
2.3882	28.53927600976498
2.3898	28.53731877562145
2.3903	29.252626654911275
2.3906	29.63003804122981
2.3909	29.846003839386217
2.3925	30.375156788471877
2.3929	30.43798247994809
2.3936	30.467474342336466
2.3944	30.615138275844796
2.395	30.302479024053454
2.3953	29.48522322720416
2.396	29.527493886050134
2.3963	29.005430502377347
2.3969	28.63434659743398
2.3973	28.668151922722217
2.3995	29.009023912258982
2.4004	28.667028922534094
2.4009	28.84979849327709
2.4016	29.420899016234994
2.4019	29.997999705551145
2.4025	30.146352383109214
2.4028	30.16202545492621
2.4031	29.691487653074084
2.4037	29.82735234088514
2.4041	29.52411383233174
2.4047	29.47577605607163
2.4052	29.7040151679154
2.4075	29.86514047401203
2.4081	29.09594782917909
2.4089	28.898999296193
2.4097	28.779158753714004
2.4116	28.62144265509985
2.4124	29.27690097517436
2.413	29.269625371133557
2.4149	28.895536523634256
2.4152	28.900767537694513
2.4161	28.604580965964995
2.4176	28.634471634289795
2.4178	29.142490429578803
2.418	29.484913432978736
2.4187	29.607903427210722
2.42	29.522383839897753
2.4206	29.176126501470264
2.4212	29.14154781440886
2.4217	29.12109570305332
2.422	28.850931517879914
2.4223	28.68530757457384
2.4227	27.90895963282703
2.4231	27.72546114381102
2.4237	27.579614521004903
2.424	27.487904163280014
2.4242	28.06715671729857
2.4249	28.479179514534962
2.4254	28.740093259294124
2.4262	28.970619451190036
2.4265	29.167895343894543
2.427	28.632471904392943
2.4278	28.913732487744007
2.4281	28.535403366939825
2.4287	28.60118113055804
2.4289	28.958300180081505
2.4292	29.631213999451532
2.4293	29.942026917078163
2.4298	30.814119833605123
2.4308	31.303963620017285
2.4311	32.13193675310916
2.4317	31.52100682711571
2.432	31.01050870147696
2.4322	30.527200192676542
2.4326	29.84447655441757
2.4337	29.043035045260286
2.4344	29.22157733147127
2.4351	29.448930564327156
2.4356	29.318606617035506
2.4363	29.259499567035373
2.4365	28.744713986121578
2.4367	29.146498028578588
2.4372	29.120751461092024
2.4375	29.00841337666885
2.4383	28.999252893246354
2.4386	29.624047436811185
2.4387	29.84340400550543
2.439	29.89301248734087
2.4395	29.852748568515814
2.4399	29.98907976386013
2.4406	29.251897126860236
2.4411	29.049404412730336
2.4432	28.96784651371824
2.4434	28.60595178479367
2.444	28.749254460444895
2.4442	29.03153815982852
2.4451	28.672395178694515
2.4456	28.57627594922235
2.4462	29.178215177809193
2.4464	29.25046726387318
2.4469	29.63361108366109
2.4474	29.710328926739514
2.4482	30.20478076305034
2.4484	30.203301804231167
2.4489	30.417506439726694
2.4491	30.01557407675564
2.4493	29.930851673675026
2.4498	29.534673664659397
2.4503	29.453773286447056
2.4514	29.50677767372054
2.4517	29.834534669051195
2.4521	30.144050083703046
2.4526	30.03317585489902
2.4529	30.149782507423936
2.4533	29.819733921779402
2.4534	29.52126198816961
2.4537	29.24575016888899
2.4538	29.442517667370335
2.4541	29.204571518099105
2.4545	28.708494379446766
2.4549	28.683535823849784
2.4554	28.46763015922407
2.4562	28.032464830722624
2.4582	27.590629104725533
2.4588	27.893977556683787
2.4591	28.15522675649608
2.4593	28.593654825907798
2.4594	28.785472801554857
2.4597	29.499037539970626
2.4604	30.05479599831982
2.4617	30.50782767994617
2.4624	30.175840042443415
2.4633	30.373567073885038
2.4637	29.68169352647618
2.4642	29.15196109325693
2.4644	28.155201479676663
2.4646	28.138572793216913
2.4652	27.90491042842809
2.4659	28.534268994263275
2.4661	28.88221777598411
2.4665	29.872137041630108
2.467	30.26870866889629
2.4673	30.802288500459102
2.4676	30.71655857686209
2.4684	30.345019068691826
2.4689	29.52474185197645
2.4692	28.96484024187327
2.4696	28.573777035489908
2.4697	28.793439163255012
2.47	28.547634302573183
2.4703	28.83567124775582
2.4724	28.683176067691733
2.4732	28.608674215231037
2.4737	28.62373858946942
2.4738	29.089827652200956
2.4742	29.668672892999613
2.4745	31.141330824194288
2.475	31.16606539490486
2.4753	31.22761272226556
2.4755	31.711425324983498
2.4763	31.064308240114222
2.4769	30.476299372964014
2.4773	30.378135288747636
2.4779	30.063248061458083
2.4787	28.865688511799274
2.4791	28.905524569125593
2.4795	28.76289402539602
2.4797	28.63302754264498
2.48	28.471248118566788
2.4804	29.434128978893
2.4805	29.279298181125316
2.481	29.13944030380187
2.4812	28.99073917017138
2.482	28.853525698626385
2.4822	28.321109356647696
2.4827	28.531793839742427
2.4829	28.288168279948493
2.4832	28.842840728150513
2.4836	29.236275928697484
2.4838	29.698852821181145
2.4841	29.648456072083928
2.4845	29.17543390532338
2.4848	28.54229739622336
2.4851	28.203884038839362
2.4857	27.85331380579759
2.4859	28.044681893648786
2.4865	28.56399172885028
2.4867	29.45180325339417
2.4873	30.077908658925548
2.4876	30.18863970520578
2.4886	30.148605561478732
2.4892	30.36505516147788
2.4894	30.2999790209487
2.4896	29.825272708965745
2.4899	29.45293969341745
2.4901	28.929027293343815
2.4903	28.680737533707553
2.4906	28.744745218764194
2.4912	28.88265219107566
2.4917	29.246243114303905
2.492	29.985444139752772
2.4927	30.361168180616662
2.493	29.930483581314657
2.4936	30.046469400153878
2.4938	30.37795525480665
2.494	30.282688012507816
2.4949	30.011567189182706
2.4953	30.14195252415709
2.4961	29.946335851289202
2.4964	29.293453347538907
2.4975	29.17396960506296
2.498	29.21548451352031
2.4983	28.985203789131862
2.4989	28.76830534660211
2.4991	28.650425690631614
2.4995	28.489887756662394
2.4997	28.459394269661285
2.4999	28.466408967372868
2.5002	28.99627673506806
2.5004	29.395691786596302
2.5006	29.463535700094027
2.5009	29.76941822601791
2.5011	29.76000714732103
2.5013	29.584435344992155
2.5016	29.3591585957778
2.5017	29.33736868976174
2.5018	28.872763769731748
2.5021	29.106541467721804
2.5025	29.34966184422533
2.5032	29.519588330313006
2.5035	29.56016279687664
2.5042	29.9412638890676
2.5047	30.18388208753689
2.5054	30.2869812483644
2.5056	30.9144759730351
2.5059	31.21278682241194
2.5061	31.166362581512498
2.5062	31.195782127540273
2.5064	30.857439532292297
2.5066	30.559721589050394
2.5069	30.38206659695384
2.5073	30.212952376185804
2.5078	29.69420865328645
2.5085	29.61036184060979
2.5088	29.677866512821183
2.5091	29.63770498669321
2.5093	29.63339827188737
2.51	29.072576094549255
2.5106	28.667293844906588
2.5112	27.82510410612102
2.5117	27.547189335974373
2.5132	27.657789936699306
2.5134	28.29509363211067
2.5135	28.428358931039813
2.5141	28.931150424908925
2.5143	29.241720114643698
2.5148	28.99269447773169
2.5155	29.052866684294337
2.5159	29.73368508487588
2.5161	30.41394503668842
2.5163	31.0050727971635
2.5167	32.09565448510202
2.5174	32.84921396115773
2.5178	33.372983749132906
2.5185	32.66545844287501
2.5189	32.1966856598224
2.5191	31.283988781759188
2.5196	30.682541121504933
2.5204	29.59419891316252
2.5209	29.65109371431289
2.5214	29.14245150368158
2.522	29.168038972962513
2.5228	29.13101888647397
2.5234	28.986427032161462
2.524	28.69840409937965
2.5242	28.88400353768268
2.5246	28.827538719174683
2.5247	28.90383595228069
2.525	29.29367162751601
2.5255	30.043147151005616
2.526	30.687740614737702
2.5263	30.91973934471753
2.5266	31.067042240156415
2.5267	31.282719807136203
2.5268	31.079995065036773
2.5272	30.628707152430376
2.5274	30.745174986400382
2.5276	30.636856792649397
2.5282	30.450424023465235
2.5288	30.495017295608253
2.5293	30.618672799747987
2.5295	30.361459286093062
2.5296	30.073895438476193
2.5299	30.144073342514336
2.5302	30.84693303826225
2.5304	31.45176365245266
2.5308	31.433977441088224
2.5312	31.33581764011634
2.5317	31.54881379368151
2.5321	30.70091846566785
2.5327	29.88589644409979
2.5332	30.26067157686329
2.5337	31.49873885971425
2.5339	31.821260046401907
2.5343	32.15530093055101
2.5346	32.49395567947966
2.536	32.320937975634116
2.5363	31.392390213951728
2.5367	30.911140885091307
2.5369	30.865978632943854
2.5372	31.09119004619905
2.5374	31.085130230897935
2.5381	31.13190833217077
2.5387	31.343276690130153
2.5389	31.148343115608778
2.5394	30.553042223283448
2.5397	30.99013097269908
2.5403	31.27364917013943
2.5404	31.10869347319095
2.5409	30.76510031747436
2.5413	30.270635745859945
2.5417	29.34026636996065
2.5423	28.57146512908561
2.5427	28.60124868818115
2.5434	28.749885375433415
2.544	29.269178362334372
2.5441	29.354397195026714
2.5443	29.666466342818115
2.5444	29.42509169140239
2.5446	29.7282687535424
2.5448	30.417084104092112
2.5451	31.052479948247267
2.5453	31.434913007317796
2.5454	31.524622152312222
2.5461	31.31578738373006
2.5466	30.670246775841406
2.5467	30.092277350263824
2.5469	29.41159970783832
2.5471	28.64094787862247
2.5474	28.33678530859104
2.5478	28.13785059694115
2.5506	28.150086358840834
2.5508	28.565497559670664
2.551	28.903817412201125
2.5512	29.294555739409653
2.5516	29.561924927643865
2.552	29.51902484769877
2.5523	29.205692801303663
2.5524	28.990221696991895
2.5526	28.728931705153347
2.553	28.449546251281422
2.5533	28.545464045094153
2.5535	29.046003520526316
2.554	29.65558054533058
2.5547	29.519131253169117
2.5552	29.40780752533363
2.5556	29.167638152227596
2.556	28.991208277671067
2.5566	29.057694518402425
2.5569	29.17882683094837
2.5571	29.41433853420605
2.5572	29.826305572105714
2.5574	29.34773144808145
2.5578	29.028549026192486
2.5587	29.41363125530771
2.5589	29.550917509255036
2.559	29.885140303638867
2.5594	30.944610822082016
2.5596	31.44043556448202
2.56	31.40316601923046
2.5604	31.904778978689638
2.5606	32.03400596171372
2.561	31.53198491186285
2.5614	31.465290349289507
2.5616	31.657143934745353
2.5617	30.94361083723473
2.562	30.627893693948682
2.5622	30.523796111594457
2.5627	30.115173367389055
2.5638	29.812472045520618
2.564	30.360699692643482
2.5642	29.898657638624698
2.5645	29.952323509479527
2.565	30.41626422338964
2.5655	30.511261812635645
2.5661	30.173554169046675
2.5667	30.469153278175334
2.5671	30.050662238910967
2.5677	29.658092317178465
2.5683	29.62835104072915
2.5684	29.607063859633605
2.5691	29.424391301242576
2.5697	29.330478850692682
2.5702	29.385885375756512
2.5705	29.430391127343153
2.571	29.737050873318605
2.5715	29.97302733484795
2.5717	30.406210916659912
2.572	30.43597430470863
2.5722	30.660871060973168
2.5723	30.73692806876851
2.5726	30.930001470479908
2.5727	30.71719000360508
2.5728	30.879721164346606
2.5731	30.510856492220505
2.5733	30.12744517292044
2.5738	30.365702110679425
2.5739	30.89234519173403
2.5744	30.736777269077983
2.5746	30.412351166007667
2.576	30.80743812259029
2.5765	30.2705388018089
2.5767	30.042493231448333
2.577	29.576380906457864
2.5798	29.97073629237123
2.5802	29.400032928273372
2.5804	29.335685791201072
2.5805	29.112960336967372
2.5808	28.91250860360981
2.5809	28.394907126579582
2.5813	28.27261810440534
2.5816	28.45733337404561
2.5819	28.49609205102229
2.582	28.783232026671858
2.5822	29.106363324281354
2.5825	29.1926863409052
2.583	29.31815949119066
2.5835	29.473461144351944
2.5838	30.038383722140903
2.5841	29.801912319301255
2.5843	29.93770282099624
2.5844	29.862892371276253
2.5854	30.131121079677925
2.5858	30.261870675780763
2.5873	31.015320041333336
2.5874	31.513040903816357
2.5876	31.34833641322759
2.5878	31.056346015307074
2.588	31.00045619432957
2.5881	30.306284357970416
2.5884	29.892249967696348
2.5886	29.54821887571705
2.5887	29.296072839998597
2.5889	29.07466243206014
2.5891	29.527312523830776
2.5895	30.036608761138325
2.5898	30.66942034428031
2.5902	30.7127384026076
2.5906	30.5580938556229
2.5908	30.30211571563568
2.5911	30.6379841977044
2.5913	31.07565466480582
2.5915	31.17865898310995
2.5919	30.922575160730045
2.5922	31.07836407549959
2.5926	30.104526761123466
2.5929	29.791673771743188
2.5934	30.18456924389456
2.5937	31.150174520268656
2.5941	31.172798616133072
2.5944	31.125740296570413
2.5948	31.317540195029796
2.595	31.183617809659044
2.5954	30.214808001640698
2.596	29.907788982848082
2.5968	29.942138415303194
2.597	29.50279673902521
2.5971	29.63009614450712
2.5972	29.93729285954235
2.5973	30.397781583577103
2.5981	30.537482330116347
2.5983	31.222556684999432
2.5989	31.102274778413808
2.5991	31.665585856602046
2.5994	31.7184666208378
2.5999	31.666760806889293
2.6003	31.10721313705202
2.6005	30.788434891220675
2.6006	30.28093398973736
2.6008	30.033876700102823
2.6011	30.41853240967041
2.6014	30.711886255648647
2.6016	31.013483554441073
2.6018	31.623450119808393
2.6021	31.926498201095686
2.6024	32.5144064564342
2.6029	32.6969725861119
2.6032	32.87662830147597
2.6036	32.821229582373675
2.6038	33.101283323738045
2.604	32.44550915499751
2.6043	32.25698415566822
2.6044	32.34359046318811
2.6045	31.987679359647824
2.6048	32.268580087688775
2.605	32.90330294363063
2.6061	33.1209314706674
2.6066	33.3547583518724
2.6073	33.64558106399011
2.6074	32.83825809958668
2.6078	31.684237039514173
2.608	31.002991650548694
2.6084	30.368791141429714
2.6089	30.085943076746787
2.6098	29.707989398208117
2.6102	29.95092878098648
2.6105	30.12047248233227
2.6106	30.24738130977223
2.6107	30.249506770238103
2.6108	30.38154524837559
2.6112	30.419510107082182
2.612	30.244015936368314
2.6122	30.572210309781596
2.6125	30.985058412945868
2.6127	32.00944543880445
2.6128	32.924470911548866
2.6132	33.61055852889122
2.6134	33.55691249839581
2.6136	33.36684457798209
2.6137	32.64862094047381
2.6139	32.463024234875185
2.6144	32.17882997186036
2.6145	32.406544439070224
2.6147	32.358755200285835
2.6152	32.4340358599561
2.6157	31.83929354919754
2.6161	31.54224426955159
2.6165	31.431812901180564
2.6167	31.769718406412363
2.6171	32.42043162970601
2.6173	32.54133400962709
2.6175	33.095696757050504
2.6176	33.023884109282584
2.6181	32.490051496090885
2.6182	31.989151431867647
2.6183	32.36976337319849
2.6187	31.952661802100497
2.6188	31.756135053226764
2.6194	32.17493366148595
2.6198	32.070218994882524
2.6199	31.56522282718429
2.62	31.736172830432608
2.6203	32.26233044164308
2.621	32.51558844383337
2.6215	32.6391428316006
2.6217	32.75405743462138
2.6219	32.824965843020664
2.6221	32.70208700907401
2.6223	32.165614470821765
2.6233	31.885191829548955
2.6236	31.656332848975417
2.6239	31.183541842776588
2.624	30.766750587942205
2.6245	30.908131320578526
2.6248	30.961084294116866
2.6251	30.995473939197073
2.6253	30.99634279880501
2.6255	31.337505744493903
2.6256	31.105225926973322
2.626	30.69575790029442
2.6262	30.755809150481575
2.6282	31.195637192129034
2.6284	30.49406244345448
2.6289	30.553833217780657
2.6291	30.903320043613892
2.6294	31.147188732147043
2.6296	30.662039373732995
2.6299	30.972758138208988
2.63	31.26148847234398
2.6304	31.256585946251704
2.6306	31.227175400714042
2.6307	31.104982882704515
2.6312	31.001769404872057
2.6318	30.50539498907883
2.6321	30.55640601535535
2.6322	30.157993161956966
2.6323	30.512190262752434
2.6326	31.062323134237595
2.6332	31.479824787388182
2.6336	30.64404161092872
2.6339	30.471707084163512
2.6341	30.58368212466496
2.6345	30.04016833725164
2.6348	29.63525869638331
2.6353	30.564472877170925
2.6354	31.00635735660213
2.6356	30.6609051903859
2.6358	31.085950133535512
2.636	31.859267473949036
2.6371	32.064539758322624
2.6375	32.6153271618175
2.6379	32.9522063960218
2.6386	32.84572314043592
2.6387	32.73298124562631
2.6388	32.70733186510875
2.6389	32.33064066106975
2.6392	32.23196070726783
2.6393	31.97807564500918
2.6394	31.414160855740107
2.6395	31.247154052846845
2.6397	31.065864364030077
2.6398	31.230907203678292
2.64	31.224988706912267
2.6404	30.755939932104436
2.6412	30.40055633014121
2.6416	30.64348908933075
2.6417	30.425865564336046
2.642	30.327214791314507
2.6421	30.560558361149788
2.6427	30.972552153857553
2.6428	30.998956693651404
2.6432	31.49981666125551
2.6434	31.52354173870847
2.6436	31.921734968366888
2.6437	31.31690010219935
2.6438	31.416002121522215
2.6439	30.893332948425282
2.6458	31.064208898950316
2.6459	31.220894305916822
2.646	32.314578124688744
2.6461	31.95600237441658
2.6462	32.4258311440069
2.6463	32.64762880153403
2.6465	32.34471214327142
2.6467	31.299875790180852
2.647	31.002114285203756
2.6471	30.09555721464043
2.6474	30.53573637616877
2.6481	31.43462469517878
2.6485	32.05645184925422
2.6487	32.37831841993777
2.649	32.60241201424126
2.6492	31.82208923643677
2.6498	31.023973893021157
2.6502	30.88193416935432
2.6504	31.25494542571544
2.6506	31.054302965344895
2.6508	31.144671665464728
2.6511	30.99214988351306
2.6514	31.131505089653107
2.6515	30.811860935642905
2.6518	31.39067179094377
2.6519	31.226237287454055
2.6521	31.139058207277266
2.6525	30.918022281374895
2.6527	30.862795853768414
2.6529	30.97345317168232
2.6531	30.809763202757615
2.6534	30.83362102387529
2.6536	31.284368744748946
2.6541	31.40865112257018
2.6551	31.74222688411451
2.6555	32.40157726642056
2.6557	32.73473238164217
2.656	32.19330166849676
2.6562	32.08935947878072
2.6565	31.763188448600996
2.6566	31.628136385626785
2.6569	31.399186415458885
2.6571	31.563347405804443
2.6573	31.907903619100104
2.6578	31.516040605720804
2.6581	31.540162519400965
2.659	31.803595866400265
2.6594	32.098576228093066
2.6596	31.73984517434886
2.6598	31.679492076482536
2.6599	31.74370030500249
2.6601	31.566744219281272
2.6602	31.24287844564261
2.6603	30.993764456997702
2.6604	31.021664869447797
2.6606	30.455422933377534
2.6613	29.85970752044381
2.6619	29.753169790286957
2.662	29.82725761139437
2.6621	29.71155233760929
2.6625	30.07553055188789
2.6626	30.829983333698898
2.663	30.895248777049858
2.6632	30.980173584104083
2.6634	31.08654916036162
2.6652	30.860942504041425
2.6655	30.151120088619777
2.6656	29.859841313594078
2.6658	29.942823114955292
2.666	29.763711008497545
2.6663	29.379058384079233
2.6668	29.71952017578184
2.6671	29.772881758748245
2.6675	29.80683618267435
2.668	29.97937924480486
2.6682	30.558558906151706
2.6686	29.755124934227386
2.6689	29.37249280037957
2.6691	29.978509186060855
2.6695	30.66402569381454
2.6701	30.85352552243766
2.6703	32.12442706593755
2.6705	32.67495856606712
2.6706	32.00247089656223
2.6707	31.26164406706308
2.6709	30.38088536553499
2.6712	30.738452058393783
2.6713	30.78198447713197
2.6716	31.21518243942215
2.6718	31.970195836055694
2.6726	32.84714434304192
2.6727	32.10321512603045
2.6728	31.93210406345649
2.6731	31.103706813161384
2.6734	30.27355169525097
2.6735	29.775778370944533
2.6737	29.767604906392446
2.6738	29.96344604032416
2.6741	30.36537598505009
2.6744	30.887942291562055
2.6748	31.117829127913133
2.6749	30.746951105285174
2.6752	30.09413798248728
2.6757	29.374468503358568
2.6762	28.774516411644782
2.6763	28.82221445905112
2.6766	29.65875674246943
2.6767	30.11231843094494
2.6769	30.68770389763456
2.6775	30.765382947857074
2.678	30.782437058785753
2.6784	30.789328292799972
2.6785	31.11292128711677
2.6786	32.03159602129163
2.679	32.75899431565753
2.6803	32.648899260207955
2.6804	32.2659210242444
2.6805	31.798643892848933
2.6806	30.885165504564768
2.6807	30.729499377628283
2.6808	30.905892386738458
2.681	30.82993935263029
2.6813	30.92844823340689
2.6815	31.437389868642406
2.6818	31.071264140568836
2.682	31.143634961819792
2.6821	30.804187296284105
2.6823	30.597280503727976
2.6825	30.058288461258563
2.6828	30.135825997077685
2.6829	30.341268538711414
2.6832	30.89142539990266
2.6833	31.49235180909659
2.6834	31.336519515026023
2.6835	31.598973344746994
2.6836	31.118864456601564
2.6837	30.773552314778286
2.6839	30.512642124137052
2.6842	30.399763047298745
2.6844	30.41310926886688
2.6845	30.71389167100196
2.685	30.91080099442348
2.6854	31.422894966813413
2.6856	32.16067385023113
2.6857	32.64863408041291
2.6859	32.80559693104223
2.6861	32.986013777689216
2.6862	32.40705312537115
2.6865	32.113677916655625
2.6868	31.496351660761576
2.6871	30.87829471998964
2.6875	30.812799011052558
2.6876	31.369941101033675
2.6877	31.225222466281135
2.6879	31.158629782198332
2.688	31.568211692593927
2.6882	31.917035403046114
2.6883	30.805055791128193
2.6884	30.486283848511007
2.6886	30.136343724470088
2.6888	29.741579070845063
2.6891	29.66809665877936
2.6894	30.53888317603172
2.6896	31.08891463490437
2.6898	31.626352758922792
2.6899	32.08662997614548
2.6902	31.5352374377205
2.6903	31.33724496226933
2.6906	31.035452763146317
2.6907	30.326846802134927
2.6909	30.058667129332946
2.6911	29.95624256545484
2.6925	29.598563946789735
2.6928	29.714253441911612
2.6936	30.142935245903047
2.6938	30.383289717305683
2.6941	30.819522287639582
2.6942	31.684526817945198
2.6943	32.18713635145381
2.6945	32.07276168381368
2.6946	31.625980592546643
2.6948	31.640672182948396
2.6949	31.31794768383212
2.695	30.9267285582241
2.6951	31.350708668246302
2.6952	32.02338442024543
2.6954	31.986854331740105
2.6963	31.56785080704271
2.6966	31.762434209950086
2.6988	31.44298575013131
2.699	30.90013830429337
2.6992	30.477533740518297
2.6993	31.278213053317558
2.6994	31.736599316238756
2.6996	31.9580803459584
2.6999	32.59173112949178
2.7002	33.35670351328357
2.7005	32.43599247581425
2.7006	31.15323853573905
2.7007	31.134694114694824
2.7008	31.133928644527398
2.7011	30.48329814100233
2.7014	30.86332556135311
2.7017	31.134375023590664
2.702	30.2575907653219
2.703	29.69578773215034
2.7032	29.40506762469204
2.7035	29.513171836847185
2.7039	29.892626999223044
2.7041	30.408219105965102
2.7045	30.20068714316486
2.7047	30.746730004195665
2.705	30.31061191862505
2.7053	30.170065303485952
2.7055	30.382453177231
2.7057	30.80171964372687
2.7058	30.621175045166552
2.7059	30.848254767679233
2.706	30.622796140129683
2.7061	30.968737713424613
2.7063	30.963280880798767
2.7071	31.172448240150377
2.7074	31.167837246364602
2.7076	31.706352302621106
2.7078	31.180002695259198
2.7086	30.703157051210205
2.7088	29.97736476802717
2.7089	30.414511779354
2.7091	30.33993476540001
2.7092	30.560379108203826
2.7095	30.675734411377803
2.7098	31.107147943535786
2.71	30.2784089990453
2.7101	30.56991751050828
2.7103	30.597859927529292
2.7114	30.971812347216044
2.7119	30.88466819165844
2.7122	31.207156143443978
2.7124	30.970252588642474
2.7125	30.995007993971317
2.7126	31.128733102536284
2.7127	31.35575237968986
2.7129	31.034918113490757
2.7131	31.05658061557541
2.7136	31.4362121732894
2.7138	31.016778802658287
2.7142	30.9421035153944
2.7147	31.127865392577206
2.715	30.461044765304752
2.7151	29.799107289637952
2.7152	29.35544071722608
2.7154	29.62507557500218
2.7156	29.545121577474042
2.7157	29.752221259624665
2.7159	29.39169359139684
2.716	29.546589406171265
2.7161	29.58180716119694
2.7162	29.862433444726623
2.7164	30.11873341552798
2.717	30.55283348615768
2.7172	31.12954225324815
2.7173	30.88689820783945
2.7174	30.861345526535814
2.718	30.841627364968947
