# Temperature (K)	C55 Attenuation (Neper/m)
0.29714999999999997	0.0
0.29755	-0.3029324634422169
0.29795	-0.03981939219111906
0.29835	0.23700673791190635
0.29875	-0.31111833592045657
0.29914999999999997	-0.7591470765205655
0.29955	0.15428668187083064
0.29995	0.02440696189493812
0.30035	-0.2582447898210389
0.30075	-0.4861781140203927
0.30115	-0.43269758469163494
0.30155	0.032445982531444574
0.30195	-0.5174869298498699
0.30235	-0.011053668219929237
0.30275	1.7429582530910919
0.30315	3.089888476592048
0.30355	3.239571616504543
0.30395	4.737950507486215
0.30475	4.918062712972212
0.30555	3.5943844623181644
0.30595	3.629718901870724
0.306375	3.748269164555176
0.30685	2.796302352870296
0.30732499999999996	2.0875456069951603
0.30784999999999996	1.7799633056982118
0.30825	2.8929971340902827
0.30865	2.871288874476048
0.30905	3.276285327420621
0.30945	3.201000520092616
0.30984999999999996	2.769619622017629
0.31025	0.9751875193647928
0.31065	0.007019434013478135
0.31105	-0.6936301696138468
0.31145	-0.31655646970480084
0.31184999999999996	-0.0700458043326355
0.3135	0.47539320945941066
0.31962500000000005	0.9303599303604094
0.328025	2.7210288246224783
0.33895000000000003	1.7294981753245626
0.352975	1.9800006565158115
0.36487500000000006	1.7922018370566792
0.36845	1.6621605936341879
0.36885	2.2171964621466262
0.36924999999999997	4.143433439855306
0.369675	3.8367495240428697
0.3702	3.708214662833005
0.37070000000000003	2.5673682561288684
0.37127499999999997	0.42011897284325783
0.371925	-0.9448483873976123
0.37260000000000004	-0.8365215328453549
0.37320000000000003	-1.1506868210385541
0.3737	-0.478340397849757
0.37439999999999996	0.47079181846627804
0.375	1.1610336063502047
0.375825	1.8157023594150234
0.376425	2.1656596270755646
0.377125	2.2022202050105437
0.37785	0.28098205279754246
0.37875000000000003	-1.310944701210671
0.379675	-1.9653666748379526
0.380375	-2.248871933242661
0.381125	-2.720821309991717
0.38187499999999996	-2.368138949330838
0.38255000000000006	-1.0007787964845882
0.38355	-0.49796125974055944
0.38475000000000004	-0.1795940732830423
0.3855	0.9408729432306308
0.386475	2.339722777948334
0.3874	1.9816263992910423
0.388425	1.9694851586327455
0.389425	2.259041955243828
0.3903	2.608213783414063
0.3914	2.5969100146788553
0.39207500000000006	2.3530409450352967
0.392975	1.671374909258511
0.39385	0.6542193211419554
0.394725	0.05910224790568254
0.39549999999999996	0.6377167662067175
0.39635	2.3735936312545034
0.39732500000000004	3.782614689315213
0.398125	5.090632733297787
0.39880000000000004	5.424143844261689
0.399625	4.168979490410053
0.40045	2.131240410244713
0.40115	1.4772483428328282
0.401675	1.2490267619154813
0.40227499999999994	0.95963003805646
0.403475	3.148883702409935
0.40402499999999997	3.029459204568904
0.40445	1.722110835494404
0.405025	1.6611353840320848
0.40547500000000003	1.3635972595774837
0.40605	-0.5859115441083428
0.406575	0.7758342358989869
0.4071	3.267719747209303
0.40754999999999997	2.8016821920087107
0.40802499999999997	2.405131194093159
0.40845	2.001774160010048
0.40885	1.609623580777818
0.40925	1.7939546641850055
0.40965	1.2577216545685135
0.41004999999999997	2.830935154443475
0.41045	4.991346930517067
0.41085	4.6972820908077315
0.41125	3.548018468885416
0.41165	4.557171124879379
0.41204999999999997	3.4542308135084245
0.41245	2.2300361394145476
0.41285	2.7932428350075433
0.41325	3.1428588837662437
0.41365	3.6205092709585363
0.41409999999999997	3.8646453403378183
0.414575	3.17974546013786
0.41505000000000003	1.9987200299683354
0.41545	1.8378832403008458
0.41585	1.9315970867378534
0.4163	3.0638203046601657
0.41675	4.524322728830786
0.4172	6.57232659220789
0.41775	6.468382727183813
0.41814999999999997	5.947161479342781
0.41855	4.678470662120248
0.41907500000000003	2.2926018607144822
0.4196	-0.11461391062192475
0.42014999999999997	-0.21924240747191856
0.420725	-0.2357989891902211
0.421275	0.09176371537168306
0.4218	0.9631690502475352
0.42225	1.697250332795013
0.42279999999999995	2.270202422695444
0.42335	4.034283687987378
0.42395	4.378238390925406
0.42569999999999997	5.665340317031203
0.426825	7.248965344079985
0.4274	7.005130641136912
0.42795	4.555621464556138
0.42847500000000005	4.8869654468429475
0.42907500000000004	4.126726997972598
0.429625	2.698688685758073
0.43015	2.5172243382243358
0.43074999999999997	2.468493142354366
0.431425	1.4485873934615559
0.43255	1.6463601001524706
0.433	1.9429356347648812
0.4336	2.814731983896669
0.4341	2.02578108173553
0.4346	1.6472416715845226
0.43520000000000003	2.024984743109106
0.43565	2.5193026854298175
0.43615	1.2689229567563893
0.43674999999999997	2.436278260781112
0.437975	2.8100957345938298
0.43845	1.5392715388728915
0.438875	0.39838262198911206
0.43935	0.2589064646162933
0.439875	0.6308590643012824
0.4405	1.7430031422960626
0.44107500000000005	3.135488026779721
0.44165	3.4159609226604264
0.442075	3.246197864005465
0.44262500000000005	4.321799706409877
0.44305	4.540015058972804
0.4435	4.490593553411926
0.44405	5.086142592509563
0.44449999999999995	5.901192073464874
0.44505	5.4476112414796
0.445525	4.681056785102229
0.445975	3.951382824576296
0.4466	2.9715439305475924
0.44715	2.707500900620894
0.447575	2.0609317283065276
0.44805	1.0496929596792572
0.44844999999999996	0.6905176327880134
0.44894999999999996	0.4902868304667067
0.44935	0.15406152847740326
0.44985	0.07718979652207009
0.45039999999999997	1.4112931458683489
0.45099999999999996	3.065118267569014
0.45155	4.145865136249611
0.452025	4.423307332747192
0.45249999999999996	5.025725940489307
0.45305	5.418280442131577
0.4536	3.708531383637646
0.45415	4.0996362968643165
0.45465	4.515866439014673
0.4551	4.343391276423525
0.45565	4.999318147974973
0.45605	5.915832453150689
0.457075	6.420208492074465
0.458225	6.516829502679946
0.45867499999999994	6.193803358769164
0.45927500000000004	4.354910837171301
0.459825	4.18715440055804
0.4603	3.909483420145501
0.46087500000000003	4.507822762528977
0.46145	4.35224410316592
0.46185	4.644103102037202
0.46235	5.528481121020786
0.4629	4.999082913531341
0.46335000000000004	3.7802926613674446
0.46385	3.7442326057356983
0.46447499999999997	3.976740839837127
0.46509999999999996	3.1702945819221693
0.4657	4.4162867395028265
0.46615	5.457777644787546
0.46672499999999995	6.351072324390242
0.467175	7.076967398046061
0.467725	7.570773923658976
0.468175	5.910219389060245
0.4693	5.377040592287094
0.46985	3.2522024519406263
0.470275	1.8292694266215053
0.47087499999999993	2.666803643224128
0.47135	4.133936536861531
0.471925	3.9114244003829923
0.47245	5.48351582248374
0.47302500000000003	6.037791343413758
0.473975	4.619254890970114
0.47454999999999997	3.470496349730312
0.475175	3.731389641456998
0.475675	2.968592483285606
0.47625	2.043943959067022
0.476725	1.3705083840466867
0.47719999999999996	0.2748704706902965
0.477775	-0.34126288743510796
0.47825	0.4777933260383367
0.4787	0.5277971170594029
0.479175	1.1659780019345933
0.47965	2.907347187002949
0.4801	2.360576855208181
0.480575	3.0143710447458356
0.48105	2.960613306406134
0.48152500000000004	3.0817689987082453
0.48214999999999997	2.5280725893113303
0.48277499999999995	3.9881537589136387
0.48324999999999996	3.838947988387236
0.4837	4.752300193703396
0.4843	3.8325275814933897
0.48475	4.808780726927
0.48524999999999996	5.860563472345664
0.485725	6.4133962944761045
0.4862	7.514569470497495
0.48669999999999997	9.527721715405738
0.48714999999999997	7.8805617497258975
0.487675	6.295589864829251
0.48815	5.017238482503647
0.4886	3.6716164714043975
0.48962500000000003	1.7648822531438335
0.49012500000000003	3.586011518837075
0.49075	3.5103003828220225
0.491275	2.8130983167134924
0.491775	2.0042182232684906
0.4924	2.9657914819541427
0.49285	2.2059626716848797
0.493375	1.3174329855677174
0.49395	2.5289174249531396
0.494425	3.6829791030451315
0.49492499999999995	2.166380654492829
0.495425	0.6185610203951825
0.49595	1.8624388411466295
0.49684999999999996	1.506395307088338
0.49734999999999996	1.4640011060084672
0.498525	3.5129641411525734
0.49905	5.035078413250669
0.49955	4.596260783119653
0.5	4.130994855528325
0.5005999999999999	4.952044776265074
0.5012249999999999	3.538909657466505
0.50175	3.1488225257741886
0.50275	2.528536297280629
0.50375	3.046054859465442
0.50415	1.6357670265388857
0.50465	1.0064104413901123
0.5051	0.5167798004277099
0.5055499999999999	1.4592244932444292
0.50605	0.8503549894170109
0.5065500000000001	1.398309026066087
0.5069750000000001	3.2396362467021387
0.507525	3.0260046525209296
0.50795	2.235877883799365
0.508425	2.675130092083525
0.50885	3.791853883453845
0.50925	4.61443432253649
0.5097	6.126290030105318
0.51015	6.49338893574321
0.51065	7.6442318938264435
0.51105	7.129361875184611
0.5116	5.675595349927969
0.51215	4.961035441237609
0.5125500000000001	5.473441328205601
0.5131	4.012123804794977
0.5137	2.6955973486633917
0.5142	3.143856521652789
0.514725	4.301596476729721
0.5152	3.0323360167610045
0.51575	2.7594605294346457
0.51615	2.6036272088106753
0.5166999999999999	0.9170063348114058
0.5172	-1.4958618028016188
0.517675	-2.393665460457651
0.5182249999999999	-3.5380310129740393
0.51875	-4.080780114767828
0.5193	-3.1656307452899886
0.519775	-1.6284653571837366
0.52025	0.5577029289945117
0.52075	2.3685896871622054
0.52125	4.291606847142026
0.5218	4.626799306111891
0.52235	4.7366901817293465
0.52285	5.00427741814746
0.52335	5.854238725657797
0.52385	4.27310223422258
0.5244249999999999	2.6931834741432636
0.52495	2.2796369179031855
0.5254249999999999	2.03036717040791
0.5265	0.3500839096132777
0.52765	0.34392122245738105
0.52855	1.9378750899237929
0.52945	1.9378240951205963
0.52985	1.4063997554969234
0.5304249999999999	1.4964354408720801
0.5310250000000001	2.9368142035506075
0.53155	2.7284221465568246
0.5321	2.314396560154396
0.5326	3.3439340348522717
0.5331250000000001	2.7775641535073525
0.53365	1.8506276656961846
0.53405	2.883816579054412
0.5345	4.351938025047367
0.53515	3.225824012099133
0.53565	4.250455175495936
0.536125	3.843533248091474
0.5366	3.4460438499337998
0.53715	2.792085474503403
0.5376249999999999	3.6252423643020952
0.5382	3.597894787565906
0.53875	5.936549831065368
0.5393249999999999	6.376242879714663
0.5398999999999999	4.985951060871525
0.54035	4.369900836161184
0.540825	3.800635232019957
0.5417	1.393832092939606
0.54215	0.9870897356041884
0.5426	2.0492041641587426
0.5432	1.438372070609587
0.543775	2.239201771600117
0.54435	3.697499033437157
0.5448500000000001	2.959130183097009
0.54535	3.1152268582668907
0.54585	4.657253500498478
0.5468999999999999	5.169726080621312
0.54735	5.281486743612952
0.5478000000000001	7.010158142220076
0.5483	5.682595447023704
0.5489250000000001	4.609443968415782
0.54945	5.274486217837904
0.54995	5.768884528453031
0.5505249999999999	6.895021199870366
0.55095	10.320734289585658
0.551425	11.35698128856528
0.5519	9.389873422437946
0.55245	8.737957782640056
0.553025	6.550314078488839
0.55355	5.032367630364306
0.55405	5.097521853672127
0.5546	6.664754028772788
0.55515	7.1002820814985
0.5556	7.818472235742929
0.55615	7.8401190338820586
0.5566500000000001	6.784274481122266
0.5572750000000001	6.62972611920225
0.557925	6.629393632857541
0.558425	6.817306224913823
0.558925	6.989128925519068
0.5595749999999999	8.97400035084356
0.5601750000000001	9.649091990807628
0.5607	9.317227104099883
0.561175	7.931256279590225
0.56175	7.3300754053782216
0.56215	4.160422608215866
0.56275	3.120381526978397
0.56325	2.047450184423244
0.5637249999999999	2.9504912230974827
0.5643	3.222999620800336
0.564875	4.4017592755291535
0.56545	5.991285525444
0.5665	7.12136031048131
0.566975	6.966757503981723
0.567525	5.916874519389823
0.5680499999999999	4.744057925352337
0.568525	2.7602419840092853
0.5690999999999999	3.1830927861675717
0.56965	2.7699192344667636
0.5707249999999999	2.620377293607901
0.571325	4.382226121520096
0.57185	4.811141159011061
0.57235	3.010916733061068
0.57285	3.5622786809312728
0.5732750000000001	2.836753922872567
0.5738249999999999	3.209774119318882
0.57435	3.9572513561846803
0.5748	5.099718083776045
0.575325	5.597430765142801
0.575775	6.8106821794785475
0.5769	6.386521005436901
0.57745	4.754371685359242
0.577925	4.0098765358835955
0.578425	3.0612216127768948
0.5789	3.88243791721294
0.5793750000000001	3.8218380858935284
0.5799249999999999	4.369673416826701
0.58035	4.525042516580734
0.58075	4.428160518152166
0.58115	4.755943088122722
0.581675	6.238089039034899
0.58215	6.560044173787379
0.58255	6.781483782278574
0.58295	5.891024043448212
0.5834250000000001	3.9346307723989966
0.58405	1.3372028597285646
0.58445	1.3230963839364456
0.584975	1.2543565137625334
0.58555	2.6516991671084935
0.58595	4.25246854804699
0.5863750000000001	6.487076055794386
0.58685	7.816626691908652
0.58725	8.397290771582805
0.587675	6.180630729097824
0.588225	6.171599515648086
0.588775	3.311288088778235
0.589425	2.517248072648501
0.59	2.192109968568059
0.5905	4.059307482315683
0.59095	3.0590711713463694
0.59145	4.882813599436675
0.5920500000000001	4.35528351334114
0.5926	3.7600020947595425
0.5932	3.6625925984886463
0.59375	3.5505525244204166
0.5948249999999999	2.7600363288794987
0.5952999999999999	1.3750900439839213
0.5959249999999999	1.080564178624306
0.5965	0.7713544373431299
0.59705	2.8289979215966827
0.59745	3.5867783060659417
0.59855	5.069310922462298
0.5991	6.744191697005839
0.5997	7.85212297239501
0.600375	6.729806256322964
0.6009249999999999	7.8958491046869685
0.60135	6.862831222361354
0.6025	6.356421691843721
0.6030249999999999	6.149380796992829
0.603475	7.27885718846579
0.604025	6.451333936503784
0.6045750000000001	7.421383061812302
0.6051249999999999	7.003507813945421
0.605625	5.90947188812114
0.606175	4.469030762606349
0.6067750000000001	4.3316006231452615
0.607275	4.290457014541898
0.60785	3.6615825573046465
0.60825	3.425536147078194
0.608825	3.459626802388913
0.6093	3.621838479633967
0.60975	3.3129339856104645
0.6102249999999999	4.651739045791675
0.6108	5.476960798602386
0.612	5.961178400053529
0.6125750000000001	6.578783876838041
0.61315	6.199799096804407
0.6137250000000001	5.237984379314991
0.6142249999999999	6.042417528226833
0.6146750000000001	6.1668071004381995
0.61525	4.962281551512174
0.61565	5.214358678473992
0.6161749999999999	4.261375129035596
0.61665	3.9356758531108995
0.617175	2.469601429066495
0.6177	2.7130802892908696
0.6182	2.931126062462958
0.6188	3.7663039558636853
0.6194	5.032292669763807
0.62	7.044165710012158
0.6204999999999999	7.657836701805489
0.62105	7.921794714212296
0.621575	8.31470449788346
0.6221	6.156949453781775
0.622575	5.761514233102391
0.623075	6.906271672847124
0.6236250000000001	5.89514249554182
0.6242500000000001	5.022745314675921
0.62475	6.167050026023904
0.62575	5.532140890529165
0.62625	3.746348618008869
0.62665	4.149567980412333
0.62715	4.5020540913273965
0.627675	3.2560268965846135
0.628175	2.1921297739097114
0.62875	1.9624484549178633
0.629475	3.1248375797542423
0.629975	4.923829506692679
0.6305499999999999	6.341327868349746
0.63105	7.691772400594412
0.6314500000000001	7.5400861030842945
0.632	7.640914238902853
0.63265	7.468987607334114
0.63325	8.228783853624632
0.63375	9.365813317564667
0.6342	10.59276120192292
0.6348750000000001	11.326519143274155
0.635475	11.053482989859246
0.6359750000000001	10.567515981246547
0.636475	10.081737837368948
0.63705	9.782123247920955
0.6375500000000001	9.256137896127239
0.637975	8.990528823815431
0.6385500000000001	7.661721401851764
0.63915	5.862470827790668
0.639725	5.383905020570493
0.640225	4.915826716516725
0.64075	4.283093671737188
0.6413	5.193764124620493
0.6419	5.83533228451428
0.6424	4.696051733298268
0.643025	3.318814495623043
0.6435500000000001	2.544314239699304
0.6441	2.665326446660232
0.644625	3.5208367312466993
0.64505	5.100369981760866
0.64545	5.612283922840876
0.6459250000000001	6.7749995060213495
0.6464	5.014938762889937
0.64695	4.18116450693886
0.64745	2.727482625409292
0.64785	4.077027995248404
0.64825	4.6198822359712395
0.6498	4.955620486393377
0.6507499999999999	6.390293707219017
0.6513	7.998363808362918
0.6524	7.749131073453832
0.652875	7.588200792998166
0.65335	8.16683424745392
0.653875	7.186316478955219
0.65435	6.31529747882834
0.654775	5.2682565668818935
0.65525	6.351946647080582
0.655675	6.129508468823386
0.656325	5.241252052697927
0.656875	5.902146245161507
0.657475	6.006792767341951
0.65855	4.868352418156056
0.6591750000000001	4.117762398187929
0.6596500000000001	4.224676728011221
0.6601	2.2602759080249704
0.6606500000000001	1.113130431123504
0.66125	0.4323599130360782
0.6617999999999999	1.1483810036337987
0.662325	1.1666223230439263
0.6628	1.7944904990271906
0.663475	3.6720218362293315
0.66395	4.413660030664822
0.6648499999999999	5.258511798321982
0.6652750000000001	6.221315774588867
0.665875	6.324245702229351
0.66635	6.2690946163884576
0.6668	7.036564408808038
0.6673500000000001	8.026162285222453
0.6677500000000001	8.127689746709867
0.66815	8.395421878945488
0.6687	6.908522670696025
0.6693	7.022417244958431
0.669775	5.662743705375469
0.6702750000000001	6.4663493146066875
0.6708	9.82225351839339
0.671375	11.613035883379768
0.671925	12.317522011072695
0.6724	13.422123887109805
0.67295	12.579060815314405
0.673425	10.43804395804218
0.673975	8.613391248628563
0.6745749999999999	7.273159206453755
0.6752499999999999	6.161055939773693
0.6757500000000001	5.774554002138497
0.676275	5.017488240927294
0.676825	4.868640377022916
0.6773500000000001	5.10360204262417
0.677975	5.465385845071374
0.67845	6.753705931448037
0.678875	6.426246394412823
0.679425	7.563480332013681
0.6798749999999999	5.7985307405670685
0.68035	4.351929919184416
0.680925	3.151577068206851
0.6814250000000001	3.7992616054017048
0.6819500000000001	2.9299158545151696
0.682375	2.373365333033168
0.682925	2.9696892950310696
0.6833750000000001	2.142273846336992
0.6838500000000001	2.4920918813778936
0.684825	4.342225677810291
0.6852500000000001	6.266949637537766
0.6856500000000001	5.9715200544677876
0.686225	6.736540437445798
0.68675	6.816829277108555
0.687225	5.563682041069705
0.68765	4.3823181277830034
0.68815	4.338831748096321
0.6888	4.796923056618632
0.6894250000000001	4.491615472690815
0.69005	5.430938871284484
0.69065	6.613633883029657
0.6917500000000001	7.179718096763052
0.692825	6.216908457298877
0.6932500000000001	5.71670025133931
0.6938249999999999	5.69617673610113
0.69435	5.275249336692225
0.6948249999999999	5.332568934243863
0.69525	6.660072045682474
0.6957	7.400732057673682
0.6962250000000001	7.344753757209737
0.69665	7.567676754686967
0.6972	7.544195163988017
0.6977749999999999	7.384894756955363
0.6983250000000001	6.7515195912394015
0.6987749999999999	6.247498063101113
0.699275	5.146050870448465
0.6998500000000001	6.44939570671866
0.70045	7.098920765439347
0.7010500000000001	7.498040589902076
0.701625	8.521980953655255
0.7020500000000001	10.08551136764559
0.7025250000000001	8.948310853983534
0.7031499999999999	8.049040550420608
0.7035500000000001	8.581245373940371
0.7041	9.023329845410554
0.70455	8.826978007780871
0.705025	8.868202385678483
0.7056	10.013174271782106
0.706175	10.660655253947585
0.7068	10.078490588215242
0.707425	10.136627420830765
0.70795	11.290609772043402
0.70845	10.097898812621304
0.70895	8.862355059715116
0.7094	8.847425517454825
0.7100000000000001	8.218805686937907
0.7105	6.893352949043884
0.7117	7.1970504518785665
0.712275	7.2760913033131835
0.71285	6.857050890716398
0.71335	7.467177765444811
0.71375	8.035200119536832
0.7142999999999999	8.291395848582887
0.71485	8.020170980890141
0.71555	7.587372592556399
0.71605	6.69974375706314
0.71655	5.396472840215771
0.71715	3.9434494089275467
0.7176250000000001	2.914883216883819
0.718225	2.9794056106227935
0.7187	4.086764366481137
0.7192500000000001	4.853828140175163
0.7201500000000001	5.214221535072536
0.7211	5.49665952106422
0.7215750000000001	5.672232458030141
0.7221249999999999	6.383519601238112
0.72265	7.492406437745054
0.723175	9.395543432918055
0.7237250000000001	10.95643328644417
0.7242	11.491573645954315
0.724825	10.799398229011727
0.72525	10.672210470270869
0.7256500000000001	9.431870022464201
0.72615	8.783513200198461
0.72655	7.7056340364133575
0.7271	7.173112899712502
0.7275500000000001	5.973020967713096
0.7281	5.639914222742482
0.72865	5.69737534038362
0.7292	7.194564904951607
0.7296499999999999	8.019065339590673
0.7301	9.203088220272042
0.73055	10.319405176486823
0.73095	11.430502967459498
0.731375	10.05199471142376
0.73195	8.975158210526715
0.73245	8.73719858813727
0.7329249999999999	7.366239443074482
0.733475	5.993821340881096
0.73395	5.390797769574203
0.73445	5.7592920525502285
0.73505	4.8406445375561455
0.7355500000000001	5.669390564947532
0.7360249999999999	4.949978404860623
0.7366	6.095857939176242
0.737175	6.413829767101391
0.7377	6.331512337734809
0.7382500000000001	4.9544288604441356
0.73865	4.807140774110289
0.73965	4.399503551330204
0.7407750000000001	3.812446554384827
0.7418499999999999	5.446052902301679
0.7423	7.485035398594255
0.7428	9.115699151987856
0.74325	8.729569484791112
0.7436750000000001	7.399765298385194
0.7441499999999999	5.915463775381331
0.7447	4.524825669667711
0.745275	4.093394793363927
0.74575	5.60098461004783
0.7462	7.51893099296284
0.7467	8.395423543979682
0.7473	9.516433792173988
0.747825	10.533685237802697
0.7483	10.34220966681138
0.74875	11.150362353994188
0.74925	11.269013680793062
0.7496500000000001	12.67930372075305
0.75015	12.465361565542073
0.750575	12.329750655374697
0.751125	11.58745376654976
0.7515499999999999	12.418466902497373
0.752	10.777412777420606
0.753175	10.41001471829438
0.7537	11.518012643072092
0.75425	10.824470864577174
0.7548	9.032565252176505
0.755375	8.098976242778296
0.7559499999999999	7.340071375958985
0.7563499999999999	6.624069035802463
0.7568	7.408470222644494
0.75735	7.103694073212467
0.7579	7.621111382020675
0.7584500000000001	8.404776647930547
0.7589750000000001	8.840680124203418
0.759475	9.309823363992065
0.760025	9.838693507034936
0.7605999999999999	9.357821086089706
0.76105	8.73384709218822
0.761525	7.319339055085475
0.7621249999999999	6.089068938971172
0.7626999999999999	6.358747038976493
0.7632249999999999	6.707497610686257
0.7637999999999999	5.7624330011782225
0.764275	6.058302194882169
0.76485	6.3700169886880875
0.765425	5.049606321753669
0.765925	4.360630469830721
0.7664500000000001	4.452581108107939
0.76685	4.196896810911002
0.76725	4.448795100721128
0.76765	6.024708539705292
0.7680750000000001	6.570321391051702
0.76915	6.734092909742699
0.7696999999999999	6.0140388953429325
0.77085	5.674067226221761
0.7713749999999999	6.346955009998717
0.7719	5.515342128445015
0.77245	6.568176653510298
0.772925	7.798790844965748
0.77335	7.8617504066794375
0.7738499999999999	6.458303403880542
0.7743249999999999	6.896247562764246
0.7748750000000001	5.698538564703082
0.7754249999999999	4.9327659700514355
0.77585	4.121354497238624
0.7764	3.61241596330346
0.77695	3.7612885025015284
0.7775249999999999	3.9700224230714722
0.7780499999999999	3.5011164468541285
0.778625	5.551948463588433
0.77915	7.11621157111762
0.7796	7.597700697690322
0.7801	8.48494487316872
0.7806500000000001	11.096595274618966
0.781275	9.667747849290333
0.7817500000000001	10.050413183606963
0.78215	10.4555272672573
0.78255	9.820674713823099
0.783025	8.288537628088097
0.7839500000000001	8.465208389825214
0.78495	7.15468195402321
0.78535	6.2312552194152895
0.7857500000000001	6.927175370156736
0.7863500000000001	4.953798175911512
0.787	3.4388187631563123
0.787525	2.64557620797811
0.7879499999999999	2.6889864780057864
0.7885	1.258820735331237
0.7891	2.4523300518608546
0.78965	2.645257679955827
0.790225	3.923412377233167
0.79075	4.575657062116421
0.791175	5.412542293479144
0.791725	7.107566355056776
0.7922	9.089381756771619
0.79315	7.903179342459777
0.7943	6.942582371466426
0.79535	6.944272940799348
0.7958	6.275509205362254
0.796325	6.174814740457662
0.7967500000000001	7.991940967084209
0.7973	8.195989308345501
0.79785	7.846612933174768
0.79835	8.553103887758605
0.798825	7.7638735728643695
0.7994249999999999	7.343625842353601
0.79995	7.920737110967415
0.8004	8.715395979666964
0.8008500000000001	7.481552109922779
0.80135	7.731038599999488
0.80205	6.794444044872481
0.802675	6.7073508231935515
0.803225	7.156002594326801
0.8037	7.59741169906433
0.8041500000000001	8.653111876004587
0.80465	8.992931141750153
0.8051	9.579249990857644
0.80565	9.341533208176646
0.80615	8.815634661720628
0.80655	7.853686228840516
0.80705	7.225791342758834
0.8075	7.6973437891521455
0.80815	8.65261900533506
0.80865	9.808946098323526
0.809125	10.382901800408087
0.8096	11.99758805735555
0.810075	13.218238298080776
0.81065	13.215368648988786
0.811225	13.34511021963482
0.812975	13.099911906774674
0.81345	12.81739015783435
0.81395	10.859757984324219
0.8144750000000001	9.832737694330227
0.815025	9.869943476283096
0.81555	10.860757931683624
0.81605	10.727064748528452
0.8166499999999999	10.291889364830583
0.81725	9.429065536105934
0.81765	7.023439957009532
0.8181499999999999	6.447762819531572
0.8186500000000001	7.468541175690511
0.8192	7.584566505749775
0.820125	6.701315562718613
0.82065	7.2015581318300015
0.821475	5.748848663796719
0.82195	5.140047504673522
0.8224	6.449951650667496
0.8229	8.994810218822607
0.8235	10.583773761504297
0.8240500000000001	11.621273999791052
0.8246	10.713243840512169
0.8250749999999999	9.433081691278907
0.825625	8.811201244702191
0.82605	7.872858156332696
0.826725	7.47848714107227
0.82735	7.844780606465344
0.8278249999999999	9.223995072581943
0.82825	10.532802456038738
0.8287249999999999	10.983446217591382
0.8293	12.505927643898241
0.829825	12.475997852207973
0.83035	11.620980418417581
0.8308500000000001	10.851362072931394
0.831375	10.810944113053905
0.83185	8.375282958663291
0.8323500000000001	9.204571764926339
0.8328500000000001	9.23432619266283
0.8334250000000001	7.881933395242452
0.8341000000000001	7.1586666701445525
0.8347249999999999	8.721128875820702
0.8352999999999999	8.559000193119699
0.8358	9.2341760533367
0.8364	10.124070322415843
0.8369500000000001	9.587556750062246
0.83745	8.341000453716342
0.83785	7.82740839699146
0.8382999999999999	6.60295472563988
0.8388	5.787765553813977
0.8398249999999999	6.676535494081786
0.8403999999999999	7.851932345865656
0.84085	8.270892080724815
0.841375	7.578928280670864
0.8419749999999999	7.019858431799996
0.84255	7.115733168123068
0.8431	5.929607883592719
0.84365	3.926390996867384
0.8441	3.5303921536352494
0.8447	4.986122535486807
0.8452500000000001	4.708850563528581
0.84585	4.561363810334346
0.8464	7.6888085266140065
0.847	9.462033841341817
0.8475	9.708070153456587
0.8488249999999999	9.05169932865009
0.849275	9.751576038268011
0.84975	8.203116834487973
0.850225	8.103020731209737
0.8507750000000001	8.319319556918835
0.8513	9.35582629340765
0.8518	10.362421746155224
0.8523499999999999	11.11895039192944
0.8528	11.759106976716469
0.85325	11.182927641492471
0.8537	12.08124468418303
0.854225	11.282610824127204
0.8546499999999999	10.772087833542342
0.8550499999999999	9.073597953848902
0.85555	9.444605447495952
0.856	10.382606097878437
0.856525	11.694087774708425
0.8569499999999999	11.770188571755362
0.85745	13.654771595140161
0.85805	12.99010906646347
0.85865	12.136487948042495
0.8592500000000001	10.876160709843989
0.859775	11.698189690255944
0.8603500000000001	10.138509177855305
0.860875	10.124207272533408
0.8613500000000001	8.977061190702795
0.86185	7.5301679831378365
0.86225	5.433773919227224
0.862725	5.335273039960545
0.8631749999999999	6.576391876531832
0.8637250000000001	7.923023784738897
0.8641749999999999	11.11424557861436
0.8647500000000001	12.36863374458529
0.8652	11.901574406373658
0.865675	10.836654139420254
0.8662	10.24166728874127
0.8666750000000001	9.887299608880385
0.8672249999999999	10.189889098013989
0.867775	11.52393843429825
0.868375	11.803505056246197
0.868975	10.827745842770051
0.8694999999999999	11.011444198560245
0.8701	11.610642903877402
0.87065	11.377667411958383
0.8711749999999999	11.26765252986528
0.8716750000000001	11.740277909503705
0.8722	10.40480056707992
0.87265	10.2557004313503
0.8732	10.024496450286577
0.873725	9.542426027148608
0.8743	10.094559913017369
0.8748	11.2026191528288
0.8753249999999999	10.380054949602869
0.8765000000000001	10.33457033384524
0.8769500000000001	11.789738539816303
0.8773500000000001	11.976402011856806
0.8779	11.296081591421173
0.87835	12.196005319604561
0.8788250000000001	13.686245880533386
0.87945	13.803751642593264
0.880025	15.505204397673426
0.88045	15.454377204242654
0.880925	13.973736740806235
0.8814749999999999	11.511615741358241
0.8820250000000001	10.11857566926464
0.88245	7.371282673028166
0.882925	6.475903841785331
0.88335	5.36703982580266
0.88385	5.465174057846771
0.88425	5.089825567691453
0.885325	5.68970271714452
0.88575	6.126470829195681
0.886225	7.441570323915238
0.886675	8.358992009024611
0.88715	9.569787859112854
0.88755	10.668773645229171
0.88795	11.870629115177493
0.8884	12.341826249260423
0.8889499999999999	11.745454299835917
0.889375	11.113312196422168
0.889875	10.39947423449037
0.8905	7.713431593987585
0.8910500000000001	6.413983077042171
0.891575	8.660533342172025
0.89205	10.370756248356853
0.892575	11.295206096015708
0.8932	14.12223370078946
0.893725	15.02976485801327
0.894175	13.54728784613722
0.8947499999999999	12.392318070098154
0.89545	12.15559739275304
0.896075	10.71994678840658
0.8966	10.535007348673124
0.89705	10.696448475921061
0.8974749999999999	10.069168906518755
0.8980750000000001	8.862052046224274
0.8986999999999999	8.61422730960229
0.8991750000000001	9.466194786108547
0.8997250000000001	8.099867595516681
0.90025	8.31487616862203
0.901	8.394662550066434
0.9016749999999999	7.847223470037876
0.9021750000000001	7.147166785566757
0.902725	8.359224696945766
0.9039250000000001	7.748445912640453
0.90435	5.222926907409252
0.90495	4.274915943920994
0.9055500000000001	3.159333561563841
0.90595	3.1920834911220894
0.906575	3.38802637930058
0.907125	5.4359689146321895
0.907675	6.429459250132643
0.908325	6.474425698200657
0.9093749999999999	7.981936989057061
0.91	9.788044536837218
0.9104749999999999	9.933326497943177
0.9111	10.496653086398675
0.9115749999999999	12.291782794090407
0.91265	11.925691913994239
0.913225	11.37588304594274
0.9138249999999999	12.503556697353684
0.91435	12.003927183474207
0.91475	11.027747026056428
0.9152	10.30699120807229
0.9157749999999999	10.64665528639712
0.91625	10.482889845624292
0.9167	11.548467880056629
0.91725	13.182339912100204
0.917875	13.3148895151679
0.918375	11.032627328710904
0.91885	9.77346929054972
0.9193	9.007777095656865
0.9197500000000001	7.567579550811286
0.92035	7.098516023996737
0.921	9.148271013272042
0.921675	10.621799902765657
0.9221750000000001	11.449341249139273
0.92275	11.870477119426594
0.923325	12.670877699638641
0.92375	11.430086996144984
0.9243750000000001	11.46410644605366
0.92495	11.018403819334985
0.9255	10.634320738073338
0.926125	10.979811306960666
0.9267	11.948769089491616
0.927775	11.06527396109775
0.928825	12.453501265434825
0.9294	12.468760522295463
0.9299000000000001	10.416907704821902
0.930625	10.564599936658706
0.93115	10.923000612477844
0.9316499999999999	9.480520666928243
0.9322	10.246470392059475
0.932825	12.02714650362572
0.933425	11.876468886504602
0.933975	10.725643769221188
0.93465	9.829521490799843
0.9353	10.310991474685352
0.93585	10.13782683752211
0.93635	11.368176559676915
0.9373	12.992196895230837
0.9378249999999999	13.50713086793099
0.938325	13.191267163358305
0.9388	12.371317318193642
0.93935	10.79498635760097
0.9398500000000001	10.641426855587559
0.940425	11.105816736073688
0.9409500000000001	9.689305953492191
0.941575	8.533943219000696
0.94215	8.360793393969262
0.94255	7.121022936677464
0.94305	6.980947470893744
0.943775	6.997656031330621
0.94435	6.471362936147349
0.94485	5.114397622754736
0.9453499999999999	4.288649088695995
0.9457499999999999	3.4201370561905975
0.946275	4.295508138147846
0.9468	6.048899779851711
0.9473499999999999	7.372017642680455
0.9478500000000001	9.440091016089083
0.9484	8.70594148086589
0.94895	8.765128099488754
0.9494	8.402016431890829
0.949875	7.5807879595515955
0.9504250000000001	6.431804347721149
0.951025	9.424546739603677
0.95155	9.713349061673961
0.9519749999999999	10.192076632703364
0.9525	11.843562635607853
0.953075	12.719823938515848
0.953625	12.316989976142505
0.9541	12.126634503243402
0.95455	11.690106527526483
0.955025	12.991694561925643
0.95555	14.88843130993943
0.95595	14.016729928314483
0.95645	13.983504930088008
0.95685	14.853956832335253
0.9578249999999999	12.829783336507054
0.95835	12.514218532758147
0.9589	14.38307014596159
0.9594499999999999	14.73806275370845
0.9599499999999999	15.08898604608362
0.9605	15.215627593447309
0.960975	14.590030507386693
0.9615	14.091777821259571
0.961975	13.425798895063528
0.96245	12.411335566270527
0.96295	12.223395654453972
0.9634250000000001	11.083371371692554
0.96395	9.988620455914733
0.9644	8.609607598029582
0.96485	8.964668998795464
0.9653999999999999	7.278298848457567
0.965975	5.737576438917191
0.96645	5.333228574234967
0.967	7.42789547922757
0.9680500000000001	7.024498347584643
0.96895	8.23898881886668
0.969425	9.732943350917662
0.9699	10.753823705672485
0.97055	11.00804207899823
0.970975	11.747107674180986
0.9715	13.727594713695062
0.97195	15.359190334000482
0.97235	17.003535501134944
0.972925	15.972577285837662
0.97345	15.86933419575786
0.97415	14.940939974631663
0.97465	13.553420689248442
0.97505	12.192300354523049
0.9757	12.557557247248159
0.976275	12.7785898403117
0.9771	12.70261297119787
0.9779749999999999	13.162835074316712
0.9786	12.373421389205207
0.9796750000000001	12.997227827637774
0.980225	12.718260041180919
0.98065	12.21930256917146
0.9812249999999999	11.891672296825798
0.9819	12.907614777261418
0.9823999999999999	11.726044705407977
0.983025	11.000166398725305
0.98365	12.379457987527799
0.9843	12.417241769570893
0.98485	12.081215948505609
0.985325	12.572505978565689
0.98585	12.459987366179982
0.9863999999999999	11.227662967547685
0.9869249999999999	10.495708049441319
0.9873500000000001	10.43065385285514
0.9878750000000001	11.001411786018666
0.98845	12.140328517115432
0.989	12.479454491107198
0.9900499999999999	13.157829680003495
0.9906250000000001	13.211753691560807
0.99115	13.730018852613716
0.991575	13.029202821756446
0.9920500000000001	13.178055913319433
0.9924999999999999	12.801235451182624
0.9929749999999999	11.806731482301538
0.9936	11.753342915942424
0.99425	11.617187373080625
0.994725	10.260079651958977
0.99525	10.491416869343489
0.996275	11.25571893348188
0.9968750000000001	10.23944185832034
0.997425	10.913981162382795
0.9979499999999999	10.626684933899726
0.9984	11.577111668552831
0.999	11.776583423522009
0.99945	10.376303933955375
0.9999750000000001	10.277681497027077
1.0005	11.511350004711376
1.001125	10.33437252718114
1.00175	10.384806443962432
1.0024499999999998	12.554369506384727
1.0028499999999998	10.872793861183592
1.0032750000000001	10.581895458514644
1.0037500000000001	11.536817694806805
1.0042499999999999	12.259431337610948
1.0048499999999998	13.165098401887741
1.005975	15.428768602299883
1.0066	16.745852042375667
1.00715	17.80653113111781
1.0076	16.323986031696844
1.008125	13.73832382944076
1.008575	12.285589416178365
1.0091999999999999	11.637666156437449
1.0097	10.534095952832466
1.0102499999999999	11.23539023385542
1.01115	12.825331772793676
1.011725	14.93472943773671
1.012225	14.606183415810847
1.0127499999999998	13.321876086877882
1.0131999999999999	12.64453228652159
1.0137500000000002	11.594557193229088
1.014275	10.72742657098556
1.014875	12.16339855174962
1.015425	13.746616638365772
1.01605	13.769655291674221
1.016625	15.217632120592613
1.017125	14.186358831544167
1.0175750000000001	13.293005900115764
1.018125	13.293711243376624
1.018625	14.523989243443273
1.01915	13.69270615858112
1.019775	14.871272386646313
1.0204499999999999	14.072464673184953
1.02095	12.84457317133689
1.0221	11.400911141727832
1.022625	10.465268908022786
1.023325	8.045923555287992
1.0238500000000001	7.164820669220046
1.0243	7.70712615913999
1.0249	7.787070427831251
1.025525	9.280200996310837
1.026125	10.41574488741614
1.026575	11.983939755506537
1.0271	12.53930088102123
1.027625	13.572508200837442
1.0281500000000001	12.234375755043205
1.028625	11.72700346150802
1.02915	10.404740585161722
1.0295750000000001	9.762437342058336
1.03015	10.620013507859152
1.0307749999999998	12.185187483188194
1.0312999999999999	13.942592521330711
1.0319	15.196111090014691
1.032475	16.04439642314602
1.0331	14.335862201006396
1.03375	11.856160111217932
1.0343499999999999	9.751309603480028
1.035025	8.813870660552396
1.035675	7.836257086935978
1.036275	7.5608188412806925
1.0375	9.094932101266464
1.038125	10.622552487760226
1.0388249999999999	11.4124265342122
1.039525	13.10752750129552
1.0401	13.573926911127446
1.0406749999999998	14.471378157862748
1.0413000000000001	13.720935035632202
1.0419	13.437235536026046
1.0424499999999999	12.32316046208392
1.042975	12.476656279027198
1.0434999999999999	12.80485671790191
1.044175	12.507657797889761
1.0447	12.225355476689284
1.045175	11.346645285992462
1.0457500000000002	11.113592219999429
1.0461500000000001	10.201455610688328
1.0466499999999999	11.906622636635097
1.0470499999999998	11.87567434563329
1.047625	13.563181885055645
1.048175	14.212019378387117
1.04875	14.712372563912476
1.04915	14.292042211704395
1.049725	15.189422646228575
1.0502500000000001	15.109432951537123
1.05065	14.58560878984638
1.0512	13.55566563946124
1.0519250000000002	13.474148950958481
1.052575	12.575501377948596
1.0531249999999999	11.097073017088604
1.0536500000000002	10.87509626571833
1.054125	10.902456427443788
1.054675	11.20504577959796
1.055275	12.369472103674875
1.055825	12.77843059439939
1.0562500000000001	13.88668558028172
1.056725	13.341846444342483
1.05715	12.268547972182997
1.0576500000000002	10.947677469347484
1.058875	10.151937208566011
1.060125	10.302578881723019
1.06065	10.243904859384177
1.0612249999999999	10.685033484186807
1.0618	11.568755163439226
1.0629	13.374510629614164
1.06335	11.34947883355934
1.0638750000000001	12.80471615003836
1.0643500000000001	12.907944872515682
1.064875	11.968837762984048
1.0655000000000001	9.96739586220351
1.066125	10.709164571842829
1.06655	9.711230591121922
1.06705	10.041981867172485
1.0675249999999998	10.443794295178792
1.068025	12.192661036674334
1.06855	13.6203499647434
1.069025	13.60147749214051
1.06955	13.126314565551644
1.070125	12.923537371822535
1.071275	11.958470481523191
1.0717750000000001	11.826748639573106
1.072325	13.374359693967158
1.0729250000000001	14.474822809605095
1.07345	16.52959507625687
1.074	17.44084669558769
1.0745500000000001	15.831524825939724
1.07505	15.272957643712422
1.0755499999999998	13.207721108666348
1.076125	11.682706861050402
1.0766499999999999	11.489979628252959
1.0773499999999998	12.3112387932405
1.07785	11.561431223365071
1.0784	14.10057060906888
1.079	14.90497587421879
1.079625	14.023806797486875
1.0802	14.247734609436153
1.0807499999999999	13.709335776104993
1.081375	13.486971438725774
1.0819	13.16669388258556
1.08255	14.024084700143613
1.08305	14.215018255699494
1.083475	13.69917788793832
1.084	11.176500820030805
1.08455	9.525498390763433
1.0851	8.932118096642414
1.08555	8.064464018723921
1.0859500000000002	10.070085857913835
1.0864500000000001	10.641052524082866
1.087	12.01445037462889
1.0875249999999999	11.072740901527006
1.088	11.525630147484506
1.0884500000000001	10.67366922820371
1.08895	11.813590201727454
1.089575	12.071511587895959
1.090175	13.363237452744919
1.0908	14.231414264303831
1.09135	14.803650617611169
1.091875	14.257379032366945
1.09245	14.073534875613767
1.09305	14.222332383711056
1.09345	13.114026777290231
1.094	12.81799846779115
1.094575	13.436928982386252
1.095125	13.894711382609907
1.09565	13.010734633054485
1.0962	12.506945780062962
1.0966500000000001	11.638624489536967
1.097175	12.035667015779648
1.09765	12.966585513499712
1.0981	14.705655131546418
1.09915	15.942721375953438
1.1004	16.447237746399843
1.100975	14.937594214510305
1.1015249999999999	13.557071809239282
1.10205	12.566398141010325
1.10265	11.531638269891562
1.1030499999999999	11.908102637354967
1.1035249999999999	13.20756170282726
1.104225	13.785286744451902
1.1046500000000001	15.057198338962229
1.105175	16.16705225603091
1.105775	16.72637054416718
1.106425	17.311812583679906
1.107	16.98768823481705
1.1081500000000002	15.445979329963924
1.108725	15.449158391028329
1.109275	15.399188565944725
1.109975	14.104436223915888
1.1107	13.990925417770292
1.111325	14.942472746144803
1.111875	14.399930419203324
1.112425	14.205970349561209
1.1134249999999999	14.850404793228746
1.1140750000000001	14.388408187256722
1.1146500000000001	12.851090515246621
1.1151499999999999	12.770555133906948
1.1158	13.324706578332924
1.1164	12.285629822235311
1.1171250000000001	12.136142970867148
1.11775	12.340525842031138
1.118375	11.334488976752905
1.1189500000000001	9.872974903615209
1.119425	9.767489046462615
1.12005	9.696133266513742
1.120475	9.444102941488437
1.12095	11.176727506683589
1.1213499999999998	11.641129879893672
1.121775	12.060932088402794
1.12235	12.65423051645612
1.12295	12.622520697584664
1.1235	11.553889751723899
1.124525	12.555062791277425
1.125225	13.181195373872914
1.12565	13.335372768187355
1.126125	13.839366118261243
1.1265500000000002	14.269526266959472
1.127	13.801954154321248
1.127475	14.850574964063915
1.1280000000000001	15.056724846139085
1.12855	15.481251704295698
1.128975	15.412832939657306
1.129525	16.335487533519668
1.13	17.499770669396685
1.130575	17.504715675114813
1.131125	16.24427146791834
1.131675	15.785760349371007
1.132575	14.251849631625685
1.13365	11.879738241009134
1.1341999999999999	11.768882771263058
1.134825	13.200440943990817
1.135325	14.289908023400296
1.1359499999999998	15.493046104018005
1.1364750000000001	15.31035939861516
1.137025	16.19034379531947
1.1376	15.498573632720133
1.13815	14.243075410673601
1.138675	14.129501351685851
1.139325	14.042540169480617
1.140025	11.963382519898696
1.1405750000000001	11.285670181352753
1.14115	11.849373639082737
1.1418	10.609848514791878
1.1423500000000002	11.219278978016053
1.1429	13.020039793581859
1.14335	14.729780183630876
1.14375	14.658015383731685
1.14425	15.983002268606228
1.1449	15.848682013698365
1.1455	15.186950432822597
1.146625	14.998828152932276
1.147125	15.545873540171353
1.147775	16.252394179346126
1.14845	17.21195563777714
1.149025	16.630553843438
1.1496	16.662378416467387
1.15025	15.58886001715223
1.1508	13.209967857343527
1.1513749999999998	12.124588558197727
1.1521750000000002	11.666376974028873
1.1526500000000002	11.275036498225948
1.1531500000000001	11.87424655288734
1.15385	13.81470879443321
1.1544750000000001	14.173676262235706
1.1549500000000001	14.677360983173816
1.1555	13.558349637016194
1.1560499999999998	12.19034573770827
1.1564750000000001	11.334808947661967
1.157175	10.751431553010448
1.1578249999999999	10.352399948384022
1.158375	11.689450872451044
1.158925	13.518001408426402
1.16005	12.904052922781615
1.1607	13.58952642496521
1.1614	15.884307256965014
1.1619249999999999	14.874689387184487
1.1624750000000001	13.858653697960655
1.163025	14.439773540614013
1.1639749999999998	14.593610471893045
1.164525	13.044007702456426
1.165025	13.580390571764285
1.16545	15.362050884785358
1.1661	15.835657529712146
1.16665	16.059652688481233
1.1672	15.48369889889608
1.16775	14.646742736324097
1.1683	13.362320257202311
1.168825	12.426668572216867
1.169325	12.184473820908194
1.1698	13.14070882561614
1.1703000000000001	15.673134882631464
1.1708500000000002	15.711018503789367
1.171425	15.709023830815875
1.17195	15.233186090614362
1.172375	15.473357696582676
1.172925	13.750280899303549
1.1735	14.469379876131606
1.17405	15.016781982609302
1.17455	15.094350789433758
1.17505	13.701353334689628
1.1755	14.386467223341707
1.1760499999999998	14.47105520796642
1.17665	14.764304144543926
1.1772500000000001	14.638580604894893
1.177675	16.480947237367925
1.1783	17.20635025489204
1.1788750000000001	16.546124941724926
1.1793500000000001	16.751642330157093
1.17975	19.030575548779005
1.18025	18.314321117306164
1.1808	18.175946944213536
1.1814	18.8000943301934
1.1828	18.133723915876686
1.1833500000000001	16.09977990899308
1.1838	15.819218813858798
1.184275	14.471023049718486
1.184825	13.609631218672163
1.18555	13.700249405030053
1.1862249999999999	14.06103096602312
1.186925	14.370620080753502
1.1874	15.73875239540165
1.18795	17.51596397441583
1.188425	17.069834651131156
1.1888750000000001	16.85330518886607
1.189375	15.91217623895708
1.18995	15.21215519752389
1.1905000000000001	14.654540533078643
1.1911	15.337828204641808
1.1916	14.279397283569619
1.1923249999999999	13.800127639380042
1.193	12.706062677897082
1.19355	11.019188649164013
1.1942249999999999	10.48418210724545
1.194675	11.647027384467636
1.1953	13.839386040945682
1.1959	15.361513440505323
1.19635	16.15284916851729
1.1968500000000002	16.119753695653067
1.19735	15.182858425387307
1.19785	14.329015798290833
1.198275	14.195912223859544
1.1988750000000001	14.574301027206015
1.1993500000000001	14.219431696566694
1.19975	13.279714389424766
1.2002249999999999	13.737707071529956
1.20085	14.022389575269651
1.20135	14.281235236333744
1.2022749999999998	16.109802911892174
1.2028249999999998	17.58969024147484
1.203275	17.41484846242148
1.2038	17.37578530751092
1.20445	18.615424513606488
1.2049750000000001	18.459382946616717
1.205475	19.174156260250328
1.205975	18.513434217358412
1.20655	17.571325084267375
1.2070750000000001	16.07213455683385
1.207625	14.787610274054844
1.2081	14.370210472433902
1.2086	15.781294064371439
1.2092	16.20534220393846
1.2096500000000001	16.940955541167973
1.2102	18.356109297081986
1.210725	18.098064695316154
1.2111500000000002	17.06124549381929
1.211675	17.078621465588384
1.212275	15.401536553093997
1.212875	15.388048565305754
1.2134500000000001	15.160824016400303
1.214	15.323015711342869
1.214475	15.980624958831104
1.215125	17.042416645913388
1.2158	15.944154420960691
1.216825	16.707678721374453
1.2173	17.408417876533324
1.217825	16.949120509637805
1.21825	16.513520488309478
1.218725	16.403274647441055
1.21925	15.82925125076742
1.2197500000000001	16.201977286935247
1.22025	15.87443107326039
1.2207750000000002	17.605968967614565
1.221275	16.964737101311623
1.2218	17.56464785355649
1.22225	15.890390910834174
1.2227000000000001	16.14242231938607
1.223575	15.519422098119943
1.22415	16.949810817436553
1.22455	15.87730147135771
1.22495	16.04192185247975
1.225425	16.597719424401244
1.2261	16.412581433967876
1.2267	16.970758353309193
1.2271500000000002	18.37042461754418
1.2275500000000001	19.88425062513869
1.22795	20.304701816285128
1.228475	20.038284311493808
1.229	19.504472813836482
1.2295500000000001	19.771943328479207
1.230475	20.115724306947143
1.2309999999999999	19.06603908406842
1.23145	18.467512802928816
1.2319	18.832581123802754
1.2324499999999998	18.807947949829614
1.23295	17.834747745160996
1.2336	18.43816119455869
1.234175	19.040276615989814
1.23475	17.29595556550891
1.2353750000000001	17.04286728816816
1.2359	16.247487956643877
1.23635	15.249178583131492
1.23695	15.255346888416504
1.2374	15.44260542915814
1.2379499999999999	15.706069918767978
1.238575	16.349104152524163
1.2392750000000001	16.221959760255935
1.2397500000000001	14.959039716464364
1.2403	15.090137647575913
1.241025	15.154107587833101
1.2415500000000002	14.525465103579213
1.241975	15.082600395534246
1.24255	16.58213598353677
1.24305	16.34854821803786
1.2435	16.27316246062694
1.243975	16.75112046842402
1.245	17.124241297113144
1.245575	17.64388853604959
1.246075	18.31051112010964
1.24655	16.90396114189236
1.24695	17.153903745911574
1.2475	16.597547280507786
1.24815	15.194402856015111
1.2491750000000001	15.656945301227994
1.249775	16.784973312841778
1.250275	17.053564982250926
1.2508	16.5399565917258
1.25145	15.80446214356051
1.25205	15.641717280316772
1.25275	14.533420579983655
1.2532500000000002	13.16932217507525
1.254175	14.34528245364322
1.2548	14.913114289203968
1.2553500000000002	14.38112439288618
1.255875	15.483275944162704
1.2567	16.667423073457837
1.257175	17.382058678150806
1.25825	18.27710054664245
1.258675	20.231320186084165
1.25915	18.96307674705355
1.259625	18.883811298656216
1.260075	18.787751077702392
1.26085	18.03678611893407
1.261475	16.39177477611242
1.262125	18.35042347197135
1.26265	18.07994302651316
1.26305	18.409594512187365
1.2634750000000001	19.277315036510007
1.264	20.712869573501138
1.2645	19.42158099857642
1.26495	18.567681050113997
1.26555	16.884218662013772
1.2661	16.3428585943171
1.2665499999999998	15.077661364113125
1.26705	15.741884802981494
1.267625	17.65591102545077
1.268225	18.768431422676233
1.2687249999999999	18.496307045044897
1.26925	20.000320895977566
1.26985	21.082317707728794
1.270375	19.440020277124884
1.27105	18.216120136037826
1.2715500000000002	18.933768330915626
1.2727499999999998	17.26645321146323
1.2733500000000002	15.481098672096367
1.273875	16.535615629640862
1.2744	17.120499143785324
1.275	17.73545731468245
1.275625	18.536053598619368
1.2761500000000001	19.705797428097032
1.27655	20.184435103847328
1.276975	19.781722854683732
1.2775	18.398006957934896
1.278175	18.72385854106542
1.2788499999999998	18.162147839793644
1.27935	17.226744977094455
1.2798	17.47554141641331
1.2802499999999999	18.59828421667082
1.2806499999999998	17.003728878354632
1.28115	17.74578393623776
1.2817	17.035058056665743
1.2823	17.14548096555746
1.2829249999999999	17.403749770264525
1.28455	19.010640113381694
1.2851	18.473648744381233
1.28565	18.80680067262363
1.2861500000000001	18.835233759668615
1.2868	17.549552676364847
1.2874500000000002	16.36932628500192
1.288075	15.994683239361695
1.2886	17.01356879670291
1.2891249999999999	18.376856977528522
1.2895500000000002	17.86136251018845
1.290075	16.646430392757292
1.2906	15.276577084170599
1.2911	14.353512413801536
1.291725	12.00417889437457
1.292175	11.506029773579362
1.292725	12.107204399537231
1.29325	11.929479575296783
1.2938	11.275398908696548
1.294375	13.469670792359349
1.29485	15.831802443402468
1.295925	17.18896357549581
1.2971249999999999	18.950059396477396
1.2977500000000002	20.323773532288225
1.2982500000000001	20.788239903797127
1.2987	20.70225727356932
1.2992	20.187712354723956
1.2996750000000001	20.010114586564526
1.3003	19.742709787183514
1.30075	19.695787742986735
1.3012249999999999	21.061946967647895
1.301825	22.292605217092223
1.3024	23.000931603113003
1.3029249999999999	24.290022787046407
1.30335	24.589340912184454
1.303925	23.338371944204194
1.30445	23.1584014003997
1.304875	23.695271952345248
1.305525	23.594923842444484
1.3061	23.674312441262444
1.306625	23.346639410331097
1.3075999999999999	23.072454665638727
1.308175	21.7152752071692
1.30865	21.09413242876902
1.3091	18.935948656845852
1.3096500000000002	18.14431160036794
1.3107	17.378392242709037
1.3112	17.265122703620836
1.3116500000000002	16.98024264990388
1.312075	16.888638485511375
1.312675	17.20185410112554
1.3132249999999999	16.829564419100354
1.31365	17.085842878787886
1.3141500000000002	17.051702875136005
1.3147499999999999	17.698731301843285
1.3153249999999999	18.34269223825505
1.315825	19.33734281778756
1.3163	19.952285219359148
1.316925	20.515679510566112
1.3174249999999998	21.79907171259193
1.3179	21.680781335987604
1.318475	23.525356504273116
1.31895	23.84906835395547
1.319625	21.449939543602856
1.3201500000000002	18.53144436779541
1.320575	17.563612717388402
1.3211249999999999	14.383237672687123
1.32155	13.164679386054624
1.322025	14.215144402731731
1.322575	15.039673623557796
1.3231249999999999	17.28737442889143
1.3235999999999999	18.427797014869864
1.3242	19.38513847517714
1.32475	19.8442861683322
1.3258500000000002	21.099454657326362
1.3263	19.092191374998432
1.326875	19.401075260262072
1.32735	17.426630027210376
1.32775	17.28706183613256
1.3282	16.881895559056442
1.3286499999999999	18.01899907478385
1.3292	17.125005090213424
1.329825	18.140976323834145
1.33045	19.437782888645675
1.3311	20.152384209085152
1.33165	19.40460352070507
1.332125	21.546537621428048
1.333275	23.649834957673953
1.33375	24.922102218653144
1.3341500000000002	24.969878680125536
1.33465	24.87515367917007
1.3352	24.707004859462458
1.33575	22.424457538167452
1.336425	18.88373639471539
1.337125	16.37951032423314
1.3377249999999998	15.647193864606876
1.338225	14.599961881955807
1.33875	16.310198589492927
1.3393	18.1011073863509
1.339775	20.86400845568966
1.34035	22.3474000748301
1.341375	23.085756276187745
1.34185	22.857578998944902
1.34235	22.601622904216413
1.34285	22.056584278717146
1.34335	20.54091556882373
1.34375	20.15984464693979
1.34425	20.551796240050095
1.34465	20.712764837226118
1.345275	21.14173293413461
1.345825	23.83863477939179
1.34645	23.318041398324187
1.3469499999999999	21.642035628648937
1.347375	20.611806436503667
1.3479	19.027117889756134
1.3484500000000001	18.242112182341707
1.3491	18.660110035553192
1.349775	19.37161878112341
1.3503	20.3082473111791
1.350925	21.43390523656302
1.351375	21.632786303423565
1.3519500000000002	20.98526355097472
1.3526500000000001	20.725557726516538
1.35325	20.69996796361321
1.35385	20.45484044652157
1.3544	20.740378543684
1.355075	21.059278837716068
1.355575	20.380557105854475
1.3560750000000001	19.85768376272623
1.3567	19.164431644920317
1.35715	17.56310571652238
1.357675	16.433190526231705
1.3581500000000002	15.748472386110617
1.358575	16.33442790327724
1.3591	17.06027251833364
1.3595499999999998	17.325864356430703
1.36005	18.291956356141252
1.360575	20.399435542936626
1.3610499999999999	20.783247759729065
1.3615	19.81401159346033
1.36205	20.160963439240746
1.36255	20.665521433173335
1.3630749999999998	20.311551618504875
1.3636	20.872704839019214
1.3642	23.264763379653097
1.3647500000000001	22.905478615688455
1.36525	22.710234493198868
1.3658249999999998	22.31983228929407
1.366425	22.263428334271207
1.367025	20.676440406689164
1.36755	22.438761314464575
1.3681	23.46077268726611
1.368675	24.87440652635602
1.36925	23.747496686853747
1.3697499999999998	23.63916989724254
1.370325	22.520466567248715
1.3717	20.49104309145576
1.37285	19.290961491515187
1.373375	18.21563270973119
1.374525	18.36473103990025
1.375	18.7591104937694
1.3755249999999999	20.850170057008025
1.3760499999999998	21.079612056805466
1.3765	22.821585969924772
1.377075	22.796970638052745
1.3776499999999998	22.338782461239344
1.37815	21.229270622206037
1.3786500000000002	21.406088648258397
1.379175	21.915044102824982
1.379675	22.11860200744582
1.3801500000000002	21.579180333483908
1.3806500000000002	21.620999855551297
1.381125	21.838320730775443
1.381675	21.410403371153585
1.382225	20.743470193534325
1.382775	21.535134876494734
1.3833499999999999	22.749723761746974
1.38395	22.96684601790047
1.38435	22.93169413923253
1.3847500000000001	23.509781343274632
1.385225	22.30353483601455
1.385875	20.822294195690144
1.3863750000000001	20.605392112852144
1.386925	21.695366873997894
1.3874499999999999	21.861500249089307
1.3879249999999999	23.12981739746218
1.38845	23.101290652487084
1.388925	22.928351718760496
1.389425	22.19326222791442
1.38995	23.29662719134615
1.390775	23.784524240606356
1.391325	24.800741862600926
1.3918	24.282616347586664
1.3923250000000003	22.745685485847357
1.3927999999999998	22.39271190332067
1.393325	20.559520434513804
1.393925	20.069272291011607
1.394425	20.000244568549217
1.395025	19.802562054043044
1.39545	19.089453627337374
1.3958499999999998	20.82324273246041
1.39625	21.855686349074727
1.3967500000000002	23.409058636548632
1.3972499999999999	24.97004118264931
1.3977	26.335000514033975
1.39825	25.319079548331946
1.3988	23.340143727833155
1.3994	21.915444318298192
1.399875	22.1905858394086
1.4004750000000001	20.145686696800947
1.4009500000000001	20.130244275782474
1.401425	21.73938999213472
1.4019249999999999	21.133377510063415
1.402525	20.609259592640953
1.4030500000000001	21.147866483194708
1.4034749999999998	19.495028542171788
1.40395	17.31792899765052
1.404375	17.526000902161254
1.40495	18.248649266297406
1.405525	17.946313939127297
1.40595	19.67182497364557
1.40645	20.314431624141722
1.4076	21.970377784919325
1.4080499999999998	20.809124711438734
1.4085500000000002	22.36181083122305
1.40905	22.131018059046266
1.409525	22.881099267974083
1.409975	22.31263252047345
1.4105	21.606511264610866
1.41165	20.29267045651971
1.41215	19.64505677471026
1.412725	19.733397843381116
1.413275	20.09081541168063
1.413775	22.277022999216797
1.4143	24.846871025281217
1.4147750000000001	27.37281962349913
1.4154	27.937143093266624
1.4159249999999999	29.444769711863554
1.4165	29.722374672894745
1.41705	28.461873008182305
1.4174499999999999	27.325714497828894
1.4184249999999998	27.930888150494546
1.41895	27.041664460287798
1.41935	26.41358298132594
1.419775	26.930025218569792
1.420325	27.011779063591852
1.42085	28.193189757639743
1.4213500000000001	27.667279888929254
1.4219499999999998	27.516646419222937
1.42255	26.612296741597223
1.42325	26.413976382888002
1.42375	24.36288353352641
1.4243000000000001	24.360670030290827
1.4248500000000002	25.17063451100967
1.4253749999999998	25.82953281579151
1.4260249999999999	26.24952401489439
1.4265750000000001	25.11378390763777
1.4270999999999998	25.00615249580394
1.4276	23.25182937860715
1.4281249999999999	22.69944120680724
1.428625	22.242467782601015
1.4292	23.018484911540103
1.4296499999999999	21.71969327455191
1.4301	22.62714768039962
1.4307500000000002	23.6875663007252
1.4315	24.070248829037784
1.432075	24.76724173156934
1.43265	27.53376280986095
1.43315	27.048167539624192
1.43365	24.619109947058956
1.4341	24.159832846712682
1.4351	24.06821400089757
1.4356499999999999	23.09080638274625
1.4362249999999999	23.181435089833716
1.4366500000000002	23.808708152756942
1.437075	23.888382159660193
1.43765	22.448918675890006
1.43815	21.74867618220418
1.4386	23.01487019447533
1.43925	21.71259939780636
1.43965	20.966165880974714
1.4402	21.76643895927455
1.4411500000000002	21.080852391625566
1.4417749999999998	22.15415424637416
1.4423499999999998	24.619294079884778
1.442925	26.677751169389953
1.4435	29.030564220988648
1.4441249999999999	31.23455118944983
1.4450500000000002	28.900840362327127
1.44555	29.403496671819184
1.4460499999999998	29.912985733610643
1.4466999999999999	29.48356642607053
1.447275	29.737211042563334
1.4484499999999998	30.452069486328067
1.4488500000000002	29.10171229136636
1.44955	26.490262258598072
1.45015	23.91114785289319
1.450625	22.605609037437794
1.4511500000000002	22.549097131641137
1.451625	24.323880922997606
1.45205	25.825095678470408
1.452525	28.53464084088699
1.4531749999999999	28.399157704459412
1.4539499999999999	28.53183632897879
1.4546000000000001	27.576766099948784
1.455225	27.785179064381236
1.455725	27.166780962175633
1.4563	26.936934542683034
1.4567999999999999	27.117321371976804
1.457325	28.058236591648164
1.457825	28.451182060349225
1.45845	28.365175251878355
1.4589	29.476813429803414
1.45935	30.18318907923886
1.4598499999999999	28.97989595491965
1.4604	29.237704495284277
1.4608750000000001	29.31817578132826
1.4614500000000001	28.553798211750156
1.462	29.00475362874139
1.4625	29.286742184703527
1.4630750000000001	29.52701295151783
1.463625	30.846227462275664
1.46405	31.710240720206908
1.4646249999999998	31.666653816276074
1.4657499999999999	32.42535511375352
1.466275	31.522234189994307
1.4667499999999998	31.490478977771655
1.46725	32.60584705406005
1.46785	30.85852085849439
1.4685249999999999	30.909442207377786
1.4690500000000002	31.503555029196434
1.47015	30.05538847723824
1.470675	28.56691691340848
1.471725	28.71402505966652
1.4722499999999998	28.068641320405636
1.4727999999999999	29.374580209506583
1.473525	30.252646366890076
1.473975	30.317164981654415
1.4746000000000001	31.683546041351672
1.4752	31.592682838533968
1.4757500000000001	30.23974430939777
1.47625	28.071066503460344
1.47685	26.665235071788167
1.477425	24.716339022408647
1.478125	24.940676907670596
1.478775	24.9301845949973
1.4795	26.536713356847663
1.48	29.09011505457876
1.4804999999999997	30.53057270729609
1.481575	30.29813865841222
1.482275	30.797945351624357
1.482875	30.645719932734313
1.48345	29.334196311973137
1.4838500000000001	29.705324535613805
1.484325	30.328354246648875
1.4848249999999998	28.539060639426104
1.4854	29.2897236225694
1.4859499999999999	28.389897454547988
1.4865249999999999	27.155017699630385
1.4871500000000002	27.42177015614319
1.487775	28.5072027519941
1.488375	27.684706219817297
1.489525	28.6270898073268
1.4901	30.13633867775887
1.4906	30.9064777198328
1.491075	32.0295644223745
1.491625	32.749964948511995
1.4922	33.621989970485615
1.4927249999999999	32.454585542040896
1.4931750000000001	31.738949490456026
1.49365	28.963998152285164
1.4941749999999998	27.700874502601163
1.4947	27.421828790988016
1.495325	27.269718312916655
1.4958500000000001	26.282628523490455
1.49665	28.299999262945562
1.49715	27.762766986131222
1.49815	27.158340216699987
1.498775	28.17540235791365
1.4993	28.784261905603447
1.4998500000000001	27.396158357089178
1.5002499999999999	28.977435869553286
1.5007499999999998	30.303960360049977
1.5013500000000002	30.056822216956927
1.501875	30.019060956404658
1.502425	29.541244556584896
1.50295	28.74260247166625
1.5033500000000002	28.18726629847858
1.5038749999999999	28.719888334991314
1.5045	28.99569989936121
1.505725	31.944611716388362
1.50615	33.90370460326412
1.506775	33.756083084983906
1.507325	33.92684372746775
1.5078749999999999	33.93723355963586
1.50835	32.853801885486774
1.5088	31.3691350259004
1.5093999999999999	30.888979170043367
1.509875	29.581732532114664
1.51035	28.363356340190823
1.5108249999999999	27.39700601498435
1.5112500000000002	27.79465923494129
1.511825	28.93356418411236
1.5123	29.879187100981355
1.51285	31.09869131623245
1.51335	32.10652820802727
1.5139999999999998	32.988224410109986
1.51445	32.23746133991773
1.515	32.23250899342938
1.5156749999999999	32.30175150457794
1.5162749999999998	32.29761171258203
1.5176	32.3728559827881
1.51805	32.64550385808753
1.5186499999999998	33.39071895192747
1.51915	33.053366499463756
1.519675	33.227687067609615
1.52025	31.657709487418728
1.5208	31.161984949362232
1.5213	30.180167789617204
1.521825	31.448904889960588
1.5225	32.44099718449446
1.5232	34.470440321375555
1.523775	35.74784048804329
1.5244	36.42336856317729
1.52485	36.259574275949056
1.52535	34.98572256595061
1.5258500000000002	33.57940447146867
1.5264499999999999	32.98096578376691
1.527025	32.24494202409468
1.52755	31.108232287980083
1.528025	31.66517093486768
1.5286	31.800038706708314
1.529225	31.72134376651696
1.529825	32.97036033305616
1.53035	33.36900376224161
1.5309	32.18326123984018
1.5313750000000002	32.13613565043293
1.531975	31.948294150280287
1.5325	30.807325082162162
1.5330249999999999	29.64047796023677
1.5334750000000001	29.984603548297404
1.534125	29.91636664510295
1.5348	29.743079027974034
1.535425	29.37025011716229
1.535925	30.024686384343106
1.5364250000000002	29.83898669958391
1.5368749999999998	29.949839306383637
1.53745	31.736418086483205
1.53785	33.507951923242864
1.5383	34.34190559708448
1.538875	35.55136603803058
1.539375	35.50989423554923
1.5398749999999999	33.22564292238795
1.5404	31.912804862854372
1.54095	32.108014872727146
1.5415	31.33060835677542
1.542075	31.869665646085625
1.542575	32.04232199693751
1.5431249999999999	31.8497254120625
1.5436	30.945409013767453
1.544125	30.053563305467108
1.544575	29.9675697794162
1.545175	29.637877516612644
1.5457500000000002	28.717387704281702
1.546225	27.297364028577345
1.546725	29.74776409934983
1.547275	31.41929456036052
1.5478250000000002	32.59187445926362
1.548875	35.07683823482411
1.550175	37.1791045195366
1.55065	35.920644549928774
1.5511	33.08870020923408
1.5517	31.801058117731287
1.552325	30.41114520426808
1.552825	29.510836504200775
1.5534249999999998	29.644463983982035
1.554025	30.8920867781857
1.554625	31.278067255737437
1.555225	31.20400404231209
1.5557750000000001	32.019962308471634
1.55645	31.694466208993603
1.55705	31.59923235334877
1.55755	31.508746401050338
1.559075	30.80313115195369
1.559625	30.245092651049397
1.5600500000000002	30.16004319104106
1.5606	30.233579728614448
1.56125	29.681732511731376
1.561825	29.446094232456076
1.56225	28.7681740782937
1.562675	28.41074687542496
1.5632249999999999	28.876855528917254
1.5636999999999999	29.37928016919268
1.5643	30.715490821025604
1.56475	31.84780839543385
1.56525	32.429405591031845
1.5657	31.69099619292434
1.566225	32.77810215447006
1.566725	33.13583872442036
1.5672499999999998	32.85629272205502
1.5677500000000002	31.402278085074723
1.56825	30.307850395930263
1.5688499999999999	29.22075270549554
1.5693249999999999	28.308537449585046
1.56995	27.183254885054613
1.5710499999999998	28.01992177498398
1.57145	28.488093601586023
1.572025	28.441450677358553
1.5726499999999999	29.903347251679236
1.57315	31.46085495469666
1.5737500000000002	32.792727376976366
1.57425	33.28040271002072
1.57475	35.45831490656266
1.575275	33.69343940806772
1.5758500000000002	32.613911600487775
1.5763500000000001	30.33521544635666
1.57685	29.97816195214166
1.5772999999999997	28.906976537103173
1.57795	29.85985901958891
1.578375	30.70531705979498
1.57885	32.466962450021164
1.5793249999999999	32.198687702035265
1.57975	32.30657770569056
1.5803	32.279265944694046
1.58085	32.84531590073003
1.5813249999999999	32.2757694066045
1.58175	33.010321504508376
1.5822500000000002	32.894399147804165
1.5827749999999998	33.44836865407749
1.5833499999999998	33.63134398117955
1.583825	33.94172101420234
1.584375	34.10405447119463
1.584925	34.30445250156208
1.585375	33.93212203566485
1.58585	32.4685276710085
1.5863	34.006267747767666
1.58675	33.72238637926791
1.5871999999999997	33.85965418689525
1.5877500000000002	34.21227952380624
1.588325	34.87623347337238
1.588925	33.87456666693327
1.5894499999999998	35.15633321785657
1.59	33.8476612406709
1.590625	33.24230647249159
1.5912499999999998	32.344145227770795
1.59185	31.96954343779845
1.592425	31.320535616897907
1.59295	32.250175257491115
1.5934249999999999	32.43975831545014
1.59385	33.603893761586704
1.594425	32.60446891365707
1.5949	31.39077540113142
1.595425	31.167250231766143
1.5961	29.495072768510568
1.5966250000000002	29.764685617361238
1.5977000000000001	30.868561020672114
1.5987500000000001	31.239842215118575
1.600025	31.247158216294398
1.60065	32.797157188372275
1.60155	31.399282729754418
1.6020500000000002	31.118180074655744
1.6024500000000002	31.34640580153951
1.60295	32.36366148202745
1.60355	31.603379998957205
1.604625	31.316664750853498
1.6051	30.159053518430454
1.60575	30.185159911978563
1.6064	29.013385285940963
1.60685	30.720058600947297
1.607375	32.31057291569025
1.6079750000000002	35.34827598172501
1.6085500000000001	37.303235231528035
1.6092	37.34315807667722
1.6098	36.66077104471132
1.6103	34.96613341848826
1.61085	31.28325431412893
1.61135	29.658327343151935
1.61185	29.58989440378198
1.612325	28.553862643636585
1.6129499999999999	29.80814350888995
1.6134	31.035148751222476
1.6140249999999998	31.838387699805224
1.615125	32.404675457330555
1.6156499999999998	32.734471561670524
1.616075	31.904375347191138
1.616825	32.12742117913816
1.61745	31.86599991517188
1.61785	32.50921600599393
1.618325	32.66527625576401
1.618875	33.93942843456408
1.619425	34.55264623728501
1.6199	32.1048439883217
1.6204500000000002	29.01835751767486
1.621425	27.173877157087237
1.6226500000000001	25.13212000446488
1.623075	24.232410934494123
1.62365	25.728212451611387
1.6241500000000002	27.607974173823106
1.6246749999999999	28.451470810568598
1.6254	30.11431520830294
1.62595	31.765255938037708
1.6264500000000002	32.12196709445544
1.6268500000000001	32.20671326015586
1.62725	34.16257530128953
1.62795	34.64796664980143
1.628525	34.744433634227626
1.629025	34.305660242239775
1.62945	33.86981686451804
1.6298749999999997	33.55516636663373
1.63045	32.10765563500075
1.630875	30.59687599148817
1.631425	29.26890099707781
1.6319	28.28165497792749
1.63255	25.63535689298125
1.63315	25.78178874849327
1.6337249999999999	25.69418961325923
1.6345	28.151680715398665
1.6351499999999999	28.580255587409052
1.6357	30.40618721522293
1.6362500000000002	29.999191435939277
1.63665	29.6559360266732
1.6370500000000001	27.211251699871994
1.6376999999999997	29.03734861094523
1.638225	29.394763069548283
1.6386500000000002	30.79479393892704
1.6393	33.58267113927726
1.6397499999999998	35.33724599694663
1.640225	32.27956905973657
1.640825	32.91691029658708
1.6414999999999997	32.04771048092198
1.641975	28.856731985005336
1.64255	28.40036561251701
1.643175	30.346406976109286
1.6437249999999999	29.4687057030902
1.6448749999999999	29.9718763851515
1.64545	31.772414060069003
1.6460500000000002	32.739975773684925
1.646575	33.740808508651206
1.647125	33.31314561292402
1.6476499999999998	32.968837899281795
1.64805	32.98129954562023
1.6486	30.170326873027566
1.6492	28.87756865014352
1.6499	28.484276681120065
1.6504500000000002	29.45544466307857
1.6509	27.522537441862763
1.6514	28.469902692514268
1.6519	28.725393771532286
1.65265	29.526745688589955
1.6532499999999999	28.009153226225084
1.653875	29.494730795517782
1.65435	31.489325653579925
1.654925	31.508016322169045
1.655525	31.025308563767027
1.6561	32.077936877153405
1.656675	30.89340294409453
1.65715	29.897820325835617
1.6577	30.628351071308956
1.658425	29.814041796121504
1.658925	28.761848584553306
1.65935	30.02905542654949
1.65985	31.572585327517864
1.6604500000000002	31.606834013441198
1.6609	34.21786608539522
1.661475	35.005861905804224
1.6621	35.04321225230571
1.662575	34.05779352750239
1.663125	35.51292163224714
1.6636499999999999	36.02505157867381
1.66415	38.152337003462435
1.66475	39.67870300176787
1.66515	39.39852760356818
1.6656499999999999	36.93419419683095
1.6661	36.4397183916905
1.6666750000000001	34.44223853259378
1.66715	33.113198870255
1.667675	31.568305145030475
1.6682	31.234244827023296
1.6687750000000001	29.478450477119818
1.66935	29.573853870459818
1.6699	29.42906637071291
1.6705	30.996021150201944
1.67095	31.69361675118432
1.67145	31.299516973713455
1.671975	31.029194522731437
1.6724999999999999	31.603186998340853
1.67325	32.15948505181541
1.6739	32.63832477444092
1.6746500000000002	34.624804528526816
1.6751500000000001	35.92092763822154
1.6757499999999999	34.98756054234363
1.6762499999999998	35.00199537262091
1.67675	35.31220286744603
1.6772500000000001	32.673757230987285
1.677675	29.834121339090043
1.678175	29.811558289027126
1.6787	29.024204387310046
1.6793749999999998	30.09461423802747
1.680075	30.341068269647213
1.680575	31.84422575159689
1.681175	32.002876194875036
1.6818499999999998	30.670102799364553
1.6824249999999998	29.112818914051328
1.682925	31.453363159232975
1.683425	33.01213766337719
1.6839	33.44483583256368
1.68435	35.14886371038103
1.6848	33.714760076647465
1.6852500000000001	31.721508033023447
1.6858	30.41172250225497
1.6863249999999999	29.245999034331813
1.6868750000000001	27.75569452937034
1.687525	30.23386790758639
1.68795	31.21202955775974
1.688375	30.841955256835927
1.6889500000000002	30.949646977154174
1.6895	31.788963911210317
1.6900499999999998	29.40189844418705
1.69055	29.03047532386079
1.6909750000000001	29.38751203732037
1.6915749999999998	29.93058213165551
1.69205	30.444009425208527
1.692725	29.1744873929519
1.6932500000000001	28.097292027765477
1.6937	27.58891257790496
1.6942	26.893872497540467
1.6948750000000001	26.648278180497517
1.6953749999999999	29.512903504605692
1.695875	29.54268663531285
1.69635	28.383506184981755
1.6968	28.296422966873823
1.6973500000000001	28.35309525939111
1.698	27.535030421473238
1.698725	27.591975680896468
1.6993	28.83826901290128
1.699775	30.32953221268939
1.7002499999999998	28.76324829915891
1.7008	27.790406569165718
1.701275	28.748858907865298
1.70235	29.558443140566087
1.702775	27.322578904699856
1.7033	29.617503744137746
1.7037499999999999	30.560199176909435
1.704275	29.905300127045095
1.704925	28.01464263492043
1.70555	28.388802311000713
1.706	27.15325484734334
1.7066	27.54232074663099
1.7071	29.032939226261007
1.70755	29.689985068433877
1.708	31.745827946290294
1.7085749999999997	31.65877752036967
1.7091500000000002	32.141486542955064
1.70965	31.874722985475763
1.71025	32.21086655027217
1.7108249999999998	32.31427138520553
1.711325	32.380031296153845
1.7119499999999999	31.1499403949763
1.7125	30.877467518029686
1.713025	31.74191979728069
1.713475	30.036423973738554
1.7139499999999999	28.75985186828636
1.71445	28.739235293630273
1.71505	28.155869222712987
1.7155250000000002	28.81015576197612
1.7159499999999999	30.852962582197968
1.7164249999999999	32.319564273215796
1.71695	33.209690310459514
1.7174	34.43771961561362
1.71785	34.6211415476825
1.718475	33.80435486978655
1.71895	34.16259279778038
1.7194500000000001	34.82978629258319
1.7199499999999999	34.28273847678474
1.7206	32.548550135530206
1.72125	31.445548024347957
1.721825	31.08977554408055
1.7223	30.844399720413232
1.722925	29.460959810898636
1.72345	29.576742855730245
1.723925	29.314218455053343
1.724675	28.624317329196387
1.7251750000000001	28.08123870747696
1.7257500000000001	29.633180785740127
1.7264249999999999	29.786788662044227
1.7269500000000002	30.79429801125851
1.727475	31.249481154148658
1.7281	31.084573334039327
1.72855	30.47627094494655
1.728975	30.60398948570285
1.7295250000000002	30.345451322667287
1.7301499999999999	29.877433394670454
1.730725	30.405729341821914
1.73115	30.103927041877718
1.731675	29.677129465137124
1.732325	30.124973313911596
1.73285	29.871340619191038
1.7332500000000002	30.012752388616956
1.7342499999999998	28.680811810866334
1.7351750000000001	28.320301939968726
1.735675	28.082611806408465
1.73625	28.993409504044685
1.7367750000000002	28.176993560163254
1.7372999999999998	30.893436339199265
1.7379	32.26470457533202
1.7383499999999998	33.10118719825164
1.7388499999999998	34.71104986173566
1.739425	35.70234343529032
1.73995	35.14504230519949
1.7406	34.901781690860176
1.7412	34.06942689182363
1.7417500000000001	33.515305773735726
1.7423499999999998	33.20175730113417
1.743925	31.880547182239255
1.744475	31.039395106834593
1.74505	30.688352628298386
1.74555	28.770428461408223
1.7460250000000002	27.36381311600924
1.7464499999999998	28.195301529183713
1.746875	27.851970256047643
1.7474750000000001	28.797665420607043
1.7481	30.60983290167165
1.748675	32.18341054517089
1.7493250000000002	33.01982116832039
1.7499	33.0021959971003
1.75035	31.26050368183404
1.7508249999999999	30.44527524889847
1.7513750000000001	28.29137719496576
1.751925	27.041739207805463
1.752475	26.860037928382862
1.75305	28.22883221677192
1.7536250000000002	29.292448118107
1.754225	30.85544736919405
1.7547499999999998	33.09470947215258
1.75525	34.37614352405902
1.755825	34.884303849266026
1.756325	34.92031595881278
1.7569249999999998	36.09371927225019
1.75735	34.532176329851076
1.758475	35.66734245681276
1.75905	35.40264694057643
1.7596	33.93599264570281
1.7601999999999998	34.26807374442252
1.7607249999999999	34.128915736015664
1.7612500000000002	32.42970141795656
1.7618	31.457335002671858
1.762375	32.15447895975961
1.76285	30.55813556509586
1.7633	31.278217405739596
1.7637500000000002	30.662500313452966
1.7644499999999999	30.897006429749297
1.76505	31.53438515830096
1.76565	32.53239511655082
1.766325	31.873514785955095
1.76675	33.313515142920764
1.767325	32.80413611282604
1.7679	31.454651948174885
1.76835	30.43689059833885
1.7688249999999999	29.71675818794921
1.7694500000000002	28.8360096074194
1.769925	29.090465321041908
1.77045	28.0267526813117
1.770975	27.003081153285883
1.771575	27.99852615158649
1.7722	28.62338645418176
1.7728249999999999	29.43678665037772
1.7732999999999999	31.27222090678119
1.77385	32.62051106732993
1.77425	31.831659735265376
1.7746499999999998	31.404214899008544
1.7752500000000002	30.740998514648133
1.7759999999999998	30.501645505619358
1.7764499999999999	30.09034689317196
1.77705	29.597036503201696
1.77755	30.08819435628363
1.77795	30.16620583614492
1.778425	29.39382814912028
1.77895	29.430143982926104
1.77935	29.83319275767343
1.779825	28.971627799368505
1.780325	29.24264100865311
1.7809249999999999	30.13017188703572
1.7814999999999999	29.504600444538827
1.7820500000000001	29.505633325972113
1.782575	29.650344737610766
1.783125	29.738661007130595
1.7838	29.538184251745392
1.784425	30.36879824189885
1.7849	30.436281519756246
1.785525	32.2315704601787
1.78605	32.61544380634217
1.78645	31.364626464586017
1.7868999999999997	29.87532025061407
1.78745	32.00358278530601
1.7883499999999999	30.910808508595863
1.7889	29.21040625807592
1.790075	30.12644277269076
1.7905499999999999	31.00007964521859
1.7916	28.753332736544383
1.7922500000000001	27.508540531776834
1.7927	27.41615116232084
1.79325	27.906702157471837
1.793825	28.746728679879364
1.794425	30.310474431405815
1.79495	30.91288069801913
1.79595	33.36957369863528
1.797	33.11710716805328
1.7975500000000002	33.60358077693937
1.799725	34.2250874432635
