# Temperature (K)	C55 dvov (10^-5)
0.29714999999999997	-19.917909859313987
0.29755	-19.93078254044132
0.29795	-19.922440364375223
0.29835	-19.95509396441131
0.29875	-20.004516490147633
0.29914999999999997	-20.018386211444756
0.29955	-19.97284765232334
0.29995	-19.875811662248417
0.30035	-19.90643344306461
0.30075	-19.895661033317687
0.30115	-19.898052927989646
0.30155	-19.84203924046711
0.30195	-19.812329003773794
0.30235	-19.84009154002668
0.30275	-19.879809214796815
0.30315	-19.872541212021503
0.30355	-19.97691030443613
0.30395	-20.08163068187515
0.30435	-20.064060200073627
0.30475	-20.083893555221053
0.30515	-20.121745549545974
0.30555	-20.09528638370416
0.30595	-20.111058163487332
0.306375	-20.060704830872922
0.30685	-19.980478095460718
0.30732499999999996	-19.970306676190575
0.30784999999999996	-19.900596316807313
0.30825	-19.899357738827153
0.30865	-19.862229109322
0.30905	-19.859314603414795
0.30945	-19.82462543621432
0.30984999999999996	-19.85874808334764
0.31025	-19.90664799863752
0.31065	-19.956108138437862
0.31105	-20.012647308903915
0.31145	-20.025369772226718
0.31184999999999996	-20.05460599447545
0.3135	-20.03914842972809
0.31962500000000005	-20.091914075594328
0.328025	-20.127461743924307
0.33895000000000003	-20.16028441496971
0.352975	-20.200276700558824
0.36487500000000006	-20.24714898995711
0.36845	-20.232517871931275
0.36885	-20.237275845602973
0.36924999999999997	-20.23187829838247
0.369675	-20.155878744359633
0.3702	-20.10048189501799
0.37070000000000003	-20.02641509015093
0.37127499999999997	-19.991419286604465
0.371925	-19.98319897851839
0.37260000000000004	-19.929481064353197
0.37320000000000003	-19.855891992029296
0.3737	-19.863369463860575
0.37439999999999996	-19.84104417500909
0.375	-19.844252253766193
0.375825	-19.87928733640142
0.376425	-19.89785577553658
0.377125	-19.90142396763799
0.37785	-19.817750260165607
0.37875000000000003	-19.76138028599379
0.379675	-19.76373543098308
0.380375	-19.75347951175891
0.381125	-19.75176733874991
0.38187499999999996	-19.722546203957453
0.38255000000000006	-19.666782582443055
0.38355	-19.630535663158376
0.38475000000000004	-19.662008298213465
0.3855	-19.697528297616905
0.386475	-19.806106633756585
0.3874	-19.86523806890551
0.388425	-19.90975592885017
0.389425	-19.930104033184087
0.3903	-19.877905120215537
0.3914	-19.870312638575513
0.39207500000000006	-19.867288833912248
0.392975	-19.895812436258883
0.39385	-19.88943460771518
0.394725	-19.882103175392
0.39549999999999996	-19.8528136873059
0.39635	-19.84195035059944
0.39732500000000004	-19.834715651136644
0.398125	-19.796178765360438
0.39880000000000004	-19.803147914766782
0.399625	-19.83331465209733
0.40045	-19.899603195958164
0.40115	-19.953109931247248
0.401675	-19.916714814547
0.40227499999999994	-19.915249211067685
0.40295000000000003	-19.906813550372945
0.403475	-19.877282590330942
0.40402499999999997	-19.852521003427974
0.40445	-19.922906808352483
0.405025	-19.96744922355217
0.40547500000000003	-19.957639658627585
0.40605	-19.934591438320112
0.406575	-19.876152508026383
0.4071	-19.85336038263674
0.40754999999999997	-19.858725930345237
0.40802499999999997	-19.89276929628863
0.40845	-19.95236498759595
0.40885	-19.993655788974184
0.40925	-20.01612384014932
0.40965	-20.01685260020741
0.41004999999999997	-20.010180034008034
0.41045	-19.99140581191106
0.41085	-20.032780781791953
0.41125	-20.155671043169033
0.41165	-20.19777077338448
0.41204999999999997	-20.118414036829623
0.41245	-20.022549826741045
0.41285	-19.979481155660483
0.41325	-19.87162470706768
0.41365	-19.842368639866823
0.41409999999999997	-19.843828231650583
0.414575	-19.824225387806358
0.41505000000000003	-19.773933300139447
0.41545	-19.669299592847434
0.41585	-19.588955135563637
0.4163	-19.580195462040876
0.41675	-19.556027838005903
0.4172	-19.51189256475248
0.41775	-19.50764570838003
0.41814999999999997	-19.3826984176191
0.41855	-19.360155983612
0.41907500000000003	-19.377383755682583
0.4196	-19.48367957368976
0.42014999999999997	-19.55345720848776
0.420725	-19.693652796471536
0.421275	-19.745573731763834
0.4218	-19.882556012892955
0.42225	-19.94488561867977
0.42279999999999995	-20.030406561803005
0.42335	-20.16584372582562
0.42395	-20.25036009267332
0.4245749999999999	-20.283640191464876
0.42512500000000003	-20.169740166547985
0.42569999999999997	-20.12082848376386
0.42624999999999996	-19.979335552211683
0.426825	-19.969685882384105
0.4274	-19.92112201627156
0.42795	-19.915020953593643
0.42847500000000005	-19.83724403906777
0.42907500000000004	-19.81837747797104
0.429625	-19.74746790367625
0.43015	-19.686302500453714
0.43074999999999997	-19.705142738859948
0.431425	-19.66684295272539
0.43205	-19.690290083784088
0.43255	-19.629010452187398
0.433	-19.652866227142407
0.4336	-19.60365313837669
0.4341	-19.595322704260024
0.4346	-19.522341699720695
0.43520000000000003	-19.49277641319558
0.43565	-19.493790226702426
0.43615	-19.47130892734721
0.43674999999999997	-19.51266288581751
0.437425	-19.549524886583306
0.437975	-19.644358724178502
0.43845	-19.625713657322216
0.438875	-19.663797750792817
0.43935	-19.697022757213375
0.439875	-19.7556458311575
0.4405	-19.809667751390243
0.44107500000000005	-19.834879702636524
0.44165	-19.849684429672557
0.442075	-19.79418792355127
0.44262500000000005	-19.784154797366728
0.44305	-19.757858841056116
0.4435	-19.78798722194578
0.44405	-19.823343397349408
0.44449999999999995	-19.868269210656226
0.44505	-19.90354202099378
0.445525	-19.899354608482536
0.445975	-19.97721029457663
0.4466	-19.97521873839525
0.44715	-19.969676059774496
0.447575	-19.916848078372926
0.44805	-19.916123852845704
0.44844999999999996	-19.900127421784674
0.44894999999999996	-19.862950406696783
0.44935	-19.794370996586995
0.44985	-19.799798469452842
0.45039999999999997	-19.78285993140605
0.45099999999999996	-19.611073551698173
0.45155	-19.545289240705795
0.452025	-19.590694648742506
0.45249999999999996	-19.62753299167023
0.45305	-19.637429590398593
0.4536	-19.627509803142008
0.45415	-19.61682600916314
0.45465	-19.657785786196012
0.4551	-19.67656623108849
0.45565	-19.684290339993115
0.45605	-19.720851394861093
0.45649999999999996	-19.770565537146172
0.457075	-19.772030704202294
0.45765	-19.82618906171298
0.458225	-19.827759515032987
0.45867499999999994	-19.803361887787226
0.45927500000000004	-19.80348376023064
0.459825	-19.72258339428188
0.4603	-19.72113891699261
0.46087500000000003	-19.79307117219853
0.46145	-19.883472017620097
0.46185	-19.916921941911944
0.46235	-19.95791078941851
0.4629	-19.933439148374834
0.46335000000000004	-19.894172680907975
0.46385	-19.83179740308668
0.46447499999999997	-19.82030550516243
0.46509999999999996	-19.843429663638027
0.4657	-19.798244315195596
0.46615	-19.72402505055247
0.46672499999999995	-19.726840169916034
0.467175	-19.772771873508475
0.467725	-19.741080731683184
0.468175	-19.711703256267235
0.4687	-19.743162081576322
0.4693	-19.801073810523707
0.46985	-19.85850630513403
0.470275	-19.921634574467163
0.47087499999999993	-19.970013679721987
0.47135	-19.918851117101593
0.471925	-19.901248076866896
0.47245	-19.7639874462315
0.47302500000000003	-19.718312997423908
0.47347500000000003	-19.71761240213532
0.473975	-19.6971893732528
0.47454999999999997	-19.675101453361407
0.475175	-19.584904985065855
0.475675	-19.548094418474577
0.47625	-19.491487424305554
0.476725	-19.472022073902593
0.47719999999999996	-19.39806168342586
0.477775	-19.416158221994703
0.47825	-19.48755924372573
0.4787	-19.45247817277744
0.479175	-19.4172855506518
0.47965	-19.40763062038327
0.4801	-19.426051399756744
0.480575	-19.42768804518241
0.48105	-19.499613877434562
0.48152500000000004	-19.571240158753533
0.48214999999999997	-19.60240496061971
0.48277499999999995	-19.563907276117025
0.48324999999999996	-19.539119553712926
0.4837	-19.626304026133706
0.4843	-19.69778560040969
0.48475	-19.73939980792258
0.48524999999999996	-19.81666833169787
0.485725	-19.83338762606587
0.4862	-19.82935448321277
0.48669999999999997	-19.8488951874204
0.48714999999999997	-19.85359030576267
0.487675	-19.959754354759127
0.48815	-19.980365902194738
0.4886	-19.96655321231138
0.48907500000000004	-19.98549632918106
0.48962500000000003	-20.0046776753606
0.49012500000000003	-19.958769678983643
0.49075	-19.939437295938472
0.491275	-19.85004693682766
0.491775	-19.823996986163788
0.4924	-19.81421257628312
0.49285	-19.74231672836306
0.493375	-19.69532367463279
0.49395	-19.64670354058527
0.494425	-19.586117965553214
0.49492499999999995	-19.547203806647367
0.495425	-19.472338329049794
0.49595	-19.43589091518103
0.49645	-19.505853707757645
0.49684999999999996	-19.49289544161795
0.49734999999999996	-19.50336737079724
0.4979	-19.519501387221293
0.498525	-19.538349473426724
0.49905	-19.575648581268055
0.49955	-19.63692241779231
0.5	-19.63568971608869
0.5005999999999999	-19.694943249136593
0.5012249999999999	-19.834193312207223
0.50175	-19.8952823769258
0.50225	-19.917126207413457
0.50275	-19.954115605707077
0.503175	-20.00177975935787
0.50375	-19.972022016973884
0.50415	-19.921244028183697
0.50465	-19.841452290297457
0.5051	-19.820834072497554
0.5055499999999999	-19.862209635634432
0.50605	-19.753266402325018
0.5065500000000001	-19.559104761850516
0.5069750000000001	-19.532860203209655
0.507525	-19.514197863007727
0.50795	-19.456469715100756
0.508425	-19.465307614341484
0.50885	-19.458162571359786
0.50925	-19.450514146263274
0.5097	-19.436971552100257
0.51015	-19.40571029575618
0.51065	-19.455083011453965
0.51105	-19.52705914871887
0.5116	-19.492003346453977
0.51215	-19.448395533224243
0.5125500000000001	-19.529749339435195
0.5131	-19.587261740772128
0.5137	-19.665683855239646
0.5142	-19.738185442634883
0.514725	-19.788652002149174
0.5152	-19.775548868205465
0.51575	-19.73870253549598
0.51615	-19.763639656580963
0.5166999999999999	-19.802953138004256
0.5172	-19.830636930334425
0.517675	-19.80577830450853
0.5182249999999999	-19.78033952262292
0.51875	-19.82720256192522
0.5193	-19.811223016702378
0.519775	-19.829640365898165
0.52025	-19.835869342860594
0.52075	-19.8720222829952
0.52125	-19.8975918975648
0.5218	-19.91022047343684
0.52235	-19.880657394649564
0.52285	-19.89638611339272
0.52335	-19.917778228370427
0.52385	-19.78178856944469
0.5244249999999999	-19.720279226694842
0.52495	-19.64586415680497
0.5254249999999999	-19.638842173015963
0.525925	-19.658080431449232
0.5265	-19.636707773591812
0.5271	-19.597626497934726
0.52765	-19.55368381516006
0.52805	-19.509006119731566
0.52855	-19.423252621006103
0.52895	-19.362902786258896
0.52945	-19.38003858161515
0.52985	-19.41395938694733
0.5304249999999999	-19.449273941672182
0.5310250000000001	-19.44703189660139
0.53155	-19.419197838448277
0.5321	-19.4062495618879
0.5326	-19.4463287877031
0.5331250000000001	-19.50021552533962
0.53365	-19.575743706628476
0.53405	-19.639884421528613
0.5345	-19.629613817224357
0.53515	-19.630796969297794
0.53565	-19.64566210118588
0.536125	-19.615000537845923
0.5366	-19.652173237439353
0.53715	-19.691677651602152
0.5376249999999999	-19.700541089891438
0.5382	-19.64590417746729
0.53875	-19.629877124361723
0.5393249999999999	-19.637117601062496
0.5398999999999999	-19.604963931354625
0.54035	-19.561380885572667
0.540825	-19.49757477959071
0.54125	-19.496072639640484
0.5417	-19.48835188542082
0.54215	-19.520085893729316
0.5426	-19.56858608561548
0.5432	-19.61048766885869
0.543775	-19.60147970081121
0.54435	-19.583746879714838
0.5448500000000001	-19.65412567974576
0.54535	-19.69407101267142
0.54585	-19.70119138668262
0.54635	-19.67840088743534
0.5468999999999999	-19.656849892893163
0.54735	-19.647772123044824
0.5478000000000001	-19.632348979977753
0.5483	-19.56639023247221
0.5489250000000001	-19.53318713845944
0.54945	-19.627935430667556
0.54995	-19.64268304534955
0.5505249999999999	-19.667807615343904
0.55095	-19.676333245037405
0.551425	-19.671703204118106
0.5519	-19.69437217415168
0.55245	-19.63934616772658
0.553025	-19.668983159912408
0.55355	-19.70844079344377
0.55405	-19.728863035066574
0.5546	-19.6784186807411
0.55515	-19.700490039507464
0.5556	-19.797866790147175
0.55615	-19.864577833266562
0.5566500000000001	-19.962812308393193
0.5572750000000001	-19.958607460329848
0.557925	-20.01399422783415
0.558425	-20.026878000986848
0.558925	-19.956045864266194
0.5595749999999999	-19.93165875291621
0.5601750000000001	-19.943371410003248
0.5607	-19.91976128233079
0.561175	-19.818995439358353
0.56175	-19.755603373909604
0.56215	-19.63169916469874
0.56275	-19.577502068353112
0.56325	-19.558666447637577
0.5637249999999999	-19.51507710417237
0.5643	-19.58735803041731
0.564875	-19.582283998246023
0.56545	-19.49702455802895
0.56595	-19.482612984520554
0.5665	-19.441131973355457
0.566975	-19.420680279742278
0.567525	-19.43471022696531
0.5680499999999999	-19.471352152917987
0.568525	-19.521003468824578
0.5690999999999999	-19.624333819528967
0.56965	-19.709424913492036
0.5702	-19.755626592728603
0.5707249999999999	-19.85346696511197
0.571325	-19.876798360195014
0.57185	-19.944115164982456
0.57235	-19.99711588092306
0.57285	-20.031403365404337
0.5732750000000001	-20.00849375494341
0.5738249999999999	-19.949367575328473
0.57435	-19.833227902586593
0.5748	-19.810716255681054
0.575325	-19.79871761192447
0.575775	-19.795601028624453
0.5763	-19.78417888784994
0.5769	-19.703685769108773
0.57745	-19.65348188650662
0.577925	-19.63719138943578
0.578425	-19.65516373309676
0.5789	-19.673559079138514
0.5793750000000001	-19.680944960897822
0.5799249999999999	-19.609768641857265
0.58035	-19.59623387914271
0.58075	-19.632099901009102
0.58115	-19.65522576566809
0.581675	-19.72076785961443
0.58215	-19.744663649106634
0.58255	-19.71404508127721
0.58295	-19.72754663939151
0.5834250000000001	-19.684020307491537
0.58405	-19.661072073790656
0.58445	-19.72673289862644
0.584975	-19.739555811492348
0.58555	-19.712718028675546
0.58595	-19.671115789944576
0.5863750000000001	-19.683628020681223
0.58685	-19.676303441944924
0.58725	-19.692404872682477
0.587675	-19.710644521371826
0.588225	-19.741693262077987
0.588775	-19.748950418499383
0.589425	-19.703148260479328
0.59	-19.758214287151507
0.5905	-19.723032343202984
0.59095	-19.712823407896316
0.59145	-19.670930485653127
0.5920500000000001	-19.61692631818763
0.5926	-19.551981222253765
0.5932	-19.528528973182816
0.59375	-19.512156538512205
0.594325	-19.501242691717593
0.5948249999999999	-19.544140744360067
0.5952999999999999	-19.47176231400146
0.5959249999999999	-19.438695108548615
0.5965	-19.47706831780571
0.59705	-19.450784424908072
0.59745	-19.519595933771388
0.598	-19.644934858364127
0.59855	-19.708484079985176
0.5991	-19.77978040297933
0.5997	-19.770935172312708
0.600375	-19.696617045148535
0.6009249999999999	-19.696320252784616
0.60135	-19.774492039260345
0.6018	-19.74746076531707
0.6025	-19.762492403354376
0.6030249999999999	-19.69158421071
0.603475	-19.574838810022506
0.604025	-19.52455587813783
0.6045750000000001	-19.47753081044124
0.6051249999999999	-19.481334790908836
0.605625	-19.496756016299095
0.606175	-19.58802921297857
0.6067750000000001	-19.58860579781132
0.607275	-19.550600102119528
0.60785	-19.56503901614452
0.60825	-19.684258487078633
0.608825	-19.758867040202766
0.6093	-19.74520368697655
0.60975	-19.732642714930332
0.6102249999999999	-19.741661889578005
0.6108	-19.808567585637256
0.611425	-19.73647660834607
0.612	-19.73403562597544
0.6125750000000001	-19.771777365789724
0.61315	-19.76970880817288
0.6137250000000001	-19.715185529535567
0.6142249999999999	-19.702521421666248
0.6146750000000001	-19.72839525826425
0.61525	-19.726542989014234
0.61565	-19.72485462208929
0.6161749999999999	-19.73413501440144
0.61665	-19.764750925872143
0.617175	-19.724759627844918
0.6177	-19.82137025050749
0.6182	-19.916078382444965
0.6188	-19.93094947096663
0.6194	-19.982557459226054
0.62	-20.018860102571804
0.6204999999999999	-20.026684339745408
0.62105	-20.05365762184319
0.621575	-19.96927406357239
0.6221	-19.86520335536188
0.622575	-19.80871743361112
0.623075	-19.666546907499185
0.6236250000000001	-19.51838918216936
0.6242500000000001	-19.4451073745299
0.62475	-19.41118086727613
0.6252	-19.375568764439862
0.62575	-19.42473230029233
0.62625	-19.508875276162563
0.62665	-19.496147292285325
0.62715	-19.56353282677448
0.627675	-19.59242155162495
0.628175	-19.615324538800493
0.62875	-19.67430004302348
0.629475	-19.663269163702626
0.629975	-19.62717175606382
0.6305499999999999	-19.627502001462222
0.63105	-19.55078991338267
0.6314500000000001	-19.5165081034732
0.632	-19.578978118327637
0.63265	-19.537493023226684
0.63325	-19.59837500288124
0.63375	-19.652530989996137
0.6342	-19.652010849727716
0.6348750000000001	-19.759682647804663
0.635475	-19.836320262465946
0.6359750000000001	-19.863822124393987
0.636475	-19.947527157684416
0.63705	-19.94543883337267
0.6375500000000001	-19.87303287415649
0.637975	-19.849279516804405
0.6385500000000001	-19.800854503542183
0.63915	-19.721559585953628
0.639725	-19.675838408710465
0.640225	-19.582611866238235
0.64075	-19.542419273707335
0.6413	-19.51195140012321
0.6419	-19.46881166108643
0.6424	-19.443428035920512
0.643025	-19.442505337421018
0.6435500000000001	-19.461087990378747
0.6441	-19.46923322387839
0.644625	-19.51080170422531
0.64505	-19.55952294141657
0.64545	-19.593112567192204
0.6459250000000001	-19.481104586501345
0.6464	-19.446193086842673
0.64695	-19.448745904645502
0.64745	-19.37057477088056
0.64785	-19.39846113958385
0.64825	-19.475253984842535
0.64875	-19.498536153158014
0.6493249999999999	-19.47533237364841
0.6498	-19.433046911478076
0.650275	-19.40635476215753
0.6507499999999999	-19.468047502350988
0.6513	-19.500790481950677
0.65185	-19.518381701637143
0.6524	-19.5102172978334
0.652875	-19.472755232441937
0.65335	-19.4458584073848
0.653875	-19.43037725015753
0.65435	-19.476123690463346
0.654775	-19.45880057817174
0.65525	-19.509484565219957
0.655675	-19.541492134934725
0.656325	-19.552877699223835
0.656875	-19.519839124984376
0.657475	-19.572155316892562
0.65805	-19.632116963247213
0.65855	-19.59756502267576
0.6591750000000001	-19.593693276125908
0.6596500000000001	-19.561756101139846
0.6601	-19.614901371384953
0.6606500000000001	-19.56680481400045
0.66125	-19.56177717228562
0.6617999999999999	-19.541751058117203
0.662325	-19.56533035446838
0.6628	-19.580541928799228
0.663475	-19.54366139650187
0.66395	-19.528958867214197
0.664425	-19.556573705980465
0.6648499999999999	-19.586020159426198
0.6652750000000001	-19.516122497989656
0.665875	-19.510725558372258
0.66635	-19.48403388763462
0.6668	-19.417205576102827
0.6673500000000001	-19.349793987367327
0.6677500000000001	-19.323045680564874
0.66815	-19.388595135179184
0.6687	-19.421183520599858
0.6693	-19.43926334484763
0.669775	-19.4723523185192
0.6702750000000001	-19.53647052661608
0.6708	-19.51953476971019
0.671375	-19.53474291882826
0.671925	-19.551339663459533
0.6724	-19.59212851427727
0.67295	-19.59700888962341
0.673425	-19.56846189082073
0.673975	-19.604364412327694
0.6745749999999999	-19.528048065109896
0.6752499999999999	-19.496140828702693
0.6757500000000001	-19.542094750712508
0.676275	-19.533778258039252
0.676825	-19.52320686632391
0.6773500000000001	-19.570833123938797
0.677975	-19.56037612104106
0.67845	-19.591855986447747
0.678875	-19.541545640360102
0.679425	-19.48396261221684
0.6798749999999999	-19.496698574158973
0.68035	-19.530409366295512
0.680925	-19.51088707435783
0.6814250000000001	-19.561848428844215
0.6819500000000001	-19.529836906043204
0.682375	-19.46251232817409
0.682925	-19.49131804656874
0.6833750000000001	-19.538161342826612
0.6838500000000001	-19.623974438624288
0.684275	-19.642116152920025
0.684825	-19.6302315926729
0.6852500000000001	-19.643809062816096
0.6856500000000001	-19.677592778448318
0.686225	-19.75994150948167
0.68675	-19.894238633351392
0.687225	-19.881025949073518
0.68765	-19.85739063810656
0.68815	-19.8226329848745
0.6888	-19.775538905784877
0.6894250000000001	-19.80284349086883
0.69005	-19.813498666035713
0.69065	-19.757780081222364
0.69125	-19.684483473535913
0.6917500000000001	-19.60698786409235
0.6923	-19.569866711680984
0.692825	-19.644595791429193
0.6932500000000001	-19.637965033275673
0.6938249999999999	-19.533396567466173
0.69435	-19.46990507707867
0.6948249999999999	-19.49060636542415
0.69525	-19.546995412521053
0.6957	-19.53244666068345
0.6962250000000001	-19.504917276374375
0.69665	-19.478511672021543
0.6972	-19.42661494926664
0.6977749999999999	-19.421009261526635
0.6983250000000001	-19.430724051082905
0.6987749999999999	-19.480824137272272
0.699275	-19.56270324664794
0.6998500000000001	-19.575478317222323
0.70045	-19.528750062930058
0.7010500000000001	-19.53375289376926
0.701625	-19.640226748227498
0.7020500000000001	-19.689997847041948
0.7025250000000001	-19.717426282165476
0.7031499999999999	-19.743634946459697
0.7035500000000001	-19.732520646619633
0.7041	-19.699084550594097
0.70455	-19.663017883434183
0.705025	-19.671510528495645
0.7056	-19.716658410865744
0.706175	-19.6947757739395
0.7068	-19.6092253677906
0.707425	-19.61576486989407
0.70795	-19.64563343153842
0.70845	-19.660924390314285
0.70895	-19.689029813032736
0.7094	-19.780994418579372
0.7100000000000001	-19.839142237343857
0.7105	-19.76114042742974
0.7111000000000001	-19.733779417117407
0.7117	-19.728191071855033
0.712275	-19.72942778965349
0.71285	-19.660121710124677
0.71335	-19.599738840635734
0.71375	-19.530953836758012
0.7142999999999999	-19.493884920658548
0.71485	-19.41885392764482
0.71555	-19.32789357556604
0.71605	-19.31465854298346
0.71655	-19.34002411454255
0.71715	-19.37843289639291
0.7176250000000001	-19.423699390963165
0.718225	-19.424763091316937
0.7187	-19.428332518562126
0.7192500000000001	-19.441697937263537
0.7197	-19.482792156326298
0.7201500000000001	-19.517554903460784
0.72055	-19.635513877861513
0.7211	-19.633226578276464
0.7215750000000001	-19.560094907409635
0.7221249999999999	-19.491862940723745
0.72265	-19.4710573783334
0.723175	-19.540107917230507
0.7237250000000001	-19.503089555035178
0.7242	-19.473607899011213
0.724825	-19.414458882572845
0.72525	-19.330783532358602
0.7256500000000001	-19.24864559814162
0.72615	-19.37329809577647
0.72655	-19.398079136086125
0.7271	-19.46229271622998
0.7275500000000001	-19.4847895962721
0.7281	-19.505569110364963
0.72865	-19.544378690821393
0.7292	-19.5791600116018
0.7296499999999999	-19.627439259533602
0.7301	-19.675121254880576
0.73055	-19.732820018510598
0.73095	-19.636204753677095
0.731375	-19.635848340398823
0.73195	-19.580017963770928
0.73245	-19.571477799438092
0.7329249999999999	-19.525898153812687
0.733475	-19.55281177712366
0.73395	-19.543027928323646
0.73445	-19.59603493634871
0.73505	-19.6425771974514
0.7355500000000001	-19.566858509528974
0.7360249999999999	-19.600404117857856
0.7366	-19.55975639568004
0.737175	-19.549822401013
0.7377	-19.507863371611673
0.7382500000000001	-19.477151381917228
0.73865	-19.502059997554582
0.73915	-19.528734719226243
0.73965	-19.45858464065424
0.7403	-19.47486573974089
0.7407750000000001	-19.52141538736854
0.741375	-19.553794538712992
0.7418499999999999	-19.66504409697498
0.7423	-19.761106677342443
0.7428	-19.779049417499774
0.74325	-19.857835668083656
0.7436750000000001	-19.858400975221812
0.7441499999999999	-19.912780365896435
0.7447	-19.962605725634642
0.745275	-19.968355674075468
0.74575	-19.929746995468733
0.7462	-19.867889971334986
0.7467	-19.8418101680258
0.7473	-19.882488900692568
0.747825	-19.967622646319995
0.7483	-20.030204753617728
0.74875	-20.070044788425133
0.74925	-20.02727413237726
0.7496500000000001	-19.99905447725124
0.75015	-19.967474950110088
0.750575	-20.03793722173435
0.751125	-20.07337820174668
0.7515499999999999	-20.037778587893868
0.752	-19.968498484749702
0.7526250000000001	-19.86499033429151
0.753175	-19.753318064893886
0.7537	-19.75935989758936
0.75425	-19.81738251006982
0.7548	-19.800111359531343
0.755375	-19.810123196615365
0.7559499999999999	-19.78218949843232
0.7563499999999999	-19.678287122290307
0.7568	-19.678075915906984
0.75735	-19.678715412191004
0.7579	-19.71937837460645
0.7584500000000001	-19.730613974658933
0.7589750000000001	-19.623294958854633
0.759475	-19.516317850383093
0.760025	-19.44946016470577
0.7605999999999999	-19.405176200510688
0.76105	-19.3744081563927
0.761525	-19.44844095209195
0.7621249999999999	-19.427793111233548
0.7626999999999999	-19.392224222760465
0.7632249999999999	-19.424471156909437
0.7637999999999999	-19.406322074944732
0.764275	-19.41265751798102
0.76485	-19.45811634838741
0.765425	-19.519449823563992
0.765925	-19.5057986600735
0.7664500000000001	-19.542430727598497
0.76685	-19.53645959902937
0.76725	-19.5314213915074
0.76765	-19.52472988626502
0.7680750000000001	-19.42616877605564
0.7686	-19.460528290188773
0.76915	-19.546436118795416
0.7696999999999999	-19.595276646766504
0.77025	-19.605216353367524
0.77085	-19.676991625473825
0.7713749999999999	-19.719111442110066
0.7719	-19.734642238596194
0.77245	-19.77632845674057
0.772925	-19.842004873778578
0.77335	-19.88991135062676
0.7738499999999999	-19.849953414731914
0.7743249999999999	-19.763059341573733
0.7748750000000001	-19.697369655282056
0.7754249999999999	-19.669862731917803
0.77585	-19.6770621310144
0.7764	-19.651196202060465
0.77695	-19.68152575501721
0.7775249999999999	-19.681823686369903
0.7780499999999999	-19.652336322348635
0.778625	-19.67542257456622
0.77915	-19.68484369061862
0.7796	-19.77337781149193
0.7801	-19.839562573626072
0.7806500000000001	-19.867431275135672
0.781275	-19.899797513809084
0.7817500000000001	-19.88388657708462
0.78215	-19.849362377977368
0.78255	-19.804000826263877
0.783025	-19.839321981393294
0.78355	-19.84370328819358
0.7839500000000001	-19.88185594744763
0.7844	-19.84722362679517
0.78495	-19.874838256804303
0.78535	-19.912829222854402
0.7857500000000001	-19.923668649286604
0.7863500000000001	-19.88485014580709
0.787	-19.915922211913536
0.787525	-19.978304584332296
0.7879499999999999	-19.86734741839833
0.7885	-19.808026579666354
0.7891	-19.77273503155572
0.78965	-19.752712053178985
0.790225	-19.69878776371659
0.79075	-19.661228903864682
0.791175	-19.553412837364277
0.791725	-19.592351347693814
0.7922	-19.538981246242553
0.792725	-19.526081857690464
0.79315	-19.55990428048021
0.793675	-19.610098474778358
0.7943	-19.614723974508202
0.7948500000000001	-19.58031522428864
0.79535	-19.514350772462993
0.7958	-19.58503490368174
0.796325	-19.62660949827121
0.7967500000000001	-19.654408058570752
0.7973	-19.772990813654534
0.79785	-19.800339464666887
0.79835	-19.852981940727656
0.798825	-19.798575999765127
0.7994249999999999	-19.763712668202086
0.79995	-19.734890836755216
0.8004	-19.718679350482795
0.8008500000000001	-19.62608259100428
0.80135	-19.560018760797554
0.80205	-19.43176016866815
0.802675	-19.32085530413921
0.803225	-19.250962893170435
0.8037	-19.264405503566575
0.8041500000000001	-19.34698278431445
0.80465	-19.41402168302633
0.8051	-19.423691752412495
0.80565	-19.4803218154207
0.80615	-19.52090313374265
0.80655	-19.61737787911321
0.80705	-19.71007146221282
0.8075	-19.708862738398143
0.80815	-19.72276149432053
0.80865	-19.726764397818712
0.809125	-19.71393033062408
0.8096	-19.696679061053953
0.810075	-19.71287189062168
0.81065	-19.675123468570945
0.811225	-19.677057628219828
0.8119	-19.679990814914913
0.81245	-19.720658293145835
0.812975	-19.84106386253597
0.81345	-19.870584959450998
0.81395	-19.817340704972796
0.8144750000000001	-19.771895291448008
0.815025	-19.718618227139864
0.81555	-19.720258986050226
0.81605	-19.77090918788663
0.8166499999999999	-19.792645422784638
0.81725	-19.794648544961806
0.81765	-19.758059681912776
0.8181499999999999	-19.67350934265142
0.8186500000000001	-19.67438368660812
0.8192	-19.64305392243887
0.81965	-19.57591330668607
0.820125	-19.621146639718358
0.82065	-19.696603175242046
0.8210500000000001	-19.62417330345566
0.821475	-19.567020342307192
0.82195	-19.560365128004083
0.8224	-19.54077764463046
0.8229	-19.521003299048544
0.8235	-19.485497567863312
0.8240500000000001	-19.49300237859909
0.8246	-19.600514923229056
0.8250749999999999	-19.623198477438322
0.825625	-19.610583950825603
0.82605	-19.67421301529811
0.826725	-19.6784509663724
0.82735	-19.688534361519785
0.8278249999999999	-19.667128669504905
0.82825	-19.683557644083574
0.8287249999999999	-19.72295124426528
0.8293	-19.757714178885287
0.829825	-19.735931891424265
0.83035	-19.760910625126904
0.8308500000000001	-19.768787234783574
0.831375	-19.837098722086232
0.83185	-19.926122716178188
0.8323500000000001	-19.900312339854246
0.8328500000000001	-19.863756917113943
0.8334250000000001	-19.81084626489984
0.8341000000000001	-19.75316399697692
0.8347249999999999	-19.769741272385644
0.8352999999999999	-19.82699712190959
0.8358	-19.831077670251243
0.8364	-19.817288083009604
0.8369500000000001	-19.773077122782496
0.83745	-19.731088012628863
0.83785	-19.70999786835647
0.8382999999999999	-19.763388184063757
0.8388	-19.830632107547505
0.83935	-19.918101566292165
0.8398249999999999	-19.945001275529375
0.8403999999999999	-19.88316796869229
0.84085	-19.811399239863725
0.841375	-19.855838401471193
0.8419749999999999	-19.82542970529937
0.84255	-19.77628150045506
0.8431	-19.7768424873744
0.84365	-19.82413714811413
0.8441	-19.874332946642195
0.8447	-19.852984357912025
0.8452500000000001	-19.881421889910634
0.84585	-19.818725645467357
0.8464	-19.773160857002235
0.847	-19.64204559610467
0.8475	-19.62509786749086
0.848175	-19.660597563946745
0.8488249999999999	-19.620766472958604
0.849275	-19.489456935469036
0.84975	-19.411532036136617
0.850225	-19.45383411641503
0.8507750000000001	-19.443978184316208
0.8513	-19.57697420075302
0.8518	-19.59405126268192
0.8523499999999999	-19.531990158553796
0.8528	-19.514151660435164
0.85325	-19.463604433114813
0.8537	-19.475526327297903
0.854225	-19.54180710115623
0.8546499999999999	-19.555936129181557
0.8550499999999999	-19.533002505312517
0.85555	-19.489314198810735
0.856	-19.47389230860101
0.856525	-19.534638683785477
0.8569499999999999	-19.61664167591291
0.85745	-19.732855932315765
0.85805	-19.790588338835896
0.85865	-19.84706779987102
0.8592500000000001	-19.86117378498072
0.859775	-19.79097204830224
0.8603500000000001	-19.677080250786375
0.860875	-19.644514122772833
0.8613500000000001	-19.54872850520425
0.86185	-19.552202334768104
0.86225	-19.64417135020483
0.862725	-19.57255747302297
0.8631749999999999	-19.551466620541376
0.8637250000000001	-19.549080789914697
0.8641749999999999	-19.603273871858487
0.8647500000000001	-19.67948954479025
0.8652	-19.666237134440433
0.865675	-19.651941683455405
0.8662	-19.733532123325965
0.8666750000000001	-19.702102256511722
0.8672249999999999	-19.60157510439206
0.867775	-19.513674123155948
0.868375	-19.505086626846087
0.868975	-19.408444742554003
0.8694999999999999	-19.34906254778163
0.8701	-19.390288821772874
0.87065	-19.46182280153667
0.8711749999999999	-19.553334550575915
0.8716750000000001	-19.507618145928927
0.8722	-19.509433122481145
0.87265	-19.5558036476516
0.8732	-19.64927840823683
0.873725	-19.642279784064545
0.8743	-19.685643233368477
0.8748	-19.71801667341312
0.8753249999999999	-19.674810183319185
0.8759	-19.70474234780417
0.8765000000000001	-19.666867088796394
0.8769500000000001	-19.63869822986207
0.8773500000000001	-19.621770642060568
0.8779	-19.646549175753442
0.87835	-19.67144015903031
0.8788250000000001	-19.729490521811613
0.87945	-19.75589217252589
0.880025	-19.704051547543973
0.88045	-19.683099689506356
0.880925	-19.681231132134112
0.8814749999999999	-19.74471407470678
0.8820250000000001	-19.890097601027204
0.88245	-19.944578054559866
0.882925	-19.95773208433006
0.88335	-19.909100307264154
0.88385	-19.91500554194504
0.88425	-19.90191251880633
0.8847750000000001	-19.913688637031093
0.885325	-19.88967722441412
0.88575	-19.895014380131173
0.886225	-19.820940868928794
0.886675	-19.755582272026807
0.88715	-19.747097297823263
0.88755	-19.705746290272053
0.88795	-19.740640160204162
0.8884	-19.734702788014722
0.8889499999999999	-19.71800963369176
0.889375	-19.692212032828863
0.889875	-19.720626362163532
0.8905	-19.71314330689245
0.8910500000000001	-19.732125859662272
0.891575	-19.675152985739533
0.89205	-19.638602540140592
0.892575	-19.588572063786863
0.8932	-19.501402807709198
0.893725	-19.43164722477893
0.894175	-19.47991519220993
0.8947499999999999	-19.520246933106954
0.89545	-19.483805799892696
0.896075	-19.426019081539707
0.8966	-19.40311854518851
0.89705	-19.38324269276614
0.8974749999999999	-19.3915145363735
0.8980750000000001	-19.466022690323584
0.8986999999999999	-19.544385686864434
0.8991750000000001	-19.621003393853258
0.8997250000000001	-19.569376344178078
0.90025	-19.580265958974127
0.901	-19.58878553492682
0.9016749999999999	-19.640385917630375
0.9021750000000001	-19.683382710096012
0.902725	-19.6810223485869
0.903275	-19.696639890122626
0.9039250000000001	-19.707511931935233
0.90435	-19.669570397810805
0.90495	-19.645109304993415
0.9055500000000001	-19.72317724788184
0.90595	-19.734747751672682
0.906575	-19.815629957303965
0.907125	-19.883205824478875
0.907675	-19.935480499804722
0.908325	-20.00933158023298
0.90885	-19.984494511867194
0.9093749999999999	-19.90315171378731
0.91	-19.946927771673394
0.9104749999999999	-19.95817580258733
0.9111	-19.987842558797194
0.9115749999999999	-19.95880360083137
0.9121250000000001	-19.901742456381783
0.91265	-19.85736277809804
0.913225	-19.79307362503991
0.9138249999999999	-19.756784099475816
0.91435	-19.75240265255849
0.91475	-19.79693007590013
0.9152	-19.834750515681396
0.9157749999999999	-19.81845929233489
0.91625	-19.69293332397412
0.9167	-19.708735304649686
0.91725	-19.740303762465103
0.917875	-19.746558639491237
0.918375	-19.682588783854197
0.91885	-19.69466163431374
0.9193	-19.765740722327763
0.9197500000000001	-19.792237579650557
0.92035	-19.70915800837846
0.921	-19.734688423387404
0.921675	-19.84654484666175
0.9221750000000001	-19.84413384683431
0.92275	-19.776354325203062
0.923325	-19.71815884191171
0.92375	-19.73625358235309
0.9243750000000001	-19.674344093976188
0.92495	-19.625625687962454
0.9255	-19.666488871827827
0.926125	-19.65895801625406
0.9267	-19.610306051989273
0.9273	-19.56854283278883
0.927775	-19.556378450139388
0.9283250000000001	-19.55455575074493
0.928825	-19.564938103567073
0.9294	-19.580666047085163
0.9299000000000001	-19.6686269014031
0.930625	-19.704131990468856
0.93115	-19.684937237841645
0.9316499999999999	-19.736856030293506
0.9322	-19.736919993030288
0.932825	-19.714456868109064
0.933425	-19.69501131293708
0.933975	-19.73056652726521
0.93465	-19.756221966614724
0.9353	-19.719432132718406
0.93585	-19.553571712134858
0.93635	-19.48991597054038
0.9368249999999999	-19.411039418988352
0.9373	-19.390789843807056
0.9378249999999999	-19.404296886371842
0.938325	-19.476131220777646
0.9388	-19.53170293193143
0.93935	-19.54641036173243
0.9398500000000001	-19.551657220946097
0.940425	-19.576246813779626
0.9409500000000001	-19.71229009935866
0.941575	-19.726970250184905
0.94215	-19.81243507156615
0.94255	-19.818678725693093
0.94305	-19.81949777173017
0.943775	-19.750823234343944
0.94435	-19.71050312141612
0.94485	-19.633081386134858
0.9453499999999999	-19.594299369708278
0.9457499999999999	-19.611241337131393
0.946275	-19.61079262966391
0.9468	-19.619733140361717
0.9473499999999999	-19.513991721695525
0.9478500000000001	-19.427104640199122
0.9484	-19.329747309086883
0.94895	-19.32554083913885
0.9494	-19.348567253655467
0.949875	-19.43920279932244
0.9504250000000001	-19.46824903540146
0.951025	-19.474413957198426
0.95155	-19.460553824348377
0.9519749999999999	-19.46867003033129
0.9525	-19.577580572463148
0.953075	-19.696967639139658
0.953625	-19.766156714344273
0.9541	-19.72159956451957
0.95455	-19.70927648594938
0.955025	-19.69497820282366
0.95555	-19.720165576318852
0.95595	-19.770079009262304
0.95645	-19.771432241156997
0.95685	-19.778931438040534
0.9573500000000001	-19.69701939510693
0.9578249999999999	-19.63485142935445
0.95835	-19.647287854540235
0.9589	-19.70575294473438
0.9594499999999999	-19.652271847429386
0.9599499999999999	-19.656862894546435
0.9605	-19.683780577944443
0.960975	-19.648123376149826
0.9615	-19.67366787368395
0.961975	-19.735482547493106
0.96245	-19.798983914388266
0.96295	-19.88302713714393
0.9634250000000001	-19.913663801263546
0.96395	-19.926580032839162
0.9644	-19.979754686806054
0.96485	-19.903160080141923
0.9653999999999999	-19.856907904027995
0.965975	-19.843152756904587
0.96645	-19.790661420266904
0.967	-19.71902180945311
0.9675750000000001	-19.679135863142868
0.9680500000000001	-19.65434303544163
0.96855	-19.63265227358328
0.96895	-19.605154060369074
0.969425	-19.598979777667445
0.9699	-19.714566076724903
0.97055	-19.722412213161654
0.970975	-19.731315684856884
0.9715	-19.80701107497017
0.97195	-19.84390444783543
0.97235	-19.823089106746817
0.972925	-19.821598624419934
0.97345	-19.824550444645613
0.97415	-19.849878544192094
0.97465	-19.87486112341347
0.97505	-19.816724808695753
0.9757	-19.821896385738626
0.976275	-19.833660256565206
0.9771	-19.828825593631027
0.9779749999999999	-19.793532168126784
0.9786	-19.84341707536223
0.9791749999999999	-19.797447933570513
0.9796750000000001	-19.81966938705725
0.980225	-19.835565501256543
0.98065	-19.85618685581677
0.9812249999999999	-19.845873135592406
0.9819	-19.785494973623923
0.9823999999999999	-19.732375832301212
0.983025	-19.67350214690737
0.98365	-19.736005669404033
0.9843	-19.747594482981473
0.98485	-19.75849992396813
0.985325	-19.71775784866102
0.98585	-19.643322137009033
0.9863999999999999	-19.545246333262785
0.9869249999999999	-19.622048167932576
0.9873500000000001	-19.668023718757038
0.9878750000000001	-19.697662653128553
0.98845	-19.724064785539824
0.989	-19.70186464879434
0.9895499999999999	-19.640868108827988
0.9900499999999999	-19.569261939308674
0.9906250000000001	-19.50891850811866
0.99115	-19.59906713867537
0.991575	-19.68139423388284
0.9920500000000001	-19.640577784634125
0.9924999999999999	-19.572514944485516
0.9929749999999999	-19.57940419179152
0.9936	-19.604588403116882
0.99425	-19.608380190501776
0.994725	-19.686538590742423
0.99525	-19.866396712198835
0.9958	-19.940669329977077
0.996275	-19.887005677349116
0.9968750000000001	-19.907168276209138
0.997425	-19.91143612115596
0.9979499999999999	-19.98904811456757
0.9984	-19.989206660341935
0.999	-19.96746312785228
0.99945	-19.954340032632082
0.9999750000000001	-19.927155467413094
1.0005	-19.813852404211147
1.001125	-19.746046580667404
1.00175	-19.723682256196646
1.0024499999999998	-19.71762294655035
1.0028499999999998	-19.707530842043766
1.0032750000000001	-19.675413817100615
1.0037500000000001	-19.667056675267293
1.0042499999999999	-19.70407546152161
1.0048499999999998	-19.73458452235157
1.0054500000000002	-19.760974471768463
1.005975	-19.727910191438337
1.0066	-19.837051459981595
1.00715	-19.89004523575706
1.0076	-19.921317358798788
1.008125	-19.920160926934294
1.008575	-19.88973269750439
1.0091999999999999	-19.922553240955107
1.0097	-19.92004779208172
1.0102499999999999	-19.874208448824376
1.01075	-19.774154325656905
1.01115	-19.776982871840584
1.011725	-19.744891477578243
1.012225	-19.705837185934563
1.0127499999999998	-19.589914585743973
1.0131999999999999	-19.603542657030758
1.0137500000000002	-19.660888549799118
1.014275	-19.59987388346681
1.014875	-19.63730096065885
1.015425	-19.6011022585416
1.01605	-19.651754441966123
1.016625	-19.716686611566548
1.017125	-19.80315258730097
1.0175750000000001	-19.83090817486038
1.018125	-19.910878782538628
1.018625	-19.943200222242986
1.01915	-19.946900615111776
1.019775	-19.97859214300463
1.0204499999999999	-19.966221746771875
1.02095	-20.057698780075835
1.0215	-20.03412638475527
1.0221	-19.99081764620386
1.022625	-19.840474913405213
1.023325	-19.815902392230043
1.0238500000000001	-19.802647638994884
1.0243	-19.68186423530545
1.0249	-19.605620059365037
1.025525	-19.576379060701743
1.026125	-19.502935919071366
1.026575	-19.384749936937947
1.0271	-19.45180661428389
1.027625	-19.57320315790911
1.0281500000000001	-19.662560901159402
1.028625	-19.654872592865384
1.02915	-19.577161435508405
1.0295750000000001	-19.66091249269374
1.03015	-19.74232685336857
1.0307749999999998	-19.7961317549816
1.0312999999999999	-19.82783247524358
1.0319	-19.935165724681813
1.032475	-19.93280226960237
1.0331	-19.85321789082336
1.03375	-19.821017734045505
1.0343499999999999	-19.863768721472603
1.035025	-20.0006198139124
1.035675	-20.029277130969234
1.036275	-19.94175745626829
1.0368499999999998	-19.882530099636043
1.0375	-19.86598725058063
1.038125	-19.816423165962497
1.0388249999999999	-19.76929056762426
1.039525	-19.73478505416395
1.0401	-19.745098149919464
1.0406749999999998	-19.745475756079806
1.0413000000000001	-19.69190709041219
1.0419	-19.610389942177967
1.0424499999999999	-19.702301671198995
1.042975	-19.75517376723159
1.0434999999999999	-19.78013075580278
1.044175	-19.84937591718856
1.0447	-19.889886413640795
1.045175	-19.917537911652214
1.0457500000000002	-19.933657749206603
1.0461500000000001	-19.909219117983525
1.0466499999999999	-19.891288122799764
1.0470499999999998	-19.958162762152973
1.047625	-20.02356767759006
1.048175	-20.032528137380712
1.04875	-20.025378883294728
1.04915	-19.98091662670544
1.049725	-19.9902539687815
1.0502500000000001	-20.028088998746227
1.05065	-20.03251418066452
1.0512	-20.01559100340845
1.0519250000000002	-19.956369937149795
1.052575	-19.92144167829766
1.0531249999999999	-19.878965778186394
1.0536500000000002	-19.8415583310463
1.054125	-19.84864073608633
1.054675	-19.854858987753392
1.055275	-19.823657949204556
1.055825	-19.790970308780274
1.0562500000000001	-19.80820606958958
1.056725	-19.856469657580828
1.05715	-19.93720933677439
1.0576500000000002	-19.97374824813708
1.058275	-19.975817448544046
1.058875	-20.084273184647987
1.059475	-20.12398052990175
1.060125	-20.08413572073881
1.06065	-20.10226774691138
1.0612249999999999	-20.11051066645026
1.0618	-20.07019985890553
1.062275	-20.10961944090472
1.0629	-20.127732925950955
1.06335	-20.10250669239451
1.0638750000000001	-20.09802313902696
1.0643500000000001	-20.042599263022367
1.064875	-20.02271782077166
1.0655000000000001	-20.104087836318694
1.066125	-20.12562582255705
1.06655	-20.13539623765375
1.06705	-20.13820522645672
1.0675249999999998	-20.088586779092605
1.068025	-20.040622955539433
1.06855	-19.96392297548133
1.069025	-19.88455201546958
1.06955	-19.81310917285186
1.070125	-19.758497882084402
1.0707	-19.667144368882933
1.071275	-19.644848308963706
1.0717750000000001	-19.673389870942586
1.072325	-19.698257845213252
1.0729250000000001	-19.720989157690486
1.07345	-19.76634167151218
1.074	-19.82986639941154
1.0745500000000001	-19.84538998577371
1.07505	-19.93187194213132
1.0755499999999998	-19.955180913276156
1.076125	-20.016891617526852
1.0766499999999999	-20.086737375463866
1.0773499999999998	-20.063821555920114
1.07785	-20.031170607877478
1.0784	-20.004329772194353
1.079	-19.950882990386756
1.079625	-19.93121792307168
1.0802	-19.999563496033122
1.0807499999999999	-19.96543970750773
1.081375	-19.93259761832714
1.0819	-19.885040399985343
1.08255	-19.785781627275448
1.08305	-19.82322532198319
1.083475	-19.842283536337344
1.084	-19.811250647596225
1.08455	-19.829447992997032
1.0851	-19.825689872638016
1.08555	-19.720253215478323
1.0859500000000002	-19.63303986776136
1.0864500000000001	-19.632835556042515
1.087	-19.63706036322407
1.0875249999999999	-19.62509433663485
1.088	-19.51777923548229
1.0884500000000001	-19.478161512826823
1.08895	-19.483538506290365
1.089575	-19.483951492516166
1.090175	-19.482033346579193
1.0908	-19.489817943056575
1.09135	-19.560908004497488
1.091875	-19.625140062303167
1.09245	-19.675337231529703
1.09305	-19.663207373866886
1.09345	-19.67189703934293
1.094	-19.702712896254713
1.094575	-19.746729816472463
1.095125	-19.766483171915926
1.09565	-19.815764236123496
1.0962	-19.89338564186825
1.0966500000000001	-19.95881243940025
1.097175	-19.978622855409004
1.09765	-19.97336852223675
1.0981	-20.045250332094767
1.0986	-20.047625335539944
1.09915	-20.02986287157528
1.0997750000000002	-20.087933942702858
1.1004	-20.08520527082538
1.100975	-20.06392631933647
1.1015249999999999	-20.001699947616483
1.10205	-19.915174822827396
1.10265	-19.879476663303947
1.1030499999999999	-19.857956734000346
1.1035249999999999	-19.77539515961485
1.104225	-19.84287697202989
1.1046500000000001	-19.877108079963012
1.105175	-19.847611568941616
1.105775	-19.887769798655796
1.106425	-19.887817612523904
1.107	-19.921717234967314
1.1077249999999998	-19.920831006302414
1.1081500000000002	-19.837684805361086
1.108725	-19.81594722492071
1.109275	-19.90245721220152
1.109975	-19.835232080521468
1.1107	-19.8317162693476
1.111325	-19.88217613472635
1.111875	-19.90081115381427
1.112425	-19.919537851275727
1.1129	-19.986252279035305
1.1134249999999999	-20.053819739263965
1.1140750000000001	-20.142917389007692
1.1146500000000001	-20.103110616449808
1.1151499999999999	-20.05048348937003
1.1158	-20.023342467327677
1.1164	-19.979900637210637
1.1171250000000001	-19.893655071236573
1.11775	-19.814827712096182
1.118375	-19.851026159535856
1.1189500000000001	-19.814350901967998
1.119425	-19.826317232051395
1.12005	-19.81217795043692
1.120475	-19.833678735700573
1.12095	-19.80837458586679
1.1213499999999998	-19.85907902160056
1.121775	-19.864030240564638
1.12235	-19.83005046088826
1.12295	-19.877876587518095
1.1235	-19.8790235383324
1.12395	-19.837214721967356
1.124525	-19.78629147686205
1.125225	-19.861631060341136
1.12565	-19.954047726691257
1.126125	-20.002234890892176
1.1265500000000002	-20.013388584579964
1.127	-20.075018093469108
1.127475	-20.08684367661111
1.1280000000000001	-20.046389720727273
1.12855	-20.071427760312304
1.128975	-20.135059264927484
1.129525	-20.101890932598547
1.13	-20.0502134028428
1.130575	-19.964892073182924
1.131125	-19.966768344641924
1.131675	-19.999300779883125
1.13215	-19.986319641128084
1.132575	-20.050783138203666
1.1332	-20.168266065480054
1.13365	-20.120861641596022
1.1341999999999999	-20.12005488974614
1.134825	-20.127297572333468
1.135325	-20.128720705950798
1.1359499999999998	-20.19932850081687
1.1364750000000001	-20.255041485197026
1.137025	-20.2036623897459
1.1376	-20.18308245707489
1.13815	-20.18137428272973
1.138675	-20.135679224391666
1.139325	-20.15258889845519
1.140025	-20.131452443647046
1.1405750000000001	-20.249665251628787
1.14115	-20.286030358468025
1.1418	-20.218261103055987
1.1423500000000002	-20.163963145581132
1.1429	-20.19948634446378
1.14335	-20.284578116426342
1.14375	-20.286367725576067
1.14425	-20.236325114968025
1.1449	-20.229951434755133
1.1455	-20.243164246486312
1.146	-20.160711738451486
1.146625	-20.059390118175763
1.147125	-20.14388898104096
1.147775	-20.227151143411792
1.14845	-20.249072720542603
1.149025	-20.23485756848717
1.1496	-20.18414500660111
1.15025	-20.17382459733489
1.1508	-20.095164133812755
1.1513749999999998	-19.9586399265497
1.1521750000000002	-19.947318916172595
1.1526500000000002	-20.022710855098516
1.1531500000000001	-19.963273892796796
1.15385	-19.88498373267573
1.1544750000000001	-19.85917155141353
1.1549500000000001	-19.84007914063825
1.1555	-19.880266083636837
1.1560499999999998	-19.98220391561013
1.1564750000000001	-20.085157451046964
1.157175	-20.25633066918637
1.1578249999999999	-20.33914681878507
1.158375	-20.323142203107977
1.158925	-20.316772319563185
1.15945	-20.340945987246567
1.16005	-20.341173283955435
1.1607	-20.29996689775885
1.1614	-20.31369086911236
1.1619249999999999	-20.21414417897693
1.1624750000000001	-20.22187209490026
1.163025	-20.187959851892142
1.16345	-20.088266554922907
1.1639749999999998	-20.01149765433082
1.164525	-19.98868522783589
1.165025	-19.962731299550942
1.16545	-19.981143615593627
1.1661	-20.04731208706501
1.16665	-20.102085390082696
1.1672	-20.156568444335466
1.16775	-20.119429855106585
1.1683	-20.07651237971214
1.168825	-20.138886144812982
1.169325	-20.184101839749776
1.1698	-20.17895901688901
1.1703000000000001	-20.18392020151038
1.1708500000000002	-20.087008896905324
1.171425	-20.039197026269495
1.17195	-19.909140892981295
1.172375	-19.810942465574005
1.172925	-19.796870384239256
1.1735	-19.800870156326724
1.17405	-19.85449627909936
1.17455	-19.924241078575697
1.17505	-19.974411939927048
1.1755	-19.954805840193483
1.1760499999999998	-20.08178197201481
1.17665	-20.069747909342443
1.1772500000000001	-20.128576698874742
1.177675	-20.233700182092466
1.1783	-20.239222798819448
1.1788750000000001	-20.231030466308077
1.1793500000000001	-20.159371998439777
1.17975	-20.122662408681244
1.18025	-20.14307544145631
1.1808	-20.20196162093529
1.1814	-20.171210805781545
1.18215	-20.182372204249273
1.1828	-20.14417581315895
1.1833500000000001	-20.09863619889564
1.1838	-20.138061854567844
1.184275	-20.208175979428145
1.184825	-20.157539923843338
1.18555	-20.128729975072005
1.1862249999999999	-20.12145079521424
1.186925	-20.152597634254974
1.1874	-20.158531364094824
1.18795	-20.136153821937807
1.188425	-20.20416727283007
1.1888750000000001	-20.2048163904438
1.189375	-20.251072163261732
1.18995	-20.189456641703398
1.1905000000000001	-20.295055500434664
1.1911	-20.34645486407565
1.1916	-20.32741237232714
1.1923249999999999	-20.269496480520072
1.193	-20.236986876812097
1.19355	-20.245613113088453
1.1942249999999999	-20.226982905568345
1.194675	-20.24779602900934
1.1953	-20.140217061638232
1.1959	-20.150661413262476
1.19635	-20.09031843647678
1.1968500000000002	-20.10997525115947
1.19735	-20.092264256730143
1.19785	-20.10126662262552
1.198275	-20.102580328188907
1.1988750000000001	-20.186682683389314
1.1993500000000001	-20.185308445987182
1.19975	-20.179626870149118
1.2002249999999999	-20.229078234204863
1.20085	-20.22578585500749
1.20135	-20.22012986716802
1.2017499999999999	-20.20176072753098
1.2022749999999998	-20.285560363933172
1.2028249999999998	-20.239573989383658
1.203275	-20.273726646216573
1.2038	-20.220771178005347
1.20445	-20.21507517108916
1.2049750000000001	-20.280918333610884
1.205475	-20.317629282176412
1.205975	-20.429249396966416
1.20655	-20.508610853942542
1.2070750000000001	-20.47999636428631
1.207625	-20.391603828961046
1.2081	-20.37954348090304
1.2086	-20.408936781031667
1.2092	-20.36049917334368
1.2096500000000001	-20.336603980949587
1.2102	-20.30945027242645
1.210725	-20.21533432601634
1.2111500000000002	-20.038732964942533
1.211675	-19.978285195046183
1.212275	-20.011486615752375
1.212875	-20.05697315940482
1.2134500000000001	-20.052850693542002
1.214	-19.98693317553237
1.214475	-19.99796341763397
1.215125	-20.050004025195506
1.2158	-20.04567899323387
1.2163	-20.127272952301006
1.216825	-20.187161452808354
1.2173	-20.1340945727836
1.217825	-20.136284810087936
1.21825	-20.085423549600772
1.218725	-20.12336767712809
1.21925	-20.144166470681323
1.2197500000000001	-20.213494737389304
1.22025	-20.21818183004961
1.2207750000000002	-20.234492882318197
1.221275	-20.283481969396053
1.2218	-20.3411799555158
1.22225	-20.38275992456008
1.2227000000000001	-20.370819594624432
1.2231500000000002	-20.4518118265694
1.223575	-20.476413309861346
1.22415	-20.484375228929885
1.22455	-20.477187963043136
1.22495	-20.51161898131334
1.225425	-20.441601134619425
1.2261	-20.376431100575747
1.2267	-20.302333714294594
1.2271500000000002	-20.324691806657594
1.2275500000000001	-20.296508650595587
1.22795	-20.287266711939015
1.228475	-20.309500581617517
1.229	-20.313642565870346
1.2295500000000001	-20.300776112660852
1.23005	-20.229932530608124
1.230475	-20.229842016038223
1.2309999999999999	-20.178396356439613
1.23145	-20.221069627104928
1.2319	-20.184439270150715
1.2324499999999998	-20.239519254323735
1.23295	-20.2049358657255
1.2336	-20.211694469828004
1.234175	-20.18717822979593
1.23475	-20.163061426690735
1.2353750000000001	-20.14559245747764
1.2359	-20.13919545846241
1.23635	-20.177026311726475
1.23695	-20.269264587294
1.2374	-20.310654600671565
1.2379499999999999	-20.273363102647178
1.238575	-20.317857486255882
1.2392750000000001	-20.304228690036993
1.2397500000000001	-20.280630306623443
1.2403	-20.34650740604155
1.241025	-20.340545043362752
1.2415500000000002	-20.366785802105863
1.241975	-20.39882811604804
1.24255	-20.2996612058397
1.24305	-20.26478908163786
1.2435	-20.287020368802153
1.243975	-20.24187454793906
1.2444499999999998	-20.221626247998067
1.245	-20.258972599225917
1.245575	-20.1165989300622
1.246075	-20.070850377485844
1.24655	-20.082178654294715
1.24695	-20.089018207020146
1.2475	-20.17486364589533
1.24815	-20.216712613449484
1.2487	-20.21733515681702
1.2491750000000001	-20.21576322321964
1.249775	-20.17979044447979
1.250275	-20.18324350428236
1.2508	-20.283201526010846
1.25145	-20.34698683974422
1.25205	-20.416963844610617
1.25275	-20.425756905685983
1.2532500000000002	-20.384375755143598
1.2536500000000002	-20.412412668225624
1.254175	-20.40328380560073
1.2548	-20.427501287799913
1.2553500000000002	-20.40816538097715
1.255875	-20.439057517185358
1.2567	-20.435990269180927
1.257175	-20.497939183308794
1.2577	-20.437011538695675
1.25825	-20.440879440624254
1.258675	-20.472634078332113
1.25915	-20.41286283520331
1.259625	-20.358832576990068
1.260075	-20.352343781575023
1.26085	-20.393898383983462
1.261475	-20.35668314294665
1.262125	-20.375477355481205
1.26265	-20.378730752743465
1.26305	-20.380168832108335
1.2634750000000001	-20.375808054568232
1.264	-20.399390275536142
1.2645	-20.49972948557713
1.26495	-20.61902286464576
1.26555	-20.66671636112128
1.2661	-20.702048740820462
1.2665499999999998	-20.742414701863943
1.26705	-20.760568047919055
1.267625	-20.75327833102913
1.268225	-20.741821365610686
1.2687249999999999	-20.71491301664461
1.26925	-20.608235950703694
1.26985	-20.550428559004303
1.270375	-20.497591160924124
1.27105	-20.493868564544318
1.2715500000000002	-20.509868433653196
1.272075	-20.421157459584077
1.2727499999999998	-20.384710106694325
1.2733500000000002	-20.350730107840985
1.273875	-20.301623951718632
1.2744	-20.200649549216273
1.275	-20.228550707571678
1.275625	-20.136090258762174
1.2761500000000001	-20.083725815855647
1.27655	-20.101166194158626
1.276975	-20.11414950633527
1.2775	-20.239647643436687
1.278175	-20.252326749175793
1.2788499999999998	-20.28600043049833
1.27935	-20.38872568533551
1.2798	-20.46331854205741
1.2802499999999999	-20.47161485553536
1.2806499999999998	-20.54155599341919
1.28115	-20.58481873791369
1.2817	-20.568618526702217
1.2823	-20.58732187259403
1.2829249999999999	-20.53443337005129
1.283375	-20.528480811620366
1.284	-20.457745663905786
1.28455	-20.37854953188447
1.2851	-20.38228281146555
1.28565	-20.331606679156526
1.2861500000000001	-20.35748760236108
1.2868	-20.27667760740145
1.2874500000000002	-20.165013793316803
1.288075	-20.11463062316518
1.2886	-20.12551551670799
1.2891249999999999	-20.13916053192905
1.2895500000000002	-20.16115213871338
1.290075	-20.186438577542976
1.2906	-20.230280010414823
1.2911	-20.31893989514777
1.291725	-20.31808777313668
1.292175	-20.411747981972884
1.292725	-20.489699241636114
1.29325	-20.55935331067485
1.2938	-20.575520433641298
1.294375	-20.607366055892147
1.29485	-20.654418924005903
1.295375	-20.665606293764036
1.295925	-20.58277978276869
1.2965	-20.475200221658046
1.2971249999999999	-20.451840042164495
1.2977500000000002	-20.411434834423698
1.2982500000000001	-20.38426825034121
1.2987	-20.34399390483486
1.2992	-20.295124370242405
1.2996750000000001	-20.2190758773899
1.3003	-20.213366281226175
1.30075	-20.22641945446501
1.3012249999999999	-20.321780577148544
1.301825	-20.323849393620037
1.3024	-20.28031195200502
1.3029249999999999	-20.2330735604323
1.30335	-20.17866593916974
1.303925	-20.09967768248505
1.30445	-20.114987322195006
1.304875	-20.15961969665721
1.305525	-20.15763935453842
1.3061	-20.18600615475651
1.306625	-20.161047431591534
1.30715	-20.243843428932657
1.3075999999999999	-20.373962293919874
1.308175	-20.463627757929146
1.30865	-20.564778575558787
1.3091	-20.57027514941182
1.3096500000000002	-20.54719673769628
1.31015	-20.580358604825843
1.3107	-20.642824618960542
1.3112	-20.60875458927228
1.3116500000000002	-20.647219341110517
1.312075	-20.686019911241434
1.312675	-20.6752823562824
1.3132249999999999	-20.662497894555695
1.31365	-20.6412308214952
1.3141500000000002	-20.679150401788263
1.3147499999999999	-20.631343220316577
1.3153249999999999	-20.51173343041783
1.315825	-20.42444402695141
1.3163	-20.4541955543258
1.316925	-20.352646855041744
1.3174249999999998	-20.316190661618425
1.3179	-20.265525322558073
1.318475	-20.191632340914104
1.31895	-20.209870676079063
1.319625	-20.18106638653449
1.3201500000000002	-20.232727004434086
1.320575	-20.266402388012196
1.3211249999999999	-20.247162075047807
1.32155	-20.24883007996226
1.322025	-20.316038239302397
1.322575	-20.344718232099797
1.3231249999999999	-20.36769952816147
1.3235999999999999	-20.47947667788987
1.3242	-20.451491349122243
1.32475	-20.540084857479812
1.3252	-20.59774553305942
1.3258500000000002	-20.609446553487693
1.3263	-20.55162192286148
1.326875	-20.46532511487689
1.32735	-20.48526082372975
1.32775	-20.51235662522759
1.3282	-20.535214826449725
1.3286499999999999	-20.540529389004416
1.3292	-20.563674876354014
1.329825	-20.55382936076381
1.33045	-20.539798248349946
1.3311	-20.580109173587573
1.33165	-20.62528627164867
1.332125	-20.616912826479215
1.332725	-20.53042142815033
1.333275	-20.513054970015126
1.33375	-20.480480893441253
1.3341500000000002	-20.45154246183285
1.33465	-20.382493689582276
1.3352	-20.32644879394043
1.33575	-20.356079366875722
1.336425	-20.38902287832214
1.337125	-20.440211565001064
1.3377249999999998	-20.5109896313646
1.338225	-20.597486969415428
1.33875	-20.57365255793671
1.3393	-20.48746331855814
1.339775	-20.43215601289396
1.34035	-20.475042897641732
1.3408499999999999	-20.50105743456378
1.341375	-20.476517083516857
1.34185	-20.487487576781508
1.34235	-20.541882593172275
1.34285	-20.566936157617846
1.34335	-20.510292585124112
1.34375	-20.47943559829982
1.34425	-20.57463235562742
1.34465	-20.69684972371197
1.345275	-20.735641386263516
1.345825	-20.775349807533768
1.34645	-20.709178579692722
1.3469499999999999	-20.6866856951151
1.347375	-20.647796015860138
1.3479	-20.5953546083091
1.3484500000000001	-20.59180001072536
1.3491	-20.604319519926214
1.349775	-20.587139174469172
1.3503	-20.519941264679694
1.350925	-20.562111057708787
1.351375	-20.552244058011752
1.3519500000000002	-20.659980692916317
1.3526500000000001	-20.695913509282924
1.35325	-20.642959787278304
1.35385	-20.686711031703222
1.3544	-20.70250648763825
1.355075	-20.70598222251795
1.355575	-20.654143828442553
1.3560750000000001	-20.591242344191116
1.3567	-20.56320231959668
1.35715	-20.5222628388911
1.357675	-20.507646056457634
1.3581500000000002	-20.48578151205833
1.358575	-20.58523005658417
1.3591	-20.567201194400358
1.3595499999999998	-20.57604690921474
1.36005	-20.57349963122566
1.360575	-20.67576205180403
1.3610499999999999	-20.788013779595317
1.3615	-20.783321938674877
1.36205	-20.76101387510432
1.36255	-20.701024129037734
1.3630749999999998	-20.611453029429505
1.3636	-20.51468884412471
1.3642	-20.547429605350526
1.3647500000000001	-20.531525164097076
1.36525	-20.537073123755647
1.3658249999999998	-20.515433926968804
1.366425	-20.515725657365874
1.367025	-20.55357896481075
1.36755	-20.582983555332902
1.3681	-20.664426604185593
1.368675	-20.74698241883905
1.36925	-20.79537210009039
1.3697499999999998	-20.758204685192858
1.370325	-20.775607170763948
1.3707500000000001	-20.743572941075758
1.371225	-20.653404197941
1.3717	-20.54036713219136
1.372425	-20.37515565435263
1.37285	-20.40223753477375
1.373375	-20.376670810971635
1.3739249999999998	-20.30090285872731
1.374525	-20.256268317065203
1.375	-20.211568209472844
1.3755249999999999	-20.207680830999106
1.3760499999999998	-20.282934812728676
1.3765	-20.317580814002916
1.377075	-20.37627936778558
1.3776499999999998	-20.50121377338977
1.37815	-20.471154170643523
1.3786500000000002	-20.44244310178137
1.379175	-20.52618443261223
1.379675	-20.57642248224565
1.3801500000000002	-20.685376180186836
1.3806500000000002	-20.69908119353354
1.381125	-20.607614547063243
1.381675	-20.649876529327372
1.382225	-20.63870872190938
1.382775	-20.665495255985064
1.3833499999999999	-20.665968371844134
1.38395	-20.7000191971578
1.38435	-20.67210063195611
1.3847500000000001	-20.61007409722408
1.385225	-20.494044746617764
1.385875	-20.487847805444463
1.3863750000000001	-20.51474831352653
1.386925	-20.544116294050706
1.3874499999999999	-20.56928783159854
1.3879249999999999	-20.51450822592847
1.38845	-20.492081040356467
1.388925	-20.48005188029129
1.389425	-20.42769971145896
1.38995	-20.503391422964288
1.39035	-20.678970734627168
1.390775	-20.784661947410505
1.391325	-20.8977172315884
1.3918	-20.885923622861977
1.3923250000000003	-20.873334871410638
1.3927999999999998	-20.91768368212437
1.393325	-21.00403860490178
1.393925	-21.01747009966292
1.394425	-21.031312744031435
1.395025	-21.06884319253128
1.39545	-20.969354473544982
1.3958499999999998	-20.917852424902723
1.39625	-20.86390560227468
1.3967500000000002	-20.8479586420703
1.3972499999999999	-20.85653017140394
1.3977	-20.823560312797927
1.39825	-20.797073270114197
1.3988	-20.78733610269447
1.3994	-20.859859941156486
1.399875	-20.80944307258358
1.4004750000000001	-20.752856930785665
1.4009500000000001	-20.707002056091927
1.401425	-20.610641339463534
1.4019249999999999	-20.616488492014895
1.402525	-20.643779730133296
1.4030500000000001	-20.619275512831024
1.4034749999999998	-20.658313365513273
1.40395	-20.68676685149171
1.404375	-20.64836286269662
1.40495	-20.69491802087435
1.405525	-20.801214500255888
1.40595	-20.820266639750763
1.40645	-20.925718531075635
1.407025	-20.857753082828555
1.4076	-20.80897702869804
1.4080499999999998	-20.816301730289766
1.4085500000000002	-20.727385579754724
1.40905	-20.644318592454468
1.409525	-20.653853035675603
1.409975	-20.609581746915303
1.4105	-20.524580556636316
1.411075	-20.539452877979173
1.41165	-20.511613061805516
1.41215	-20.54313633159114
1.412725	-20.541811737153488
1.413275	-20.531113197199588
1.413775	-20.524017786079
1.4143	-20.532708025393763
1.4147750000000001	-20.5334453102374
1.4154	-20.55837486602742
1.4159249999999999	-20.641049999824613
1.4165	-20.658544847045896
1.41705	-20.663785367492142
1.4174499999999999	-20.703304921143868
1.4178499999999998	-20.795222447695938
1.4184249999999998	-20.82278736712531
1.41895	-20.908101813837554
1.41935	-20.955817565564995
1.419775	-20.98208890326465
1.420325	-20.99296140837803
1.42085	-20.864822645242704
1.4213500000000001	-20.87352937386943
1.4219499999999998	-20.803338659749766
1.42255	-20.799832636933115
1.42325	-20.77162011225357
1.42375	-20.91649867324569
1.4243000000000001	-20.898681185163415
1.4248500000000002	-20.921460715469518
1.4253749999999998	-20.830901004502316
1.4260249999999999	-20.70288386475436
1.4265750000000001	-20.720494694677367
1.4270999999999998	-20.69752432196547
1.4276	-20.70684552247024
1.4281249999999999	-20.651233896563163
1.428625	-20.55731955148801
1.4292	-20.405794756153448
1.4296499999999999	-20.36412534212409
1.4301	-20.338282708104465
1.4307500000000002	-20.41958101998755
1.4315	-20.504404383580916
1.432075	-20.585116518476
1.43265	-20.579485773447313
1.43315	-20.60493402247108
1.43365	-20.63131850162535
1.4341	-20.730506232282092
1.43465	-20.78756675153782
1.4351	-20.802527194363876
1.4356499999999999	-20.81261106124853
1.4362249999999999	-20.822499439684904
1.4366500000000002	-20.839314579590983
1.437075	-20.85945647277979
1.43765	-20.844028792563456
1.43815	-20.83925586405735
1.4386	-20.84261159146625
1.43925	-20.821230683043552
1.43965	-20.832224297347565
1.4402	-20.784674592233532
1.44065	-20.72762052013079
1.4411500000000002	-20.727974196612564
1.4417749999999998	-20.74768499327241
1.4423499999999998	-20.71731353908232
1.442925	-20.76714433279985
1.4435	-20.804850457747868
1.4441249999999999	-20.819623094209614
1.444575	-20.78330919749934
1.4450500000000002	-20.743949516485067
1.44555	-20.759940437938656
1.4460499999999998	-20.787493075201574
1.4466999999999999	-20.70609203694505
1.447275	-20.594164562043836
1.4478499999999999	-20.55004570786981
1.4484499999999998	-20.4938560571844
1.4488500000000002	-20.5467345159366
1.44955	-20.59783996354695
1.45015	-20.65921333719099
1.450625	-20.74190099468481
1.4511500000000002	-20.745743804833264
1.451625	-20.73517896475393
1.45205	-20.753787013148795
1.452525	-20.813722358854616
1.4531749999999999	-20.93603469218458
1.4539499999999999	-20.988930645424688
1.4546000000000001	-20.955390522203064
1.455225	-20.992428448362308
1.455725	-21.04467670354889
1.4563	-21.051848201312186
1.4567999999999999	-21.086756001747176
1.457325	-21.11933087957389
1.457825	-21.148782449432783
1.45845	-21.196795239586795
1.4589	-21.087071316268144
1.45935	-21.016255803360274
1.4598499999999999	-21.03557632077449
1.4604	-21.01077691771579
1.4608750000000001	-20.998257785925386
1.4614500000000001	-20.939667100531807
1.462	-20.98526242217783
1.4625	-20.96054281103537
1.4630750000000001	-21.04294263669535
1.463625	-21.07658624748884
1.46405	-21.08122217293716
1.4646249999999998	-21.087748807709065
1.46515	-21.02690703271173
1.4657499999999999	-20.981641998924268
1.466275	-20.904731071881532
1.4667499999999998	-20.87475673201329
1.46725	-20.819801505792203
1.46785	-20.899638741474465
1.4685249999999999	-20.830653989794648
1.4690500000000002	-20.770516049468487
1.4696	-20.78793699362765
1.47015	-20.87927383515827
1.470675	-20.91674563426351
1.47125	-20.920617608747197
1.471725	-20.968304186357386
1.4722499999999998	-20.992962714507676
1.4727999999999999	-21.01548160504823
1.473525	-20.996531497177454
1.473975	-20.9527222215277
1.4746000000000001	-21.020363530533395
1.4752	-21.000882453422715
1.4757500000000001	-20.90944619545582
1.47625	-20.915965670776732
1.47685	-20.899105658410026
1.477425	-20.867032633309712
1.478125	-20.80250552305463
1.478775	-20.738166972990918
1.4795	-20.661214773953404
1.48	-20.708846437212156
1.4804999999999997	-20.646163675905843
1.4810249999999998	-20.761588418701006
1.481575	-20.854605602024638
1.482275	-20.830817037194937
1.482875	-20.831173419589764
1.48345	-20.810882858835434
1.4838500000000001	-20.806931421206382
1.484325	-20.88833959421922
1.4848249999999998	-20.91773456261162
1.4854	-20.89798318014632
1.4859499999999999	-20.86137840745472
1.4865249999999999	-20.723682758786993
1.4871500000000002	-20.609270873014456
1.487775	-20.63305993408072
1.488375	-20.67150843757868
1.48895	-20.726795609460265
1.489525	-20.751800116036545
1.4901	-20.7324871547317
1.4906	-20.769383782949436
1.491075	-20.81422007212447
1.491625	-20.859383459444214
1.4922	-20.96551026338734
1.4927249999999999	-21.036884703864548
1.4931750000000001	-21.01780586540618
1.49365	-21.066693027907245
1.4941749999999998	-21.048268526268192
1.4947	-21.08369932707942
1.495325	-21.084307040067333
1.4958500000000001	-21.073637495311008
1.49625	-21.039171874264063
1.49665	-21.041646332911554
1.49715	-20.973313308846873
1.497725	-20.95797457990205
1.49815	-20.98257012209151
1.498775	-20.84614335974129
1.4993	-20.85383329274614
1.4998500000000001	-20.889227448929088
1.5002499999999999	-20.889774053790838
1.5007499999999998	-20.893232369416893
1.5013500000000002	-20.925118603331004
1.501875	-20.93381037433013
1.502425	-20.892654846012604
1.50295	-20.89294260021354
1.5033500000000002	-20.88421936695186
1.5038749999999999	-20.93009039178643
1.5045	-20.928447215235952
1.5050750000000002	-20.986102615333053
1.505725	-21.00237179649838
1.50615	-21.00402962471108
1.506775	-21.039512226895003
1.507325	-21.04178090328443
1.5078749999999999	-21.025793079665036
1.50835	-20.921846830898595
1.5088	-20.89476287399602
1.5093999999999999	-20.863275128950512
1.509875	-20.812941803808197
1.51035	-20.67517493298072
1.5108249999999999	-20.66231825074197
1.5112500000000002	-20.599890722541105
1.511825	-20.57271227337141
1.5123	-20.591749005569323
1.51285	-20.69051076363069
1.51335	-20.791319549819356
1.5139999999999998	-20.80929376944682
1.51445	-20.816359872747835
1.515	-20.85888872483745
1.5156749999999999	-20.926062037954356
1.5162749999999998	-20.937082369967104
1.517	-20.997219874669803
1.5176	-20.942091968109434
1.51805	-20.91661314662508
1.5186499999999998	-20.858744260220753
1.51915	-20.81111594822356
1.519675	-20.80233745439304
1.52025	-20.83837644002981
1.5208	-20.831348879536442
1.5213	-20.800967104380376
1.521825	-20.812462576299538
1.5225	-20.8138662327846
1.5232	-20.83275588057675
1.523775	-20.789560427675163
1.5244	-20.814460828272725
1.52485	-20.878317124455275
1.52535	-20.919427718809
1.5258500000000002	-20.90959639591243
1.5264499999999999	-20.90876078990073
1.527025	-20.93116549167638
1.52755	-20.872221821646182
1.528025	-20.78108839107332
1.5286	-20.767285617702584
1.529225	-20.84268572681362
1.529825	-20.90800144940709
1.53035	-20.91819130009796
1.5309	-20.85392970322905
1.5313750000000002	-20.864636293778652
1.531975	-20.833162280502577
1.5325	-20.851154975440508
1.5330249999999999	-20.94681262094876
1.5334750000000001	-21.021476014538997
1.534125	-20.975772851938835
1.5348	-20.94832556345119
1.535425	-20.925319179855606
1.535925	-20.88891184362579
1.5364250000000002	-20.898518647081875
1.5368749999999998	-20.856896056152262
1.53745	-20.77152716061585
1.53785	-20.675606061286118
1.5383	-20.616620912881828
1.538875	-20.60677990421907
1.539375	-20.723265402873913
1.5398749999999999	-20.700676349709006
1.5404	-20.667319400256314
1.54095	-20.681665610663973
1.5415	-20.64037389280581
1.542075	-20.642424250116377
1.542575	-20.722569683328906
1.5431249999999999	-20.770836455575964
1.5436	-20.799379844967635
1.544125	-20.78734999930588
1.544575	-20.782429955374333
1.545175	-20.787084550914916
1.5457500000000002	-20.74963493046716
1.546225	-20.702494115167426
1.546725	-20.79359343076509
1.547275	-20.824990417386108
1.5478250000000002	-20.854521055639157
1.548375	-20.808508882585013
1.548875	-20.71000949292079
1.549575	-20.654909524761667
1.550175	-20.65414353043749
1.55065	-20.628747545779838
1.5511	-20.579071731568806
1.5517	-20.580961102633232
1.552325	-20.5208927422888
1.552825	-20.51034272011697
1.5534249999999998	-20.453698145377185
1.554025	-20.515967998752817
1.554625	-20.61483059406502
1.555225	-20.711482212284125
1.5557750000000001	-20.638860869587422
1.55645	-20.638757011790574
1.55705	-20.717421064769407
1.55755	-20.757581091265074
1.55815	-20.785136676627474
1.55865	-20.852757867955056
1.559075	-20.936161350399487
1.559625	-20.887412351075174
1.5600500000000002	-20.808535110344657
1.5606	-20.75079993057602
1.56125	-20.800536816038477
1.561825	-20.769624217478366
1.56225	-20.711559076048278
1.562675	-20.71189774973643
1.5632249999999999	-20.755468839741678
1.5636999999999999	-20.689023020559596
1.5643	-20.642554952295924
1.56475	-20.63628799627871
1.56525	-20.770679248531476
1.5657	-20.90822177983594
1.566225	-20.880837956416304
1.566725	-20.947608604813798
1.5672499999999998	-21.04269586484941
1.5677500000000002	-21.04558529681402
1.56825	-20.986331030368937
1.5688499999999999	-20.99967494007421
1.5693249999999999	-21.0127618832648
1.56995	-21.086882785309232
1.5706	-21.017523438695882
1.5710499999999998	-20.974763573432643
1.57145	-21.000911678086396
1.572025	-20.97661650773061
1.5726499999999999	-20.96992605103723
1.57315	-20.98756418571866
1.5737500000000002	-20.985689630527432
1.57425	-20.952880055056028
1.57475	-20.963928552198375
1.575275	-20.92311077813363
1.5758500000000002	-20.920731857533806
1.5763500000000001	-20.883725253770077
1.57685	-20.862412443399194
1.5772999999999997	-20.826136421132492
1.57795	-20.73314292950511
1.578375	-20.679906931709553
1.57885	-20.677040347517494
1.5793249999999999	-20.700308331324553
1.57975	-20.724450040169483
1.5803	-20.765721341261003
1.58085	-20.724698399577253
1.5813249999999999	-20.68272599621587
1.58175	-20.64903775361562
1.5822500000000002	-20.573452029676456
1.5827749999999998	-20.567542808894807
1.5833499999999998	-20.632649818536898
1.583825	-20.7050190259571
1.584375	-20.706221331638503
1.584925	-20.620873184386927
1.585375	-20.5072540599922
1.58585	-20.475729885289567
1.5863	-20.437555538133804
1.58675	-20.42705708690366
1.5871999999999997	-20.518564696126287
1.5877500000000002	-20.563158246574876
1.588325	-20.553071060367593
1.588925	-20.516446333522932
1.5894499999999998	-20.51576995408678
1.59	-20.51209474523523
1.590625	-20.53622744532916
1.5912499999999998	-20.52477994956041
1.59185	-20.49249694716241
1.592425	-20.549597547991226
1.59295	-20.630150887709597
1.5934249999999999	-20.672286946463046
1.59385	-20.62354964499367
1.594425	-20.58461998966851
1.5949	-20.64560257645873
1.595425	-20.64104498208002
1.5961	-20.632309593317153
1.5966250000000002	-20.679689830958583
1.5970999999999997	-20.77699648797312
1.5977000000000001	-20.705310729064507
1.59825	-20.565630975297772
1.5987500000000001	-20.540491598389234
1.599275	-20.528796435697902
1.600025	-20.59065737611712
1.60065	-20.519098180593694
1.60155	-20.525587353838546
1.6020500000000002	-20.553368953832802
1.6024500000000002	-20.49474252371284
1.60295	-20.412787445499617
1.60355	-20.388689539215697
1.604	-20.458339056921755
1.604625	-20.476689395173953
1.6051	-20.536901900929838
1.60575	-20.511656156625342
1.6064	-20.54541433506993
1.60685	-20.678896528458914
1.607375	-20.763518616523832
1.6079750000000002	-20.814062800459336
1.6085500000000001	-20.91619149610535
1.6092	-21.035015381047273
1.6098	-21.02863633520894
1.6103	-20.998376326480383
1.61085	-20.916210363746213
1.61135	-20.785760564116313
1.61185	-20.72897263447397
1.612325	-20.584878137081027
1.6129499999999999	-20.513933412816712
1.6134	-20.54043650399619
1.6140249999999998	-20.506356743902543
1.61455	-20.442183111757263
1.615125	-20.467231586265214
1.6156499999999998	-20.52620488514972
1.616075	-20.58414215757306
1.616825	-20.69907064492196
1.61745	-20.697198580111504
1.61785	-20.68338844801681
1.618325	-20.678929823230472
1.618875	-20.680709368848447
1.619425	-20.71316447045567
1.6199	-20.766177889433365
1.6204500000000002	-20.80716138345257
1.6209	-20.827695705398575
1.621425	-20.83975004584127
1.6220249999999998	-20.809662539251168
1.6226500000000001	-20.81257227461777
1.623075	-20.86758279677482
1.62365	-20.84983363893236
1.6241500000000002	-20.798806098810555
1.6246749999999999	-20.729146835251942
1.6254	-20.63768934139321
1.62595	-20.625563422936246
1.6264500000000002	-20.566737882332934
1.6268500000000001	-20.536911663260717
1.62725	-20.55092791515651
1.62795	-20.54148987209367
1.628525	-20.574327333233796
1.629025	-20.579479746806044
1.62945	-20.622786575272496
1.6298749999999997	-20.62337229421835
1.63045	-20.670419848483828
1.630875	-20.632594044160342
1.631425	-20.627034470039636
1.6319	-20.623853438983254
1.63255	-20.639436377184097
1.63315	-20.592295851231636
1.6337249999999999	-20.524555512655866
1.6345	-20.59870158168676
1.6351499999999999	-20.553769294607978
1.6357	-20.58632449883145
1.6362500000000002	-20.620320873017846
1.63665	-20.612945061148675
1.6370500000000001	-20.594556953438776
1.6376999999999997	-20.58111386898714
1.638225	-20.5806363117806
1.6386500000000002	-20.662325989855034
1.6393	-20.696919386604936
1.6397499999999998	-20.671138540139246
1.640225	-20.71416029314612
1.640825	-20.685385183595635
1.6414999999999997	-20.665715971590533
1.641975	-20.643270323554226
1.64255	-20.602270146060707
1.643175	-20.585057196565646
1.6437249999999999	-20.536214349912967
1.6442	-20.542802698318557
1.6448749999999999	-20.552354779262117
1.64545	-20.565848868109864
1.6460500000000002	-20.577294249033866
1.646575	-20.61628589916481
1.647125	-20.593258504206123
1.6476499999999998	-20.65528360870548
1.64805	-20.735992320385538
1.6486	-20.771225880121666
1.6492	-20.82356159300465
1.6499	-20.79994658925301
1.6504500000000002	-20.806423483598948
1.6509	-20.73128741360205
1.6514	-20.693651386395963
1.6519	-20.66534960268421
1.65265	-20.698372327102668
1.6532499999999999	-20.68439460151312
1.653875	-20.72231128132131
1.65435	-20.696623902626968
1.654925	-20.653376487542978
1.655525	-20.58785588407505
1.6561	-20.506940083978975
1.656675	-20.458416571907406
1.65715	-20.38337966120213
1.6577	-20.340247485624378
1.658425	-20.304303938660873
1.658925	-20.30598002200727
1.65935	-20.23625973113017
1.65985	-20.182303846677424
1.6604500000000002	-20.117613262822218
1.6609	-20.134019935132244
1.661475	-20.169379619751098
1.6621	-20.235675043764516
1.662575	-20.302716095572652
1.663125	-20.27894649097863
1.6636499999999999	-20.224123876269964
1.66415	-20.13858686056653
1.66475	-20.093531078139513
1.66515	-20.130742668945775
1.6656499999999999	-20.21048379564562
1.6661	-20.258282259645572
1.6666750000000001	-20.30043658225656
1.66715	-20.315601631009983
1.667675	-20.381759674150498
1.6682	-20.496963356983684
1.6687750000000001	-20.604393054057454
1.66935	-20.730988880895357
1.6699	-20.795809695592883
1.6705	-20.78518734988877
1.67095	-20.75091628473434
1.67145	-20.74928639194973
1.671975	-20.688148866056387
1.6724999999999999	-20.607679962810373
1.67325	-20.543003754912448
1.6739	-20.445425961959646
1.6746500000000002	-20.365648966807456
1.6751500000000001	-20.239835130234297
1.6757499999999999	-20.17530139840497
1.6762499999999998	-20.2408401210737
1.67675	-20.264855907365522
1.6772500000000001	-20.26506635431565
1.677675	-20.34016398994428
1.678175	-20.447337924549878
1.6787	-20.447109959683424
1.6793749999999998	-20.402196721983792
1.680075	-20.39360679687023
1.680575	-20.48995286642497
1.681175	-20.522660422730905
1.6818499999999998	-20.491438382444958
1.6824249999999998	-20.43405445350075
1.682925	-20.420553108443382
1.683425	-20.299990792597292
1.6839	-20.227555199457285
1.68435	-20.23053435236747
1.6848	-20.334969531655524
1.6852500000000001	-20.385198896862427
1.6858	-20.361483481692257
1.6863249999999999	-20.416144719519618
1.6868750000000001	-20.435321877837758
1.687525	-20.530953776093448
1.68795	-20.586701340536273
1.688375	-20.71240348124877
1.6889500000000002	-20.69412502680284
1.6895	-20.660499518930813
1.6900499999999998	-20.655097120452638
1.69055	-20.625364182246287
1.6909750000000001	-20.665890589856975
1.6915749999999998	-20.62038460306989
1.69205	-20.620276044505026
1.692725	-20.591670123252445
1.6932500000000001	-20.577458685000884
1.6937	-20.520117206874374
1.6942	-20.5519442025411
1.6948750000000001	-20.576486160110242
1.6953749999999999	-20.58828207114555
1.695875	-20.62273187008468
1.69635	-20.604344959472282
1.6968	-20.67812243966353
1.6973500000000001	-20.65571512928488
1.698	-20.666734017183344
1.698725	-20.640733390774457
1.6993	-20.613365177894565
1.699775	-20.566218480177678
1.7002499999999998	-20.585464647299272
1.7008	-20.579252130554167
1.701275	-20.549747565707566
1.701875	-20.518717845288176
1.70235	-20.468091938967177
1.702775	-20.480076326522028
1.7033	-20.469563185787777
1.7037499999999999	-20.46062128838422
1.704275	-20.482527303499367
1.704925	-20.51655017951571
1.70555	-20.52140727162833
1.706	-20.461623436277552
1.7066	-20.42430724673602
1.7071	-20.31340617244557
1.70755	-20.275835942019448
1.708	-20.25965140517873
1.7085749999999997	-20.217578515962604
1.7091500000000002	-20.17432530572612
1.70965	-20.226633632418995
1.71025	-20.26509877690737
1.7108249999999998	-20.170689675442055
1.711325	-20.173898019605733
1.7119499999999999	-20.23661637898546
1.7125	-20.32487638602879
1.713025	-20.378592949973065
1.713475	-20.431841289578248
1.7139499999999999	-20.482285317096213
1.71445	-20.509262429465316
1.71505	-20.499863931079755
1.7155250000000002	-20.529318775016144
1.7159499999999999	-20.600275566003653
1.7164249999999999	-20.644126950434092
1.71695	-20.56028467945094
1.7174	-20.534078737023577
1.71785	-20.44089882753942
1.718475	-20.376785667070767
1.71895	-20.31977381903151
1.7194500000000001	-20.335787648201173
1.7199499999999999	-20.303603653003666
1.7206	-20.317931060609453
1.72125	-20.306237315899875
1.721825	-20.273805718034488
1.7223	-20.342516840635795
1.722925	-20.36253214629488
1.72345	-20.49642367851482
1.723925	-20.545006217747684
1.724675	-20.570513507654866
1.7251750000000001	-20.55336549287678
1.7257500000000001	-20.568472609813906
1.7264249999999999	-20.507089639766782
1.7269500000000002	-20.52095613602662
1.727475	-20.48989222760607
1.7281	-20.499272678480352
1.72855	-20.47816058769186
1.728975	-20.324932873835166
1.7295250000000002	-20.26531044782067
1.7301499999999999	-20.238841171853352
1.730725	-20.221628087473366
1.73115	-20.187741155203728
1.731675	-20.174670217592155
1.732325	-20.11227160283356
1.73285	-20.151754203686526
1.7332500000000002	-20.159131768975577
1.733775	-20.14628943744949
1.7342499999999998	-20.204558625810574
1.73475	-20.19271243243879
1.7351750000000001	-20.172930310984256
1.735675	-20.201997413865833
1.73625	-20.26886454902686
1.7367750000000002	-20.29048005276976
1.7372999999999998	-20.337654318625997
1.7379	-20.31269714535653
1.7383499999999998	-20.2797577971231
1.7388499999999998	-20.248918144694002
1.739425	-20.2297088155811
1.73995	-20.26231358907903
1.7406	-20.33238205261021
1.7412	-20.397768756890056
1.7417500000000001	-20.41784768594215
1.7423499999999998	-20.397845527205742
1.74285	-20.412812730438688
1.7433	-20.429708957575734
1.743925	-20.45233138935461
1.744475	-20.5684693166185
1.74505	-20.552973652781176
1.74555	-20.521669067349674
1.7460250000000002	-20.496969598434926
1.7464499999999998	-20.433546189598236
1.746875	-20.346011498286686
1.7474750000000001	-20.36436692878372
1.7481	-20.324553340795074
1.748675	-20.385296146190274
1.7493250000000002	-20.419121690024582
1.7499	-20.391481312797573
1.75035	-20.393035843562984
1.7508249999999999	-20.43490707876814
1.7513750000000001	-20.42600883405507
1.751925	-20.405525544665903
1.752475	-20.427120651837214
1.75305	-20.44203220315138
1.7536250000000002	-20.478840502128712
1.754225	-20.458159277000235
1.7547499999999998	-20.395410742906964
1.75525	-20.34816670660731
1.755825	-20.349808876711574
1.756325	-20.35158027719333
1.7569249999999998	-20.36692154212265
1.75735	-20.348502965028324
1.7578749999999999	-20.36365314260681
1.758475	-20.34753870119849
1.75905	-20.320292727032935
1.7596	-20.302388380589132
1.7601999999999998	-20.254701467815476
1.7607249999999999	-20.27997670441602
1.7612500000000002	-20.276128784651583
1.7618	-20.255619341931077
1.762375	-20.234780167187626
1.76285	-20.199673399644855
1.7633	-20.16009422987552
1.7637500000000002	-20.107803683923997
1.7644499999999999	-20.080587341206215
1.76505	-20.082515368657898
1.76565	-20.150168768885894
1.766325	-20.148298490595867
1.76675	-20.202781243565525
1.767325	-20.229738861746057
1.7679	-20.240711461845564
1.76835	-20.33089441107092
1.7688249999999999	-20.35220579217902
1.7694500000000002	-20.42088380409996
1.769925	-20.446233950798344
1.77045	-20.389920175209372
1.770975	-20.32148977504239
1.771575	-20.25396662572723
1.7722	-20.207217064642116
1.7728249999999999	-20.218900405154518
1.7732999999999999	-20.216301513492958
1.77385	-20.16488217848193
1.77425	-20.13327962045341
1.7746499999999998	-20.13853931495905
1.7752500000000002	-20.1590615558301
1.7759999999999998	-20.19733454226275
1.7764499999999999	-20.20621016783588
1.77705	-20.283652643502222
1.77755	-20.345274450626516
1.77795	-20.334249584457094
1.778425	-20.337591103186455
1.77895	-20.402343191015593
1.77935	-20.40297305814785
1.779825	-20.30669069118933
1.780325	-20.33528226629802
1.7809249999999999	-20.320515955105385
1.7814999999999999	-20.380775229891427
1.7820500000000001	-20.36103849130755
1.782575	-20.274372854436105
1.783125	-20.239872324842413
1.7838	-20.262665187023266
1.784425	-20.276580723940313
1.7849	-20.33904842282597
1.785525	-20.402392714477735
1.78605	-20.33565494085202
1.78645	-20.414447566526217
1.7868999999999997	-20.44302301547663
1.78745	-20.45589068457749
1.787875	-20.523650160606465
1.7883499999999999	-20.535309168139005
1.7889	-20.542097785749874
1.7895750000000001	-20.453827746835007
1.790075	-20.458390695025834
1.7905499999999999	-20.47011613037299
1.79105	-20.56343449492124
1.7916	-20.544909185695303
1.7922500000000001	-20.574712668951122
1.7927	-20.55502131185985
1.79325	-20.511576964803332
1.793825	-20.463991576061616
1.794425	-20.434815997624796
1.79495	-20.498931093623842
1.7953999999999999	-20.427216393024956
1.79595	-20.40137919130863
1.796475	-20.3740568133877
1.797	-20.31907679082736
1.7975500000000002	-20.223044487940502
1.7982	-20.225131614777936
1.799725	-20.16237734631108
