# Temperature (K)	Attenuation (Neper/m)
0.29675	0.0
0.29695	0.942871442929345
0.29715	1.9943931038890241
0.29735	2.424074150688284
0.29755	2.7432861995350777
0.29775	2.809875344591319
0.29795	1.802319155673331
0.29815	2.338943430688232
0.29835	1.9408052092683192
0.29855	1.1180172903862058
0.29875	0.3499444381200192
0.29895	0.04819727901895021
0.29915	0.2686897228870748
0.29935	1.0887696248080374
0.29955	0.7642656285315752
0.29975	0.2681300473132069
0.29995	0.3804553795073389
0.30015000000000003	1.411939365988701
0.30035	1.7923237315510505
0.30055	1.6514927387636362
0.30075	1.4871922847814858
0.30095	1.1596815059892833
0.30115000000000003	1.2073027371161515
0.30135	1.2386425249278545
0.30155	0.5234601953332003
0.30175	-0.07775601964181078
0.30195	-0.6670562137983325
0.30215000000000003	-0.9809553066402259
0.30235	-0.3622003265525109
0.30255	-0.21557061028283897
0.30275	-0.32266859630385625
0.30295	0.1949147590037228
0.30315000000000003	0.8850757007353423
0.30335	1.5031534958895918
0.30355	1.5255028113190292
0.30375	1.6816406002533313
0.30395	1.6473154508109928
0.30415000000000003	1.8892519831922527
0.30435	1.3586562400948878
0.30455	1.4373799911033984
0.30485	1.7779216443720998
0.30515000000000003	2.5405931243274154
0.30584999999999996	2.3904908816330135
0.30674999999999997	2.3854202657405494
0.30865	2.111722513101995
0.31179999999999997	2.4926511815615413
0.3174	1.485979782350796
0.32389999999999997	0.30967204026615036
0.33199999999999996	-0.6763382017213644
0.34414999999999996	-0.9603742027122735
0.35785	-0.37409559783668556
0.37124999999999997	0.7621136051602662
0.38134999999999997	1.130891486470091
0.39215	2.616414301696068
0.40285000000000004	4.271351526092076
0.4093	4.73205931764096
0.4151	5.191855099650866
0.4214	4.955448811075485
0.4262	4.49211172799437
0.4317	4.589717339790695
0.43535	4.309717912359929
0.43555	3.8795242538408274
0.43574999999999997	4.144943666245126
0.43595	4.1827065092511475
0.43615	4.250584756290209
0.43635	3.6200525775284405
0.43655	3.114965620650082
0.43674999999999997	3.046921464414936
0.43695	2.606189284606671
0.43720000000000003	2.755336791742593
0.43755	2.6592183150351048
0.438	3.2456630715832944
0.43845	4.54010107907061
0.43875	5.019840655449116
0.43895	5.203169546356094
0.4393	6.00542831028406
0.4397	5.876185827356267
0.44010000000000005	6.0186893933985175
0.44045	4.4716158613030075
0.44065	3.2356394703631395
0.441	2.770197057098585
0.4414	1.643247027814823
0.44195	0.9941016105003655
0.44245	1.128800261699098
0.44284999999999997	1.497506499689507
0.44335	2.500874944762927
0.4438	3.1867341318700255
0.44430000000000003	3.2872995846637423
0.44495	4.337950577094489
0.44545	4.572125294378793
0.44595	4.685794926514518
0.44625	3.7850788241651117
0.447	3.728197821881622
0.4474	4.099821134603417
0.44805	3.9196463825978753
0.4485	3.796672786719
0.44905	4.149703061806804
0.44955	4.224273319089889
0.4501	4.741044390015304
0.45085	4.429430669705653
0.45115	3.369754395580685
0.45165	2.945330414854425
0.45230000000000004	2.206193486361599
0.4528	1.416921533976847
0.45330000000000004	1.2601969080444633
0.45394999999999996	0.6942601694192945
0.45515	0.8110686639056439
0.45555	0.770189099146819
0.45589999999999997	1.4021084192208946
0.4568	2.2055348737296754
0.45735000000000003	2.504284874136829
0.4579	2.1121284325738543
0.45835000000000004	2.193082452286035
0.45899999999999996	2.206797932008385
0.45940000000000003	2.7804010194458897
0.45985	2.841006672741514
0.4607	2.8383255693395313
0.4611	3.2711110393117906
0.4616	3.8207591985617455
0.46205	3.8578381999395788
0.4627	3.8405641538222426
0.46335000000000004	3.7064158667676566
0.46385	3.422613486115324
0.46455	3.170068398982721
0.46535000000000004	3.003397484442985
0.46604999999999996	2.398154648952186
0.4665	2.801491245228135
0.46715	3.128829287631106
0.46755	2.797902547089052
0.46799999999999997	3.1960026516710514
0.46875	3.1965856703795907
0.4696	3.0399164210871277
0.47055	3.723962158363747
0.47119999999999995	3.686092915146446
0.4723	3.494593333851981
0.47275	3.776320475552666
0.47350000000000003	3.7767120893777246
0.47409999999999997	4.401500766364961
0.47475	4.6728958858709575
0.47505	4.176159561478698
0.47585	4.037966579997146
0.4763	4.216258616186678
0.47709999999999997	4.269669777048421
0.4776	3.7870188333492933
0.47819999999999996	3.1873386998527167
0.47885	2.867785691682684
0.47945	2.9737247845289403
0.47995	2.903800239254224
0.4807	2.4027653828129587
0.48115	1.8470639897111596
0.48195	1.977540677346724
0.48235	1.3083600888826368
0.48285	0.8991093699421526
0.48335	0.7268535527400672
0.4841	0.8579158908021327
0.48465	0.5128002589833613
0.48514999999999997	1.0656686870913745
0.48555000000000004	1.0386071772579726
0.48605	1.6479892983500122
0.48655000000000004	2.291518948972225
0.48685	2.57582980128268
0.48714999999999997	2.3381234657551886
0.488	2.6535989030130622
0.48825	2.334070127856421
0.4887	2.2882006222914697
0.48905	2.4732058104791577
0.48955000000000004	2.945311193420821
0.49005	3.072443654095423
0.49025	3.1817344576120377
0.49085	3.4788591056130826
0.49125	3.754129181749022
0.4917	4.048421557127767
0.492	3.8142074552097256
0.49225	2.896975512150675
0.49255	2.7357762492526945
0.49285	2.8817726912509443
0.49315	3.496843540708369
0.4935	3.711262856144458
0.49375	4.326528881809509
0.49405	5.072553909915769
0.49434999999999996	5.472210722842419
0.49470000000000003	5.489607827205646
0.49495	5.614281126497417
0.49515	5.156979992054403
0.4954	4.836094808498501
0.49605	4.096171604003757
0.49685	3.6121923299506307
0.49745	4.1138810859326895
0.49834999999999996	4.16905117114743
0.49915	3.7962545069333373
0.49985	3.4050446283072233
0.5004	3.592596791817641
0.50105	3.3517950989437395
0.5016	2.469278176980197
0.50225	1.4613032987606402
0.5028	1.0279747470547136
0.50335	1.0578288664773936
0.504	1.0825897766542312
0.5046999999999999	0.7058884359762487
0.5053	0.8791809291578829
0.50575	1.45887545482924
0.5063	1.4152067495908796
0.5069	1.8226356175728142
0.5073	1.912888349432933
0.5079	2.342288327336746
0.5084	3.3185330774367685
0.5089	4.456211128538143
0.5094	5.747687414887196
0.50985	6.802469867348009
0.5103	6.549519045744091
0.51075	6.791088653728366
0.5112	7.292284797610819
0.5117	7.138284366710877
0.5122	6.273473300638443
0.51265	5.604719250196695
0.5131	5.40736220251506
0.5136000000000001	5.242589014183068
0.5141	4.5757196568883955
0.51455	4.0531440777037915
0.51495	4.00160655026707
0.5153	3.9601879844308314
0.51575	3.549514776162141
0.5162	3.465269760561341
0.5166999999999999	3.8410599761243702
0.51715	4.209405857737011
0.51755	3.40946919783687
0.51795	2.8755296591800743
0.51835	2.2300745303343774
0.51875	1.668831960963189
0.5192	1.2637685270581187
0.51965	1.7832947064057407
0.5201	2.356873371571737
0.5205500000000001	3.114238650737434
0.52105	3.474215192321026
0.5215000000000001	4.319602811309778
0.5219	5.272279284694832
0.52245	6.276389358565211
0.52285	6.557094230116945
0.5233	6.468672678805888
0.52365	6.9045414687134326
0.52415	6.445230559911579
0.5246	6.144971121168965
0.5251	5.7335298895568485
0.52555	5.390850886569524
0.52605	5.1500237665936766
0.52645	5.488367982075715
0.527	4.719777040516192
0.5276000000000001	5.1070600125406145
0.52805	5.063095021992922
0.5286	4.903662845226108
0.529	3.928490370179361
0.5296	3.2479986960199767
0.5301	3.0066601821620225
0.53065	3.6109947353334064
0.5311	3.3778907747805533
0.5315	3.677182092597377
0.5321	4.1428433357339145
0.5326	5.0002868351127745
0.5331	5.583683161530644
0.53355	5.139929925224578
0.5342	4.6172273459710595
0.5347	4.563700061025202
0.5353	3.6805279203024384
0.5358	3.2480365747053384
0.5364	3.0603468490630803
0.53695	3.011028097011149
0.5374	2.995192736919307
0.5381	2.752398248096597
0.5386	2.131098908771264
0.5392	1.8138612093005122
0.5397	1.814396419761806
0.5403	1.7590338960289955
0.5408999999999999	1.1569751912195443
0.5415	1.3481580284424126
0.542	1.6374443063643866
0.5426	2.131757493662917
0.5432	2.883261631309324
0.5438000000000001	2.8747050321128427
0.54435	2.809838781997996
0.5448999999999999	2.920029344702243
0.5454	2.4999537063495154
0.546	2.7288380223990316
0.5466	3.094050956357705
0.5472	3.586708511890947
0.5477000000000001	3.8108886688548864
0.5484	4.114295195921159
0.5488999999999999	4.7763969376683235
0.5495	6.422051224458301
0.55	6.91145490169788
0.5505	6.844545150441718
0.55125	6.670794802784258
0.5518	6.884783956554884
0.5525	6.758068348613733
0.5529999999999999	6.084403258149678
0.55365	5.255235804577524
0.5544	4.690213278268629
0.55495	5.590264020687073
0.5556	6.5022896896116436
0.5561	6.874381965691327
0.5566	7.405684426293874
0.5572	8.555317423306406
0.55775	8.401045727011251
0.5585	8.313251368967485
0.5591	6.983647465572858
0.5597	6.104654310603792
0.5602	5.533265371208245
0.5607	4.889778923110271
0.5614	3.631622396143257
0.56185	3.4758188629389224
0.5625	4.156820369684738
0.5630999999999999	5.078171931273573
0.5637	5.414895460075968
0.5643	5.894692963055604
0.5648	6.079656484802854
0.56555	6.2715286910533905
0.5661	4.848920607340688
0.5668	3.0601664867383533
0.5674	1.7263968797799407
0.5679	1.2498172473694922
0.5685	0.742651596000087
0.5690999999999999	0.14528124786102126
0.5697	0.11666244188586461
0.5703	0.7627461994998157
0.571	1.83565167949655
0.5715	2.537684442674845
0.5721	2.711179158384084
0.5725	2.9467867831033345
0.5731999999999999	3.6450723903917606
0.5737	4.104965950362384
0.5743	5.216965757842445
0.5749	5.814380539714193
0.5754	6.0016771440525645
0.5759	6.185135599558407
0.5766	6.06148899093796
0.5771999999999999	5.750688380761176
0.5779000000000001	5.125240822788328
0.5786	4.684627151249742
0.5791999999999999	4.607736027200872
0.5797	4.86297442484647
0.5803	4.781139477355509
0.5809	4.8010423666398765
0.5815	5.1660920112126405
0.58215	6.159072552807629
0.5827	6.351206390519792
0.58335	5.91786629773128
0.5838	5.778937454934066
0.5844	5.98928689703871
0.5851	6.128307496130901
0.5856	5.697145809419453
0.5862499999999999	4.960423677494418
0.5867	4.95859724269917
0.5873	5.1068655096125894
0.5879	4.963503885947603
0.5884	5.405086884940147
0.5889	6.187290435656905
0.5895	6.744745595713312
0.5902000000000001	6.806515986964541
0.5908	6.735132475050932
0.5912999999999999	7.400694549416357
0.5919	7.8636665998824355
0.5925	8.113374659990995
0.593	7.148308754233312
0.5935	6.580264849122614
0.5941000000000001	6.543713878174913
0.5947	6.554739307944828
0.5952	6.882439422620564
0.5958	7.150146885642016
0.5963	6.9658017026793
0.59695	7.666278995041239
0.59745	8.44390412439975
0.598	8.920091917871332
0.5985	9.189615577858376
0.599	8.442964845336974
0.5995	7.927767342754805
0.6	7.248744712211192
0.6005	6.677666866885602
0.6011	6.313099562789148
0.6017	6.467830906755125
0.6022000000000001	6.0504509472687005
0.6026	5.762107867813938
0.6032	5.532793810591102
0.6038	6.087135201053798
0.6044	6.330466210709119
0.6049	6.050638308216321
0.6055	5.855118137784302
0.60595	6.297219493625789
0.6066	6.45949069596827
0.6073	6.551233838911003
0.6079	5.95952515197655
0.6084	5.924790297235631
0.6089	6.654741163032895
0.6095	7.083430498638791
0.6102000000000001	7.6612417834942335
0.6107	8.54903707027961
0.6113999999999999	9.109759308730418
0.612	8.634384107310325
0.6126	7.694700840660971
0.6131	7.086833991642379
0.6139	6.161761681149983
0.6144000000000001	4.6083024477452454
0.6149	3.3863166599933265
0.6155999999999999	3.019268867825758
0.6161	3.5081627525921704
0.6166	3.9146185873873947
0.61715	3.755180487808275
0.6178	4.018526124834352
0.61835	4.455041344011306
0.61885	4.222537077298057
0.6194999999999999	3.7449250742793083
0.6201	3.553373715906673
0.6207	4.128212126636981
0.6213	4.40997671841501
0.6219	4.431453274097294
0.6224000000000001	4.712812357182884
0.6229	5.471731546733963
0.6234999999999999	5.937126879048037
0.6241	6.3163558601934255
0.6246	6.3218117073577105
0.6251	5.930557752826417
0.6257	6.222682177022534
0.6263	6.665728508494794
0.6268	6.587354116806864
0.6274	6.747008815540767
0.6279	6.781484319163155
0.6285000000000001	6.53838772865538
0.6291	6.210199570283294
0.6297	5.437616713611078
0.6303	5.022559186044418
0.6308	5.687904262116945
0.6313	5.89072602960664
0.63185	5.971004293233591
0.63245	5.9915710064315135
0.6329	6.533794195524251
0.6334	6.9070206096262154
0.634	6.959179133642465
0.63455	6.654245376786321
0.635	6.4106761621576425
0.6355999999999999	5.819850805747592
0.6361	5.185839323393338
0.6367	5.0731281139221664
0.6372	5.083217089596474
0.6378	4.623241989141434
0.6383	3.8084673061966896
0.63885	3.5749243185189243
0.6394	4.103953282548218
0.6399	5.593534657731652
0.6405	6.295115377421325
0.6411	6.7076168392916315
0.6417999999999999	6.833316168481588
0.6424	7.084516767611831
0.643	6.910412750672549
0.6436	6.768798556311822
0.64425	6.583569616544992
0.6448	6.193666261288172
0.6453	6.035999279402631
0.6459	7.041310097423548
0.6464	7.819826677907258
0.64695	8.365755871536976
0.6475	8.078272650949657
0.6481	7.649537538178265
0.6487	8.203565206910753
0.6492	8.39109310614208
0.6498	7.422540087252855
0.6504	6.588879269082099
0.651	6.260425425799667
0.6516	6.184514890557921
0.65205	6.532177735785126
0.6526000000000001	6.474619469671779
0.6531	6.392855067936807
0.6537	6.833468675014728
0.6543	7.345804791631281
0.6549	7.4793369146727855
0.6553	8.056093290780836
0.6558999999999999	7.235186159544128
0.6565	6.930322737832057
0.6572	7.023136010060853
0.6577999999999999	6.77201289291088
0.6583	6.307131498187118
0.6588	6.650689544688248
0.6594	6.745413536139267
0.66	7.546960680878556
0.6605	7.676942746554005
0.6611	7.386286719635564
0.6617	6.7441151316409105
0.6623	7.086152373280811
0.6629	6.945515129116529
0.6634	7.147493993397802
0.664	6.749008940931844
0.6646	6.617271838776105
0.66515	6.9091868642051395
0.6658	7.544089941174889
0.6663	7.1410643353258365
0.6669	6.430997094405484
0.6673	5.356476640395158
0.6678999999999999	4.754382813415759
0.66845	4.6795180706706105
0.6691	4.300264507997781
0.66965	4.5194840593528625
0.6702	4.981010125018656
0.6709	5.562544501319962
0.6715	6.0296712058727735
0.6719999999999999	6.803030369603675
0.6726	6.740385413701915
0.6732	6.936340398687207
0.6736	6.5460187890566885
0.6743	5.757615587541068
0.6749	5.192741794511676
0.67545	4.922064464738696
0.6759	4.472408658492213
0.6764	4.607674872502685
0.677	3.9004854050997437
0.67765	3.7369451023903366
0.6782	3.9141959166154265
0.67865	4.463879173754549
0.6792	4.825487068455004
0.6798	5.159657149708664
0.6804	4.873355632448238
0.68085	5.595817161856985
0.6814	5.819210117882221
0.6819999999999999	5.612052859073174
0.6825	4.473317020439708
0.6831	3.8200989467356976
0.6836	3.6098366115641056
0.6841	4.049777549558485
0.6847	4.298156422562897
0.6852	4.796623061011815
0.6858	5.64021329149341
0.6863	6.659468215025299
0.68685	7.60061306858961
0.68745	8.0334440852248
0.688	8.143203375728035
0.6884	7.9191484636892255
0.6890000000000001	7.7896330598075565
0.6896	7.4728286266990835
0.6903	7.411151354666799
0.6909	7.521829722582197
0.6915	7.88724671097998
0.692	7.813667984479707
0.69255	8.418734171361166
0.6932	8.925827787058097
0.6938	9.365198555335837
0.69445	10.193831613154316
0.6949000000000001	10.394369198940694
0.69545	10.204098287371153
0.6959	10.385839841594589
0.6965	9.535200041851795
0.6970000000000001	9.043339675292373
0.6975	8.828149947603833
0.6982	8.7347566737526
0.6988	8.647052974972212
0.6994	8.838303263698208
0.7	8.143742933071053
0.7005	8.071081839501858
0.701	7.870538230652755
0.7016	7.511386300836193
0.7021999999999999	6.4369124965076026
0.7027	6.017866746056825
0.7032	5.861144545754087
0.7039	6.162049491956168
0.7044	6.466068453221851
0.7050000000000001	6.609873061866665
0.7056	7.1405080043311955
0.7061	7.097344907200068
0.7067	6.912032566831613
0.7073	6.467107885583573
0.7079	5.963374122112327
0.7084	6.027893089356667
0.70895	6.029381446473735
0.7094	6.138010490353054
0.71	6.8941176006171645
0.7106	6.9788143801768
0.7111000000000001	6.570153356197125
0.7117	6.381986835239559
0.7122999999999999	5.913031663080346
0.7127	5.713101870513356
0.7133	5.449408235826695
0.7139	5.317630959940743
0.7145	5.621509299280888
0.7151000000000001	6.116024215572679
0.7157	6.258392143462288
0.7162999999999999	6.337458449083215
0.717	6.7150631081312895
0.7175	6.737556102419376
0.718	6.481361075304449
0.7186	5.775906493820685
0.7192000000000001	4.769607860661381
0.7198	4.766711362238311
0.7202999999999999	4.889728434317249
0.72085	4.5945880266037875
0.7214	4.785223919232976
0.722	5.325007546094412
0.7225	6.1369115865256845
0.723	7.057382778863257
0.7235	6.836604475176728
0.7241	6.107923902371567
0.7247	5.833533101249486
0.72515	5.472300504201257
0.7256	5.345778882636523
0.7262	5.051519726403058
0.7267	4.632511571714758
0.72725	5.2501545984164295
0.7278	5.869293867943043
0.7283	5.723387400752699
0.729	5.666138570356452
0.7296	5.549195120111108
0.7302	5.377570108576947
0.7307	5.380495093230593
0.7314	5.2493906758857065
0.7319	5.888177498842424
0.7324999999999999	6.1095224898308516
0.733	5.912578287600809
0.7336	6.083098217977977
0.7341	7.041356860194355
0.7347	7.6524336171735285
0.7352	7.120196875849842
0.7357	6.3140891361315425
0.7362500000000001	5.708764002591806
0.7368	5.403833394603907
0.7375	4.450602399983609
0.738	3.030037610725003
0.7386	1.7473380721971807
0.7391	1.9582344166535677
0.7397	1.7639526374239267
0.7402	1.9587971204225596
0.7408	1.5169678311794996
0.7413	1.3980531389158841
0.7419	1.4254235950563725
0.7425999999999999	1.8372305721443354
0.7431	2.2956629408124627
0.7437	2.728033681732768
0.7443	2.907795671639633
0.74485	3.9257737613015706
0.7453000000000001	4.710782287376105
0.7459	5.267720487700444
0.7464999999999999	5.968601163210451
0.7471	6.5780652298458335
0.7475499999999999	7.269737178858804
0.748	7.964889544062316
0.7486	8.38047357761684
0.7492	8.757892774817037
0.7497	8.644436294079924
0.7502	8.214164918820643
0.75085	7.194205462267291
0.7514000000000001	6.548565950045031
0.7519	6.023885878800684
0.7524	5.572396179528141
0.753	4.759644664291727
0.7536	4.686211871914566
0.7541	4.8915766226791675
0.7545999999999999	4.809137630475789
0.7552	4.832251822043645
0.7558	4.841118230484426
0.7563	4.549287461010408
0.75695	4.8306242533560635
0.7575000000000001	5.17030008582924
0.758	5.53468063413834
0.7585	6.344636084711283
0.7591	6.978462441824377
0.7596	7.821756117977202
0.76005	8.318400081446498
0.7607	8.99769129670608
0.7613	9.214472404548133
0.7618	8.655625119871729
0.7626	8.498925265057778
0.76315	7.939115958022057
0.7637499999999999	7.703074335719293
0.7643	7.656938509749352
0.7649	6.900108002525258
0.7654	6.031430559698492
0.766	6.010692711719912
0.7666	6.206447226128375
0.76715	5.918107276183719
0.7677	5.403460434238696
0.76825	5.312199674081057
0.7689	5.645413773533392
0.7695000000000001	6.835207245246011
0.77	7.992350005810749
0.7706	8.587156468004423
0.7712	9.613520652321768
0.7718	9.818643570145696
0.7723	10.139199713444441
0.7728	10.298349323615867
0.7734	9.493347551806664
0.7739	8.39783428429746
0.7745	7.308313968724406
0.7751	7.116965649449867
0.77555	7.55383908143267
0.7761	8.005339171338164
0.7766	8.343033370960939
0.7772	9.005291122144854
0.7778499999999999	10.08399146755346
0.7786	10.907344133260494
0.7791	11.054197914632141
0.7796	10.912066424265504
0.78	10.38768357411027
0.7807	10.07799608699429
0.7814	9.767882875100213
0.7819	8.874763382066476
0.7825	8.291458397039378
0.783	7.448009463758808
0.7836	6.376668935841053
0.7841	5.900264872637081
0.7846	5.5598962624289925
0.7852	5.7516601406302925
0.7857000000000001	6.1857822172210035
0.7863	6.032403691139507
0.7867999999999999	6.00600529082908
0.7873	6.210757938479674
0.7879	6.211829575177717
0.7885	6.092318871590578
0.78895	6.010549536773169
0.7896	6.228159527427351
0.79	6.0027684640538155
0.7906	6.474885900637901
0.7912	7.637819879089648
0.79175	8.259213249997401
0.79235	9.021697283589447
0.793	8.638881839412534
0.7935	8.60467718940754
0.794	9.046131510686564
0.7946	9.123307258223349
0.7951	8.924319224631517
0.7958000000000001	9.42189041212464
0.7963	9.634868838691318
0.7968999999999999	10.051842756635779
0.7975	9.664793996273374
0.798	9.93860054036054
0.7986	10.123212991348737
0.79925	10.166203777571809
0.7997	9.636622231786305
0.80025	8.925456829768109
0.8007	8.647662572496074
0.80135	9.332853848181003
0.8019000000000001	9.631184027995914
0.8024	9.297223988122141
0.8029999999999999	9.029687538476765
0.8036	9.020727566443384
0.8041	9.1505122661722
0.8049	9.142921878024936
0.8054	8.630294941099464
0.8059000000000001	8.363600840925073
0.80645	8.894226260616279
0.8069500000000001	9.02243899128257
0.8077	9.379443991929293
0.8084	9.982567432469523
0.8089	9.958369800488299
0.8095	9.978981392790729
0.81	10.373196409083903
0.8106	10.280832667435789
0.8112	10.595093412258166
0.8118	10.337004268608325
0.8124	9.194906400250375
0.813	8.722121385059154
0.81365	8.535825078176003
0.8141499999999999	8.379806318652982
0.8147	8.536172220217168
0.8152	8.020068776993185
0.8158	8.080641078164035
0.8163	9.044317038530153
0.8168	10.207347124548733
0.8174	10.994391763981866
0.8180000000000001	10.987013273473167
0.8185	10.764256226031875
0.819	11.290948027012973
0.8195	11.380209089190203
0.82015	11.51799011815865
0.82075	11.168681829569095
0.82125	10.58550428426156
0.8218	9.176783224567771
0.8224	8.047068568877876
0.8229	7.608880416024476
0.8236	7.295632825499069
0.8242	6.595990991552526
0.82475	5.959742445432084
0.8251999999999999	5.384040302330732
0.82585	5.85632055931319
0.8265	6.565397250399428
0.8270500000000001	6.9204970321484325
0.8276	7.3329502952151415
0.8281000000000001	7.752345934110963
0.8287	8.225946468434131
0.8294	9.1858767873739
0.83	10.025507658121342
0.83055	9.960386089780968
0.831	9.310288748637277
0.8316	8.27225542866745
0.8323	7.837741409694445
0.8328	8.03180507517277
0.8334	6.940381283938223
0.8340000000000001	5.5378565894041
0.8345	4.999430559375924
0.8351	4.565979811163288
0.83555	5.189758981578052
0.83615	5.3840404325164855
0.8368	5.557119941671544
0.8374	6.5515200851616555
0.8379	7.625296440574175
0.8385	8.116141963417476
0.8391	8.08586984985891
0.8397	7.336899234580642
0.8403	6.82799633785271
0.8409	6.660851776267236
0.8415	6.887482566958397
0.842	7.499600246615046
0.84245	7.925234530586749
0.8431	9.275527162144726
0.8437	10.390369926911944
0.8442000000000001	10.54490118793069
0.8447	9.832475178875029
0.8452999999999999	8.86478545416935
0.8459	8.412488308668571
0.8464	8.27456269379968
0.847	8.24352536609922
0.84755	7.880401159570056
0.84815	8.558104409836233
0.8488	9.528867645455193
0.8493999999999999	10.036267069035375
0.85	9.858049928410082
0.8504	9.475263985472566
0.85095	8.89494755272085
0.8513999999999999	9.19922850600301
0.85195	9.401603143129933
0.8526	8.757815558463335
0.8532	8.385860582081705
0.8536	8.187990178354084
0.8542000000000001	8.280078283178455
0.8547	8.588912817183882
0.8553	8.464156641757882
0.8559	8.040812182040554
0.8564	8.223318504635245
0.8569	8.180688809071171
0.85745	8.922118873135787
0.85795	9.40549849173317
0.8584499999999999	8.88693472842806
0.85905	7.969329152854925
0.8594999999999999	7.56329414674201
0.8601	7.428810857968074
0.8607	7.343451093815702
0.8612	6.8159742865577755
0.8618	6.774787720558834
0.8623000000000001	7.476210828936928
0.8629	8.585221005936319
0.8634999999999999	9.240900524625658
0.8641	9.528270186324107
0.8647	9.843263434113169
0.86515	9.583916467747486
0.8657	9.30368608069989
0.8662	9.392001897163027
0.8667	9.598414512683803
0.8672	9.738102995790541
0.86775	9.453418345523232
0.8682	9.400916547913539
0.8688	9.526961486786604
0.8694	9.647054070606828
0.8699	9.195831258714634
0.8705	8.972946421376264
0.871	8.769367316005855
0.8714999999999999	8.908990700795584
0.872	9.130331507817345
0.87245	9.428092716793799
0.8732	9.38746492591281
0.8738	9.191132861522192
0.8745	8.981098286009228
0.8751	9.396447938999927
0.8757	9.706505491065627
0.87615	9.741087418115967
0.8767	9.694494984844368
0.8773	9.616318584220153
0.8778	9.457339356387138
0.8783	8.781528943351304
0.8789	7.794675175566226
0.8794500000000001	7.7776125894990855
0.88	8.117474618700498
0.8805000000000001	8.110994557517415
0.8811	8.091072039678693
0.8817	7.9328922857530415
0.8823	8.511688310918998
0.8828	9.076150690471422
0.8833	8.34849966716547
0.884	7.645773890694272
0.8845000000000001	7.382958645134067
0.885	7.851422873059391
0.8855	8.969878051429987
0.8861	9.034374456786054
0.88685	8.685766494899326
0.8875	9.175273321302711
0.8881	9.37359434193263
0.8888	10.161901228661918
0.8893	9.996110072492456
0.8899	9.098378686966043
0.8905	8.635793929387319
0.891	8.633443748445416
0.89165	8.498709347298472
0.89215	8.289193708116954
0.8926000000000001	7.819192318644809
0.8932	7.357494399017924
0.8938	7.242204625159502
0.8943	7.891203661182999
0.8948	8.037049338953238
0.8954	8.324989124400645
0.896	8.679888448544943
0.8965000000000001	8.248379329884528
0.8971	8.994438124022281
0.8976999999999999	9.778662886403936
0.8982	9.468248621494013
0.8988	9.333976972715163
0.8994	9.812295250461602
0.9	10.218437303921974
0.9005	10.249048900058597
0.9009	10.388579400721937
0.90155	10.068931044611418
0.9021	10.56775431235178
0.9027000000000001	10.525092391164208
0.9032	9.916096385767787
0.90375	9.243896992344844
0.9042	9.656991508855754
0.9048	8.88312480053196
0.9054	9.28227945377239
0.906	8.995070375435489
0.9065	9.450711177262747
0.9072	9.472613589172852
0.9077999999999999	9.47609370900318
0.9083	9.882877341338599
0.9089	10.564764529400009
0.9095	10.435905647064828
0.91	11.095529022027904
0.9105	11.053463173963564
0.911	11.45631093531847
0.9116	12.063974540680647
0.91205	11.880437759216875
0.9127000000000001	11.362040124234909
0.9133	11.03717761373673
0.9138999999999999	10.566685514058918
0.91445	10.696537271607667
0.91495	10.163705299674803
0.9154	9.589738884940743
0.9158999999999999	9.642512322602897
0.9167	10.355784280159014
0.9172	10.904655552602208
0.9178	11.274182535441696
0.9183	11.16237734797005
0.9188000000000001	11.12186397405867
0.9194	11.417873071439999
0.9201	11.355249181921863
0.9207	10.649989377707243
0.9211	10.110477542438048
0.9217	9.73557998812089
0.9223	9.744536334848135
0.92285	9.72568148680557
0.9233	9.725996163341051
0.9238999999999999	9.923288628392356
0.9245	10.16767400563026
0.9251	10.10719090640282
0.9256	9.794930936901665
0.9262	9.403021089732647
0.9267	9.508086516588264
0.92725	9.425628630377787
0.9277	9.493051344927835
0.9283	10.083510034318351
0.9289000000000001	10.764585057472914
0.9294	11.175609774621307
0.9299	11.638868111252123
0.9305	12.373823018079293
0.9311499999999999	12.814651050205612
0.9317	12.77731187322297
0.9323	12.374095235618597
0.9328	12.265051656801688
0.9333	12.068493561686182
0.9341	12.509589196515435
0.9347	12.672943231383442
0.93525	12.096968097878289
0.9357	12.039597067516297
0.93625	11.708263814848351
0.9368	11.074232992716134
0.9373	11.029681034918212
0.9378	10.339021039927047
0.9384	10.11581303671528
0.9389	10.512842769867575
0.9394	9.917350362387651
0.9399	9.212462975776589
0.9405	9.236889795533216
0.9411	8.803269767135816
0.9416	8.184559315243405
0.9421999999999999	7.497349477040416
0.9428	7.319422671238726
0.9434	7.5914956073143
0.9439500000000001	9.097400565432054
0.94455	10.01046383926382
0.9451	10.964889943333446
0.9456	11.549709334769886
0.9461999999999999	11.819665737516516
0.9467	12.487484611903483
0.9473	12.752532447089607
0.9479	11.710548897207218
0.94835	11.221126338267368
0.94895	11.443765660215604
0.94955	11.874652467468422
0.9501	11.862075566181147
0.95065	11.25577473680346
0.9512	11.259411158838475
0.9518	12.14148652779727
0.9522999999999999	12.064991473020655
0.953	11.015932039490735
0.9535	10.63205998630383
0.954	10.50853022713477
0.9546	10.383695586850536
0.9552	10.03245621094743
0.9557	9.34141546394676
0.95615	9.674108701491832
0.9568	10.50432567690882
0.9572	11.740400978630078
0.9577	12.234648473361176
0.9583	12.088059971175426
0.9589	11.99980632488473
0.9594	11.95167413347258
0.95985	11.677230297720826
0.9604	11.556512677509772
0.9609	10.695597884710878
0.9616	10.620411984489465
0.9621	10.851583214942366
0.9627	10.395059509601879
0.9631	10.227656234188771
0.9637	10.080180026657217
0.9642	9.421510022199982
0.9647	9.494170678712862
0.9653	9.983845085238272
0.96575	10.862203688028103
0.9662	11.81987268584112
0.9668	12.59977547092626
0.9674	13.120129411707467
0.968	13.775725884828717
0.96845	13.724665357797676
0.96895	13.197278909584611
0.9696	13.015521125934356
0.9701	13.436602366888565
0.9706	13.785798585840666
0.97115	13.477970549104839
0.9718	13.5062968279899
0.9724	13.475354900716638
0.9729	13.366104226892048
0.9735	13.353792942062455
0.9741	12.745657239441925
0.9747	12.343278810115635
0.9753000000000001	12.404991583299989
0.97575	12.308050352614373
0.9762	12.29910585024777
0.9767	12.515252151859158
0.9773000000000001	12.022335110631275
0.9778	11.731801748142743
0.9783999999999999	11.474436026199555
0.9789	11.673300774435347
0.9795	10.97097341530025
0.9801	10.40555798029527
0.9807	10.183724711249852
0.9813000000000001	10.0108573223863
0.9818	9.628812448587269
0.9825	8.931275907970303
0.983	8.276208603089344
0.9836	8.599079040810466
0.9841	8.564169462237942
0.9847	8.464619871894001
0.9853000000000001	8.702700280251747
0.9858	8.884055431000888
0.9863	9.135579871213167
0.9869	9.402903834956533
0.9875	10.270047116425985
0.9881	11.166038479855388
0.9886	11.322647119273597
0.9892	11.33181877075026
0.9898	11.981058507425814
0.99035	12.989332434787684
0.9909	13.915127197080892
0.9914000000000001	13.572299573171222
0.9919	13.245403261988258
0.99245	13.256398015921604
0.9931	12.97338338708505
0.9937	12.520841383774268
0.9943	12.214236435813064
0.99475	11.685937418070125
0.9953000000000001	11.637136444648831
0.99585	11.496770875861102
0.9964999999999999	11.226893118782073
0.997	11.32863186100235
0.9975499999999999	11.46572211085413
0.9982	11.763153442713701
0.9988	11.4907872933627
0.99935	11.184950468596071
0.9998	12.23009143064587
1.0004	13.392220389762997
1.0008499999999998	14.000977568527787
1.0013	14.77214348322832
1.0018	14.65654661612848
1.0024	14.056880387477577
1.0030999999999999	13.813110761011785
1.0038	13.033105204014873
1.0044499999999998	12.728666610683149
1.005	12.420865248755717
1.0055	12.634091565784502
1.0061	13.223924477185392
1.0066	14.391744232536894
1.00715	14.90603314266923
1.0076	14.565989646528351
1.0082	14.042628170190483
1.0087	14.486172631781983
1.0093	14.56065440650218
1.0099	14.29644715233826
1.0106	13.640587628752428
1.01115	13.28811355081507
1.0116	13.691964857612902
1.0122499999999999	13.956405927560127
1.01275	13.445150041021407
1.0133	12.532847143110985
1.0139	11.206275544062692
1.0145	10.601050752813762
1.0150000000000001	10.781578225748717
1.0155	10.830942879098302
1.01605	11.195423507397663
1.0167	11.069592664151287
1.01725	11.147756114868116
1.01775	11.167013173656642
1.0184	10.942307967825627
1.0187499999999998	9.869239660312587
1.0193	8.637796257289892
1.0197	8.211897374529826
1.0203	9.133768788272619
1.0207	10.028537169630908
1.0213	11.523979898275911
1.0216500000000002	13.27657061535865
1.0222	14.83062286655013
1.0228	15.935609266494566
1.02335	15.67652596506673
1.02385	15.052634619242781
1.0244	14.880572278052568
1.025	14.260958673765117
1.0255	13.623991644076341
1.0260500000000001	13.640160315071398
1.0267	13.316738627584755
1.0272999999999999	13.580069891443145
1.0278	13.362118540331721
1.0283	12.566932925621813
1.0288499999999998	12.233298058488572
1.0294	11.675453469290233
1.03	10.94873672304675
1.0305	10.934886937827969
1.031	10.715958439478754
1.0316	11.226940157889658
1.0322	11.998469843662178
1.0327	12.425888250249272
1.0332	13.040595927142704
1.0338	13.583556229315036
1.0343	13.741817787356013
1.03485	14.516656771701264
1.0354	14.927279617970044
1.036	15.046504758631045
1.0366	15.363930436582905
1.0371000000000001	15.517188040073961
1.0376	15.362313259858638
1.0382	15.034691524425625
1.0387499999999998	14.651040407429718
1.0393	13.971002637874335
1.0399	13.763145103651368
1.04035	13.087165945675224
1.0409	12.572227644401437
1.0415	12.281605172436684
1.042	12.864333463500088
1.0426	12.811478537906396
1.0431	13.208121886410254
1.0437	12.698693749960512
1.0444499999999999	12.853252209257334
1.0451	12.984813368613004
1.0457	12.89382551331073
1.0462	12.721702374517918
1.04685	12.89532328649807
1.0474	12.360224362396139
1.0479	12.398159304833143
1.0485	12.729821337386966
1.0491	12.951503572519869
1.0498	13.692291219053459
1.0502	13.681297738238072
1.05065	13.05089078364631
1.0512	12.56010425423392
1.0518	12.806219810154289
1.0524	13.13681785509516
1.053	13.267495748387319
1.0534	12.9723726226282
1.054	13.48843346848821
1.0546	13.704798749648035
1.0551	14.427888946275061
1.0554999999999999	14.45943731854527
1.0561	13.8918935629938
1.05675	13.249952093365437
1.0572	12.674605523036462
1.0579	12.135496345149022
1.05835	12.494450518262738
1.0589	13.527253208482307
1.0594999999999999	14.306700143830085
1.06005	14.987219176454573
1.0607	16.853461005458712
1.0612	18.37595404165654
1.0617	19.207902050909752
1.0624	19.201077535881495
1.0629499999999998	18.632143307077968
1.0634	18.36880742040057
1.0639	17.98746935018721
1.0644	16.880429694628447
1.06495	16.53006327019193
1.0655000000000001	16.66257270545293
1.0661	16.984807438350117
1.0666	16.51384704087718
1.0672	15.874426214290452
1.0677	16.27049764478579
1.0683	16.69609073369884
1.0687	16.513890245596713
1.0693	16.31848704655249
1.0698	16.987829233187085
1.0704	18.231543542484587
1.0709	19.28226039226024
1.0714000000000001	18.774770344607532
1.0719	18.230346859299743
1.0725	18.09939599635868
1.07295	18.515932140073573
1.0735000000000001	17.86151465610601
1.074	17.257224100841313
1.0746	16.644840542060592
1.0751499999999998	17.27360035049992
1.0756999999999999	17.502143338688484
1.0763	17.95627656060128
1.0769	17.82849083777637
1.0775	17.704272301335322
1.078	17.332644571749597
1.0786	17.1261177114543
1.079	16.20995189874816
1.0795499999999998	15.833249456415388
1.0802	15.21566921928229
1.0808	14.71215727492904
1.0813	14.308674458347696
1.0819	13.98390481398178
1.0824	14.239375059692293
1.083	15.283906538039446
1.08365	16.221637450391427
1.0841	16.59542459538875
1.0847	16.900924313613814
1.0853	16.968575511726385
1.0859	16.987869608714846
1.0864	16.50829160692433
1.0869499999999999	15.68619213901843
1.0875	14.355119381698614
1.0881	13.463330251430762
1.0885500000000001	12.686515622173602
1.089	12.236768446197402
1.0896	11.809278533394718
1.0901	12.023042161782541
1.0907	12.154175054414964
1.09145	12.815821446877408
1.092	13.318168086365631
1.0925500000000001	13.447658340812495
1.0931	14.354886566188952
1.0935	15.417588633385321
1.0941	15.62195661753799
1.0947	15.196732905360705
1.0953	14.724452555578637
1.09585	14.864069463285887
1.0964	14.96458092850753
1.097	14.700307678032004
1.09755	14.504636315396056
1.0980500000000002	14.662382866189319
1.0986	15.268448316791364
1.0992	15.924397002273508
1.0998	16.77521431958303
1.1004	18.033711868504497
1.101	18.414244458278745
1.10165	19.115965258263486
1.1022	19.885509583533576
1.1027	20.145001404818913
1.1032	20.82844308078552
1.1037	20.860495356510228
1.1044	19.7905610455864
1.1049	19.15745750508654
1.1054	18.47823455304433
1.1060500000000002	17.51676389714703
1.1065	16.89932329167732
1.107	16.337882925955682
1.10765	15.17862351641179
1.1085	14.059641189906415
1.10895	14.473846499408864
1.1095	14.536359406841257
1.11	15.052381600086846
1.1106	15.893623093841597
1.1111	16.004319837350067
1.11165	16.43394586856334
1.1122	17.511423175123355
1.1128	17.64169902447611
1.1134	18.17610907431549
1.1138	17.675429540786126
1.1144	16.746843153145164
1.11505	16.059603635587564
1.11565	16.332641883154565
1.11645	17.002124570343312
1.117	17.513826401937422
1.1174499999999998	17.342403093918392
1.1179999999999999	18.0114802904759
1.1187	18.78720593266189
1.1193	19.24690204928629
1.1199	18.913809366391206
1.1205	18.49755604751408
1.1211	18.016222947576352
1.1217	18.123454905115068
1.1222	17.60728953323064
1.1227	17.28640365933188
1.1234	17.00327979400754
1.1239	16.77517058939793
1.1245	16.569935075273406
1.125	16.13484191891189
1.1255	15.533589556048128
1.126	15.541884601781248
1.1266	15.874043176516125
1.1272	16.528245768942043
1.1277	16.866948007871997
1.1280999999999999	17.63533701444976
1.1287	18.64875680973205
1.1294	19.719981558121845
1.13	20.000976075950348
1.1306	20.088528936429384
1.131	20.39179793146559
1.1317	20.579303751865837
1.1323	20.317529465404505
1.13285	19.89191635611587
1.13335	19.08215332792929
1.134	18.080504750766295
1.1345	17.174548819960364
1.1349	16.36979499861718
1.1355	16.40452295259024
1.1360000000000001	15.85700149358513
1.13665	15.223228906114855
1.1373	15.018194853361365
1.1378	15.581332912036487
1.1384	16.758311380033547
1.1389	17.31409234932744
1.1395	17.465980999637395
1.1400000000000001	17.824287689423954
1.14065	18.19433732600214
1.1412	18.447286481902438
1.1416499999999998	18.11637306213379
1.1421000000000001	17.18308600450723
1.1426	16.158416582138443
1.1433	15.285476725448689
1.1439	14.994152397881862
1.1446	14.830706038146445
1.1453	14.232889123393988
1.1459	13.900917436628106
1.1464	13.837797330559397
1.1471	14.306482990072709
1.1476	14.694560501890692
1.1482	14.804247143644943
1.1488	14.801688080852955
1.1494499999999999	15.321323358553627
1.1499	16.708472198640266
1.1505	17.582679955488175
1.15095	17.725479424798095
1.1515	18.284452559126976
1.152	18.866154061963016
1.1526	19.04689916974985
1.1532499999999999	18.890355977861645
1.1538	18.151691099595382
1.1543	17.694274300908774
1.1549	17.409534871378582
1.15545	16.653427607313233
1.156	16.025586930203417
1.1566	15.483855392850273
1.1572	14.914504846325144
1.1577	14.51284286073792
1.1582	13.89156237570569
1.1587	14.31430670412783
1.1593	14.45074017332604
1.1599	14.875796231940058
1.1604	15.63484019400289
1.1609500000000001	16.03938443795778
1.1615	16.450308690279826
1.1621000000000001	17.35148140465435
1.1627	17.82175059417
1.1633	18.716831059727156
1.1638	18.848649792240167
1.16445	18.716415165856915
1.1651	19.043168352151724
1.1656	19.78640582139724
1.1662	19.91442313461016
1.16675	19.508357831110516
1.1672	18.33380131346962
1.1678	17.260387350705287
1.1684	16.85933225385702
1.169	16.615953238780776
1.1696	16.37108494045333
1.17025	15.837700659908023
1.1708	15.525190047520482
1.1712500000000001	16.06381924573452
1.1718	17.25682441341428
1.1722	17.518581032886004
1.1728	17.912147975393736
1.1734	17.836850666507416
1.174	17.6044044601731
1.1746	17.63829781830168
1.17515	17.844565759712168
1.1757	17.10750787698521
1.1763	16.789127290082433
1.1769	16.531385082751513
1.1774	16.51154101506927
1.178	17.16897972879383
1.1785999999999999	17.21094250449505
1.1792	16.61374687217176
1.17965	16.578515340075
1.1802	16.61278662181985
1.1809	17.013156419719735
1.1815	17.334758020837626
1.1821	17.26794835126816
1.1827	17.453160426180148
1.1832	18.065261132549495
1.1839	18.371203502507115
1.1844999999999999	18.70035235553837
1.1851	18.514318959122193
1.1856499999999999	17.724775698035955
1.1863	17.314444910369048
1.1868	17.429364844025713
1.1873	17.201873003738
1.1878	17.358086421520284
1.18825	17.60918951723056
1.1888	17.848005897564917
1.1894	18.10499990491985
1.1901	18.54702642466873
1.1907	18.41724490929778
1.1915499999999999	18.451108281001552
1.192	17.967378911229616
1.19255	17.813302485072654
1.1931	17.466193650283685
1.1937	18.28367937885082
1.1942	18.66076962772877
1.1947	20.03841253137216
1.1952	21.338062981609255
1.1958	22.125333972009003
1.1964000000000001	22.728073113664323
1.197	23.166480737937718
1.1976	23.108842509033593
1.1981	23.375848804866564
1.1987	22.15540351608888
1.1993	21.474726943764836
1.1999	21.215593690318656
1.2004	20.933734108959925
1.2008	20.382341511580762
1.2012	19.816212406947443
1.2018	19.13240047384579
1.2023	18.492945993385547
1.2027999999999999	17.492811878710654
1.2032500000000002	17.3814100861282
1.2039	17.634680491206836
1.2046000000000001	18.760924355925226
1.2052	19.380029538479903
1.2058	20.193740950331858
1.2062	21.642539404931313
1.2067999999999999	22.598762565658262
1.20755	23.10914262932988
1.2081499999999998	22.75883960071951
1.2086999999999999	21.845746589325472
1.2093	21.3622096759334
1.2099	20.197914673281502
1.21055	20.043322465715164
1.21095	20.155982327447873
1.2115	20.522642520356158
1.2119499999999999	20.97439250157072
1.2126	21.104788279493505
1.2132	20.64383624430866
1.2138	20.770223278951335
1.2144	20.145019139795068
1.21485	19.925611121347174
1.2154500000000001	19.585912153656864
1.2161	19.361753260749992
1.21685	19.59004925164777
1.2173	20.17519574978246
1.21775	20.007700495388463
1.2184	20.06807703494883
1.2189	19.696814369277263
1.2194500000000001	19.017368093498817
1.2202	18.31842361816325
1.22085	17.944793846158746
1.2213	17.513838549843058
1.2219	18.3648717389774
1.2226	19.095549278094268
1.223	19.541872014191767
1.2237	19.554492621449754
1.2243	19.688531051622704
1.225	19.54986482698996
1.2256	20.722486270691434
1.2261	21.21967945188021
1.2267000000000001	21.21520773101861
1.2272500000000002	21.191386386951535
1.2277	21.344238824510285
1.2283	21.429587147697475
1.2288000000000001	21.754433813571268
1.2293	20.488623551059618
1.2298	19.345415171102786
1.2305	18.35575954789033
1.23115	18.334696807732143
1.2317	18.227340264112854
1.2322	18.327993634622544
1.2328999999999999	18.234039581048137
1.23345	18.407577938599616
1.2339	19.004623821005225
1.2344	19.808791536738
1.235	19.541575648389426
1.2356	19.76171577741775
1.2362	19.822085981124246
1.2368000000000001	19.6568925513086
1.2373	19.736972487997264
1.2378	19.141561931531214
1.23835	18.410150048489186
1.2389000000000001	18.616944053542966
1.2396	19.26422935205369
1.2401499999999999	19.83868728122411
1.2407499999999998	20.919663263185384
1.2413	22.126503768243992
1.24185	23.293807083940237
1.2425	24.43322677045512
1.24305	24.45946570632168
1.2436	23.620685148684743
1.2442	23.39706269385556
1.2447	22.810567375505343
1.2453	21.82624319451861
1.246	20.862195032947966
1.2466	19.928414434094748
1.2471	19.791570982163876
1.2477	20.31890017522619
1.2483	20.93728873805526
1.2489	22.123602786300808
1.2495	22.657382113326776
1.2502	23.340778653210464
1.2507	23.570646905672902
1.2513	24.479889928263447
1.2518500000000001	25.374561848950407
1.25245	25.448406500009924
1.2530000000000001	24.101053976021376
1.2536	23.22632257474038
1.2542	22.757067493196246
1.2546499999999998	22.905339547565973
1.2553	22.58045214175104
1.2559	22.234550031899744
1.2564	22.402938356689447
1.2570000000000001	23.280312381352132
1.2576	24.18758915384683
1.2582	24.692658741692185
1.25875	25.209835750915545
1.2593	25.560469106371784
1.2599	25.41795188807214
1.26045	24.89009218759429
1.2609	23.6582345762954
1.2614	23.05377214904206
1.2619	22.85560957019743
1.2624	22.854292829587393
1.263	22.94892459359403
1.2636	22.799552673540347
1.2643	22.894850314761015
1.2648	23.317296101046395
1.2654	23.25834037047548
1.2659500000000001	23.250191540091464
1.26655	23.264356693718582
1.267	22.747413150999364
1.2676	23.005060905989694
1.2681499999999999	23.097899961218673
1.2687	23.067545743592518
1.2692999999999999	23.69330087267531
1.2699	24.182918136673152
1.2706	23.608738187268045
1.2711999999999999	23.54269075979073
1.2717	23.320966013740417
1.2723	22.62824796798759
1.2728	22.785993416161546
1.2732999999999999	22.025739787412476
1.27385	21.325305393298322
1.2744499999999999	21.66139483248935
1.275	21.34135441182707
1.2756	21.012255784090712
1.2761	20.897527300719275
1.2766	20.268838408203464
1.2771	20.99764121436897
1.2778	21.47293278634811
1.2782	21.617355584832012
1.2788	22.020252497933143
1.2793999999999999	21.625738120105552
1.2799	21.416198167218
1.2806	21.966691969261774
1.2812000000000001	22.256672310410067
1.2818	22.356957632915282
1.2823	22.64317139810214
1.283	23.179381390900517
1.2835	24.583855473536232
1.28395	25.59575871285051
1.28445	25.529469152313823
1.28505	25.71732704996657
1.2856	25.909907995057893
1.28625	25.793693614292124
1.2868	25.269801152404398
1.2874	25.081318295327947
1.288	25.097425787377006
1.2886	25.56029855336851
1.2891	24.51877301997888
1.2896	23.708973851620385
1.2902	23.272297333659708
1.2907	23.616042840427554
1.2912	24.18945804115242
1.2918	24.608015840041617
1.2924	24.534998046200826
1.29305	25.07923214044422
1.2936	25.292688920129194
1.2941	25.054885167861357
1.2946	24.151232476612222
1.29515	23.711769751971588
1.2956500000000002	24.07562335790135
1.2962500000000001	24.430442450900728
1.2967	25.073849181444984
1.29735	25.756590434715918
1.2979500000000002	26.43579948384172
1.2986	27.183112788479775
1.2991	26.61718384429264
1.2996500000000002	25.382886452433922
1.3002500000000001	24.879909971762117
1.3009	24.44860669957211
1.3014000000000001	23.94687295572021
1.3019	23.730922916804275
1.3025	23.789940664511278
1.3031	23.309711693253803
1.3035999999999999	23.55460351382908
1.3041	23.673996183555573
1.3047	23.44797240876187
1.3051	23.58228139818766
1.3057	23.73263586262624
1.3063	23.113654572184032
1.3068	23.429476243876024
1.3073	23.264331950306996
1.3078	23.122986744457194
1.3082	23.357388678572306
1.3088	23.176398396824652
1.3093	23.06401535629152
1.3099	22.895269995954322
1.3106	22.665012850226503
1.3111	22.487612024016016
1.3116500000000002	22.58231532773266
1.3124	22.460641255901464
1.313	22.812947052530944
1.3136	23.442236855260262
1.3141	24.00283383674514
1.3146	24.864658499136567
1.3152	25.299138881432327
1.3157	25.519252487258655
1.3162	25.53162137851382
1.3168	25.832803879864514
1.3173	25.941233588548812
1.3179500000000002	27.24144869819952
1.3186	27.567943336907774
1.3192	28.507589265072056
1.3197	28.729944658066415
1.3204	29.373743131889796
1.321	29.823060159637862
1.3216	29.713015640786352
1.32205	28.676536579416734
1.3225	27.976043628595107
1.3232499999999998	27.488203545533224
1.3239	27.824401392934078
1.3244500000000001	27.706277322522965
1.325	27.727514456990775
1.3256000000000001	27.23535969404361
1.3261	27.38736988055257
1.3266	28.15024075786846
1.3271	28.253746884442535
1.3278	27.836539576594987
1.3284	27.95477124885656
1.3289	27.76971802364892
1.32945	28.426752184384668
1.33	28.876034127082676
1.3305	28.682027275674045
1.3311	29.37067884080375
1.3316	29.78314251798588
1.33215	29.88542520956662
1.3327499999999999	30.44913977354622
1.3334	30.571474352020005
1.3339500000000002	30.79402245774054
1.3345	30.753692868697726
1.3351	30.265671010927463
1.3357	30.70965589250295
1.3362500000000002	30.703479247599944
1.3368	29.353867483491513
1.3375	28.786428461682817
1.3381	28.2374782822028
1.33865	27.779033817051413
1.3392	27.692269455974156
1.3397000000000001	27.054273704066873
1.3404	26.813752481813708
1.3409	27.850876844155437
1.3415	27.793279130178007
1.3419500000000002	28.54815784605603
1.3425500000000001	29.270820406198936
1.343	29.0955334221278
1.3437000000000001	28.7254489372217
1.3443	28.491171828371307
1.34475	28.427292181378334
1.3453499999999998	28.77935461340735
1.3458999999999999	28.02090238783103
1.3464	27.61991253871065
1.34695	27.98642978075486
1.3475	28.71439787895156
1.3482	29.130219244131922
1.3487	28.509154797232213
1.3493	28.40805952563619
1.34985	28.59877034912006
1.3504	28.68664937220251
1.351	28.65823596027417
1.3516	28.720403352718904
1.35215	29.17739769061359
1.3526	29.444504140011304
1.3531499999999999	29.521451486773458
1.3538000000000001	29.522350914975732
1.3543	29.777905069524422
1.3548	29.8794772347901
1.3554	29.843895304548823
1.3561	29.17961087443723
1.3566	29.44695860935758
1.35725	29.856759117849606
1.35775	30.760352918179706
1.3583500000000002	31.316279049596915
1.359	31.866676932333803
1.3595	31.8461882249851
1.3601	32.061993886716664
1.3605	32.60889271467113
1.3611	32.65036422094067
1.36165	31.466387681995684
1.3622	30.5970640000221
1.36265	29.787374889045623
1.3633	29.401520338275304
1.3637	28.97151259628913
1.3643	27.58992069670262
1.3649499999999999	26.795557451035165
1.3657	26.955793060794576
1.36625	27.625315427380883
1.3667500000000001	27.909461267591723
1.3672499999999999	28.40353179653175
1.36785	29.252761889282283
1.3684	30.661367378962495
1.3689	31.264372868263763
1.3695	31.30869011620848
1.3702	30.405103384583526
1.37065	30.032960384352236
1.3713	29.650940169447267
1.3719000000000001	29.660937045268383
1.3725	29.36203172250771
1.3731	28.931429793758753
1.3736	28.689724328462034
1.3741	29.556395018573085
1.3747	30.564354592767813
1.3754	31.203193540751272
1.37595	30.8908788820263
1.3765	30.347857292475283
1.3771	29.78469912015953
1.37765	29.47904799808748
1.37825	28.85720199991806
1.3787	28.290167142404243
1.3793	28.533892367866656
1.3799000000000001	28.87134608021006
1.3806	28.992890061211938
1.3812	29.5797821234778
1.3818	30.747084205703914
1.38225	31.598928803544595
1.3827	32.207377402078464
1.3832	32.60796127624667
1.3837	32.76639196113683
1.3845	33.537463416045966
1.385	34.146439859676775
1.3856	34.21362577698051
1.3860999999999999	34.62141348933801
1.3867500000000001	34.15071465218034
1.3872	33.06709934415153
1.38775	32.65259063220583
1.3884	32.64655455308298
1.38895	32.62666584434919
1.3896	31.734390531899408
1.3903	30.209142497773882
1.3907	29.934406242732393
1.3913	29.763137870168748
1.3917	29.71912146479417
1.3923	29.68901300001221
1.3928500000000001	30.093058474993768
1.3933	31.217720734787008
1.39385	32.38990765058293
1.3945	32.84212381625548
1.39505	33.5439546034072
1.3956	34.90706049511209
1.3961000000000001	35.093664267798886
1.3967	34.980421244532636
1.3972	34.53588875596006
1.3978	33.626636781197476
1.3982999999999999	33.11129022961745
1.39885	33.1120929547385
1.3993	32.59829309017255
1.3998499999999998	32.522866332105195
1.4005	32.224495653262466
1.40115	32.47588181053288
1.40165	33.3414804196716
1.4021	34.02676427580536
1.4027	34.59294481871507
1.4032	34.857750357161876
1.4038	34.87876980695205
1.4045	35.538737671981835
1.4050500000000001	35.744649623653686
1.4056	36.47945734978248
1.40605	36.91702510998584
1.4067500000000002	37.5353830747772
1.40735	37.45208808663301
1.4079	37.61993223036234
1.4084500000000002	37.034198310126385
1.409	37.07337831043901
1.4095	36.9634438600458
1.4101	37.67571203916191
1.41065	37.26678574936727
1.41135	37.48022072366439
1.412	37.75755686775233
1.4126	38.18254283263468
1.4132	38.23766893125139
1.414	38.11506423859714
1.4145	37.72544508750002
1.415	37.73022099188529
1.4154	38.170234524312264
1.4161	38.42400635995091
1.4167	38.43353057692616
1.4173	38.51502506032443
1.4178	38.65241764509119
1.41835	38.84778687441053
1.4187500000000002	38.676089884613475
1.4194499999999999	38.1096797081907
1.42015	37.49298913384382
1.42075	37.978354681848714
1.4212	38.418912826737824
1.4218	38.57736989137311
1.4224	38.19902671820341
1.4229500000000002	38.10237019994679
1.4237	37.881050996948034
1.4243000000000001	37.6265476627741
1.4249	37.02057113797787
1.4254	36.973869402127775
1.4259	37.14642727474802
1.4264999999999999	38.05880571888497
1.4269	38.362070672746086
1.4276	38.360750955662525
1.428	38.99848655967162
1.4286	39.669975403563285
1.4292	39.92682326920999
1.4298	40.14610234072552
1.4306	39.298420837847516
1.4311	39.63755686534569
1.4316499999999999	40.21276724887343
1.4322499999999998	40.30900048973422
1.4326500000000002	40.58125767251477
1.4332500000000001	40.87600641774134
1.43385	40.103571708912796
1.4344999999999999	40.04144805856049
1.435	39.8458881601357
1.4354	40.166836028353146
1.4359	40.15593565488234
1.43655	40.376038882315925
1.437	40.49048710208649
1.43785	41.80023103426879
1.43845	42.78625095728785
1.439	43.579756005301306
1.4395	43.66432082440156
1.44	44.10132305134471
1.4405999999999999	43.577095118484294
1.4412	42.5176511335053
1.4417	41.39634424434712
1.4423	40.76115694000123
1.4428	40.24869265773191
1.4433	40.179291836551556
1.4439	40.19141282573605
1.44455	40.62101419908663
1.44515	41.980359210532924
1.4458	42.69889652313259
1.4464000000000001	43.405403543729335
1.447	43.87004963764252
1.4475	43.88896254090855
1.4480499999999998	44.191232092944574
1.4486500000000002	44.7548446955625
1.4492	45.619139753581294
1.4497499999999999	46.72714516999463
1.4502	46.5659582229398
1.4508	47.046225724043325
1.45125	47.91740257805213
1.45175	48.90680127464498
1.4522499999999998	49.27628226441857
1.4529	48.94310246943496
1.4534500000000001	48.607824455780246
1.454	49.22487450697054
1.4546000000000001	49.57463601111817
1.4551	49.4693976980966
1.4557	49.12707410649659
1.4563	49.170090142038816
1.4568500000000002	49.830199919840425
1.4573	50.39876284240745
1.4578	50.676583236515626
1.4584	50.774614252249876
1.4591	50.72976306938949
1.4597	50.5565821272653
1.4604	50.91895340396354
1.46095	50.63877424770703
1.4614500000000001	50.787426609313115
1.4619	50.71850465091734
1.4625499999999998	49.901985688334435
1.4632	49.53867739864745
1.464	49.78295095081967
1.4645	49.20380662990328
1.4651	48.73213123596656
1.4657	48.97075186666484
1.4663	49.31342493376815
1.46685	50.49857873645874
1.4673500000000002	52.00416023916159
1.46815	53.0764075080931
1.46885	54.08220675321559
1.4694	54.56599157493156
1.4699	54.591646555578336
1.4705	54.91105647657855
1.4711	55.17363544926047
1.4715	55.197711113108426
1.4723	54.034587509131825
1.4729	53.29169648978859
1.4736	52.99158473888269
1.4743	53.0982832200159
1.4749	53.33926890570933
1.4754	52.88925980929548
1.4759	52.52183483594217
1.4767000000000001	53.46908742169444
1.4772500000000002	54.36580786621198
1.4778	54.97592051686456
1.4783	54.95403910654454
1.47905	54.90472178670029
1.4796	54.61156642742981
1.4801	54.788519170501104
1.48075	54.92302464826821
1.4813	54.868708291722896
1.4819499999999999	55.202773129401066
1.4825	55.638056827442824
1.4831	56.56538729698923
1.4836	57.69691966178016
1.4842	58.79358062969641
1.48475	59.456738643381414
1.4854	60.02290119543409
1.4859	60.32387400624725
1.4866	60.43734289459621
1.48725	60.01584953172801
1.48795	60.18140035671445
1.48855	59.70646659783756
1.48915	59.29651137897076
1.4896	59.081850969166
1.4901	58.975084421125075
1.4906	58.883713501971215
1.4914	58.86029867212551
1.4919	58.30301536819229
1.49255	57.89064764416048
1.4932	58.625827580307714
1.4937	58.92021128008059
1.4942	59.05599573247923
1.4947	58.5356811879235
1.4953	57.50124056710456
1.496	56.9416003821284
1.4964	55.691525370514455
1.4969000000000001	53.47844807141723
1.4975	51.79312888017307
1.4981499999999999	50.20029799093027
1.4986	48.99059478349841
1.4991	48.534544992493466
1.4997	48.08663315608692
1.5002	48.38512706231063
1.5008	48.295653987043806
1.5013	47.80965627495402
1.502	47.38869775281205
1.5024	46.270826938728305
1.5029	45.837791562778875
1.5035	44.97808848820364
1.504	44.004198965549904
1.5045	43.32243704659459
1.505	42.80380172437117
1.50555	42.17935965484594
1.5061499999999999	41.8167216570248
1.5066	39.782938817615786
1.5072	37.920455794714826
1.5077	36.85163727434269
1.50835	36.606314095651896
1.5089	36.28959084719622
1.5095	36.89180926554491
1.5101	37.96736762764135
1.5106	39.736071068410865
1.5112	42.48711752216332
1.5117	44.44597337537971
1.5122499999999999	45.37852788902819
1.5128499999999998	45.84278027987693
1.51335	45.64562221011147
1.514	45.04065953063696
1.5145	44.19295192666209
1.5152	42.7566592406115
1.5157	41.268583619335004
1.5162	39.7432231734108
1.5168499999999998	39.03984900998012
1.5174500000000002	38.86251582185332
1.51795	39.360873221552765
1.5184	40.08699677124537
1.5189499999999998	40.88013948856042
1.51965	42.094389341438955
1.5201500000000001	43.485464505169375
1.5206	44.26247988135674
1.52115	45.0735855749474
1.5216	45.35167334117318
1.5222	45.26576002133402
1.5228	44.70997646344563
1.5234	43.28738747982834
1.5239	42.586497933121564
1.5245	42.23164391088562
1.5251000000000001	41.38378663475828
1.5257	41.13575374621087
1.5263499999999999	41.05846257832104
1.5269	41.18146106204949
1.5274	41.93282967775917
1.528	41.97589627433831
1.5285	42.019005693478675
1.5290499999999998	42.28668739749787
1.52955	41.593086818532356
1.5301	40.783891305809675
1.5307	40.37072095028793
1.5312999999999999	40.15262494399212
1.5318	40.66052158366483
1.5324	41.272793319991024
1.5331	41.36907106701142
1.53355	41.418814675682825
1.5340500000000001	41.680409208156334
1.53465	42.010672178003006
1.5352000000000001	42.41827013810894
1.5357	42.49092765272189
1.53625	42.02727072479729
1.5367	41.06299417244736
1.5374	41.01897372529902
1.538	40.95106059878253
1.53865	41.53438216062
1.53935	41.23068316107879
1.54	40.33222422181689
1.5406	39.600653367782115
1.54115	39.56433837207237
1.5416	39.63127849109674
1.5423	39.52508113147428
1.5427	38.49020909551268
1.5433	37.924544406223276
1.5437	37.23216297286217
1.5443500000000001	36.79862984051988
1.545	36.720855920774966
1.5456	36.38120568731597
1.5461	36.502854511640635
1.5466	37.0694630300859
1.5472	37.51007443964136
1.54785	38.63172957751817
1.5484499999999999	39.90773643975672
1.5488499999999998	40.269758178819075
1.5493000000000001	40.667923683699655
1.5499	40.51347942721827
1.5504	39.93667460093275
1.55105	39.41058369494772
1.55165	39.101212581752634
1.5522	38.66741667488327
1.5527	38.73156198859215
1.55335	39.01286614408514
1.5538	40.057482647027655
1.5543	40.72912152575532
1.5549	41.22463448139433
1.55535	41.17135930304153
1.5558	41.35631633697926
1.5564	41.341464274978534
1.5569	41.014782095228156
1.5574	39.89662477495472
1.558	39.42479857923786
1.5586	39.565921951916835
1.5593	40.03484190069139
1.5597500000000002	40.05740235975395
1.5603500000000001	40.44471894580465
1.56075	40.14334795708828
1.5612	40.39195656230936
1.5618	41.302873216236776
1.5623	41.97837923924499
1.5627499999999999	42.42319900728762
1.5633499999999998	42.46834153642067
1.56385	42.190068742526364
1.5644	42.86737320928023
1.565	43.37189618290199
1.5655000000000001	42.82554295758837
1.566	42.270317999612644
1.5665499999999999	42.00023281640756
1.56705	41.62155075619057
1.5676999999999999	41.479827896974484
1.5682	41.67417170518138
1.5689	41.25376035236491
1.5694	41.050555832002146
1.5699	40.59258287735952
1.5703	40.256402730043646
1.5708	41.310781653221966
1.57125	42.408565191784874
1.57185	42.590838763114334
1.5723	43.06536928915216
1.573	42.95682757347822
1.5735000000000001	43.63987179511287
1.57415	43.35102886576874
1.57485	41.97544244211167
1.5755	39.781492242655986
1.5759500000000002	38.350686549707916
1.5765500000000001	37.571405702137554
1.5771	37.48376485876656
1.5777	36.38690823915272
1.5783	35.7430164592306
1.5788	35.86543219152372
1.5793499999999998	36.838774591750735
1.5799	37.43319556591018
1.58045	37.6790043694366
1.5810499999999998	37.93038098284569
1.58155	38.4385261289176
1.5822	38.3835800870354
1.5826	38.03831261783898
1.58325	37.86027920066499
1.5838	36.948278906871565
1.5844	36.818167976020504
1.58495	36.538028271236726
1.5854	36.90077904660052
1.5861	37.79256898557219
1.58655	39.211549382556996
1.5871	40.017373096596884
1.5875499999999998	42.08228104786076
1.5881500000000002	43.10137169691734
1.58875	43.89355858816157
1.58935	43.672428732538265
1.58995	43.75239432576495
1.59035	42.562416178606554
1.591	41.71516990788018
1.59165	40.738098858240164
1.5921	40.12858377373777
1.5926	39.4372585666963
1.593	39.566311523135255
1.5936	39.54225246220744
1.5942	40.56563464345936
1.5947	41.206290810368955
1.59525	41.40381016723609
1.596	41.41312770957916
1.59665	41.89154945486894
1.5972	41.88861885488882
1.5979	41.78417976168976
1.5984500000000001	41.7485766960142
1.5991	41.945451562608696
1.5996000000000001	41.92488912127101
1.60025	42.84903270465179
1.6009	43.43037416338575
1.6014	44.05291024708572
1.6018	44.2563377310787
1.6024	43.69156147923786
1.60285	43.16009449661101
1.6034	42.7089740760191
1.60395	41.029507184883414
1.6046	39.676507897625015
1.6050499999999999	38.629396049738034
1.60555	38.0800233213231
1.60615	38.05110472868114
1.6066	37.49747580559256
1.60705	37.33139230009897
1.6075	38.57339163864617
1.6081	39.016121290441106
1.6086	39.31580715754535
1.6092499999999998	39.62371826865365
1.60985	40.11489322009879
1.6104	41.24861497794541
1.6109	41.49727039065738
1.61145	40.62890974447191
1.6118999999999999	40.45075777377588
1.6125	41.10047676316117
1.613	41.89020124543458
1.6136	41.9089625782799
1.6142	41.98834127814712
1.6147	42.80405524264938
1.61525	43.23294385688905
1.61585	43.59319264343594
1.6163	42.723453715343794
1.61685	42.00987073900501
1.6174	41.954191635445795
1.6179000000000001	41.1603568974615
1.61855	40.89016378905421
1.619	41.04034757725549
1.61965	41.78245928391266
1.6200999999999999	43.01727796449063
1.6207	43.47041878628079
1.6213	43.41886164395987
1.62185	44.194608401141295
1.6224	43.5237122492731
1.6229	42.34719467380933
1.6235	40.5647275155975
1.62395	38.16917856290388
1.6245	36.80585559633823
1.6251	36.73729413055935
1.6256	36.73106967867352
1.6261999999999999	37.88761485963391
1.6267	38.89148115221997
1.6273	39.31904502058319
1.6277	40.24472834025164
1.6282	41.24192027543063
1.62885	40.73196054654113
1.6296	40.03167929606775
1.6302	38.457611577784746
1.63055	37.75032349740741
1.631	37.798368378159694
1.6316	38.0594066781257
1.6320999999999999	37.24395366457088
1.63285	37.149007742176764
1.6334	36.73161895295402
1.6338499999999998	36.40787355184352
1.6342500000000002	35.809639113123694
1.6347	35.53554132264776
1.6351	35.13133544034122
1.6357	34.98994687844856
1.63625	35.00621660151842
1.63685	36.05301340062374
1.6374499999999999	37.33308906838215
1.6381000000000001	38.40714534041126
1.6386	38.62580372762318
1.6391	39.20630365721536
1.6396	39.8274910193702
1.64015	39.72304778092075
1.6406	38.77736320591066
1.6414	39.15484428317609
1.64195	39.49165945616551
1.64255	39.80831083349335
1.6430500000000001	39.21084008680191
1.6435499999999998	39.817997173322965
1.6441	40.16603529004237
1.6447500000000002	40.45707660750486
1.6454499999999999	39.75778704582308
1.64615	39.02310095868802
1.6466500000000002	38.6847053436461
1.6472	38.77744474137262
1.64765	38.01993954482691
1.6482	37.70132988145838
1.6489	37.316772696628504
1.6495	36.75028629467943
1.6499	36.88821981478077
1.65035	36.80337455017229
1.6509	36.32045228787615
1.6513	36.18442140471393
1.65185	37.00049836552762
1.65235	37.95988083254929
1.6529500000000001	38.73121673676974
1.6534499999999999	39.26430297928982
1.6539	40.13008502087473
1.6545	41.2636339450919
1.6550500000000001	41.75279386890384
1.6556	41.410947703423744
1.65615	40.98890649547252
1.65665	40.713911707513034
1.6572	40.69910686333401
1.65775	40.84133861085866
1.65825	41.32380807223467
1.6588	41.96769874629422
1.6594	42.077557288775324
1.6599	42.48053360203198
1.6606	42.62257437991707
1.6612	42.29302834468285
1.6617	41.47646805544241
1.6622	40.43067022271657
1.6628	38.92152784405539
1.6633	38.670726953972235
1.6639499999999998	38.94791173941576
1.66445	38.548029587770316
1.6648	38.21101165760774
1.66535	37.99869958660565
1.666	37.486865124565384
1.66675	37.41997103833796
1.6673	36.52311383957772
1.6678	35.23568543854958
1.66835	35.16074436570375
1.6689	34.62066450626912
1.6695	34.76944973238278
1.67	35.193255286231306
1.6706	35.88225643433225
1.6710500000000001	36.925582723725256
1.6714	37.973564131567855
1.672	38.546859408030286
1.6727500000000002	39.82411109651093
1.67325	40.755528286099434
1.674	41.63242720840822
1.6746	41.351767177460715
1.6751	41.147215791562076
1.6756	40.76184032138963
1.6762	40.73264658959965
1.6767500000000002	40.76419325176221
1.6774	39.941218906231825
1.678	39.08829323826012
1.6785999999999999	38.760685537542486
1.6791	38.79384786557466
1.6797	38.42399291241804
1.6802	38.14795112342108
1.6807	37.4542740746067
1.6813	38.34907453854771
1.6818	39.20998094794663
1.6822	40.62090436033236
1.6828	41.83063644912477
1.6832	42.473231028399596
1.6839	42.4248637247199
1.6846	42.748300762314784
1.68525	42.01422555826139
1.68575	41.41976850464857
1.6863000000000001	40.7608398757709
1.6867	39.20701233896284
1.68735	37.622046942506586
1.68785	37.26281557712764
1.6886	37.11674497599165
1.68925	37.21864257900893
1.6897	37.35956635848356
1.6902	38.04275892563487
1.69075	38.89698079507798
1.6913	40.17481929413043
1.6919499999999998	40.707150596568
1.6925	41.03492228745017
1.6929	40.61337967465602
1.69345	40.66078453499358
1.694	39.689353851036
1.69465	38.94254499498379
1.6952500000000001	38.49341157823801
1.6959	37.95832173577014
1.6965	37.69855902886138
1.6969500000000002	37.70569201888952
1.6974	37.22524959146631
1.6978499999999999	37.327011567806494
1.69835	37.41776552961824
1.699	37.38365109465235
1.6996	37.6826162066759
1.70025	38.205748256495326
1.7008	39.57228729903818
1.70145	40.31278701731094
1.7019	40.792617022409104
1.7025	40.871800140303094
1.70295	41.57223556460963
1.7035	41.311043281498996
1.7039	40.26721662220575
1.7046000000000001	38.76082490490171
1.7051500000000002	37.83845958067923
1.7057	37.236428072318404
1.7062499999999998	37.27005091679575
1.7069	36.86987125488554
1.7074500000000001	37.468104755389504
1.7081	37.937830883577135
1.70865	38.167103481046524
1.70925	38.19232902521185
1.7097	38.14452489374003
1.71035	38.716726181155536
1.71095	39.23883433341484
1.7114500000000001	38.56871456160593
1.712	38.42204147318671
1.7124	38.016620405974436
1.713	37.63803949769181
1.7136	38.07117302683332
1.7140499999999999	37.85443506151205
1.7146	37.60824859666991
1.7152	38.65990001402247
1.7157499999999999	38.75239579342133
1.7163499999999998	38.91717525335412
1.717	39.58312994238372
1.7175500000000001	39.16490268434518
1.7181	38.52946610959975
1.71865	37.93352082794968
1.7192	37.53154485993673
1.71975	37.860924748379375
1.7203	38.19668654962766
1.721	38.08095228666207
1.7216	38.30551735813992
1.72215	38.43434254504973
1.7226499999999998	38.14017949895265
1.7232	36.8396237331408
1.7237	35.29753080831961
1.7242	34.13882525258555
1.72495	34.00316397834922
1.72545	34.19459911742683
1.7262	33.87256165558097
1.7266	34.494645048864186
1.7271	35.050211345502476
1.7276	36.11059333825574
1.72825	37.17617517048643
1.7288000000000001	37.450341872854324
1.72945	37.679150733065626
1.7301	39.002651224602914
1.7306	40.0704703943004
1.73135	41.3110297677506
1.7318500000000001	41.76801684743259
1.7324	42.23106241088976
1.73285	43.11255468335821
1.7333	42.892452639768635
1.7338	41.899432366273004
1.7342499999999998	41.18838779342218
1.73485	40.38078543241136
1.7353	39.7630238678621
1.7358500000000001	39.19205981493815
1.7363	38.44965507975667
1.7368000000000001	38.09404939520323
1.7373500000000002	38.451929428797484
1.7380499999999999	38.361494099870924
1.7385	38.7299672893962
1.7390500000000002	38.995007031888235
1.7396	38.53087891596692
1.7402	38.373212229892715
1.7409	38.569079420204844
1.7416	38.82857194558687
1.74215	39.61817336854119
1.7426	40.5189535722684
1.7429999999999999	40.8248481050166
1.7436	40.94669016379953
1.7441499999999999	41.26630579551306
1.7447499999999998	41.44195109831139
1.7453500000000002	40.50247036903488
1.74565	39.466085707735374
1.7462	37.98535774659831
1.74675	37.72972742335901
1.7473	38.306340084161775
1.7477	38.74133535034639
1.7483499999999998	38.53491066644028
1.7487499999999998	39.6164566860034
1.7493	40.48286323201114
1.7498	41.68448657941599
1.7505	42.278350302708304
1.7511	42.24679952520614
1.7516500000000002	41.120401901259356
1.7522	40.53322325383283
1.7528	40.196843152674546
1.75325	39.666825854784975
1.7536	39.42903622125891
1.7541	39.0061675098425
1.7546	39.18728621583432
1.7552500000000002	39.48216910135557
1.7559	39.9904912369841
1.7564	39.46910361505729
1.75695	38.90165482646057
1.7574	38.10687580124272
1.7579500000000001	37.82165387775899
1.7584499999999998	37.30843278073826
1.7591	37.30737400834914
1.7596500000000002	37.19395503474925
1.7600500000000001	37.24341130300718
1.7605499999999998	37.29331853444455
1.76105	37.11466219015915
1.7616	37.13888469247763
1.76205	37.02194697991945
1.7626	37.208002211775465
1.7631999999999999	38.00722224409196
1.7636500000000002	38.623390580926525
1.7640500000000001	38.52903662557105
1.7645	38.358294849475215
1.76515	37.885473960777745
1.7657500000000002	38.38269115997741
1.7662499999999999	38.59530724808724
1.7668499999999998	38.29012140560985
1.7673	37.91448302734966
1.7678500000000001	38.41662725970036
1.7685	38.90022831147394
1.7689499999999998	39.548197740090245
1.76945	39.598359013574964
1.77005	39.132348502944524
1.7706	38.68573842720684
1.77115	38.34471348678085
1.7717	37.820108823902274
1.7723	37.41717161817769
1.7728	36.753739776605244
1.7734	36.11391860347271
1.7739	36.052876820571555
1.7745	35.77493434068401
1.7751000000000001	35.215500071519955
1.7756	34.91149748101748
1.7762	35.43469706721521
1.77665	35.9142489231142
1.7771	36.28263427307161
1.7776	36.96298847944536
1.7781	37.73440449435384
1.7787	38.64771500426082
1.77935	39.040465218979534
1.7799	38.99168574035866
1.7804	39.129315323836636
1.7809	39.40889331835615
1.7815	39.327920584440335
1.7821	39.36867925640286
1.78255	39.50090753702011
1.783	39.938806917052716
1.7836	40.046387654280124
1.7842	40.15011243370827
1.7847499999999998	40.284184962960126
1.78525	40.39421834049949
1.7858	40.04059932167206
1.78625	40.258923585717866
1.7868	40.78340762078619
1.7873	40.93267891501978
1.78795	40.822447481773
1.7885	41.05397345346864
1.7889499999999998	40.7573449400536
1.7894999999999999	40.553948687331285
1.79005	39.52762432319901
1.7907	38.70668517744957
1.79125	38.539029414212564
1.7917	38.45524059584045
1.7923	37.46857902691613
1.7928	36.792876925448354
1.7932	36.65259707033056
1.7937	37.22630362157361
1.7943	37.3914829531318
1.795	37.440267879465864
1.7955	37.93070069735404
1.796	38.712371192257024
1.80175	39.4173522029721
1.81195	39.320809867627986
1.8226	38.41069958667072
1.8272	37.460326379144135
1.8289	36.75372670665706
1.834	36.41290722998178
1.83995	36.18367717632941
1.84635	35.88848292006446
1.8529	36.397918498122635
1.8585	37.734156269255664
1.86505	38.75641017060843
1.8706	39.55250884010866
1.8771499999999999	39.87673633759755
1.8826	39.7273664328593
1.88805	39.33648286868788
1.89435	38.721041370952435
1.90075	38.3174502113377
1.90715	38.11575006990461
1.91345	38.04116534276227
1.9196	37.91488058310006
1.92455	38.46050778110339
1.9304000000000001	38.689695627478386
1.9361	38.33759242934411
1.94095	37.769004748972065
1.94665	37.38412635502755
1.9511500000000002	37.40759261293806
1.9567	37.38949791939058
1.9621	36.50091943617099
1.96655	36.18747324891888
1.9708999999999999	36.57934168217298
1.9750999999999999	36.90216097296798
1.9812	37.26922885055774
1.98545	37.679757371095775
1.99045	37.97390317489862
1.99445	39.34016023260688
1.99845	40.5503379063739
2.0032	40.78843729168034
2.00715	40.49264774161361
2.01175	40.642649411007596
2.0162500000000003	40.290689950750675
2.02005	39.69467558317615
2.0244	38.33441666771864
2.0285	37.41443119905307
2.03205	37.32998279176945
2.0357000000000003	37.81817157034766
2.0392	37.78172717780194
2.0427	37.17266733813017
2.0466499999999996	37.02529512959882
2.0501	37.332971969132814
2.0534499999999998	37.30322436913093
2.058	37.341892716021675
2.06055	36.72512537968987
2.06075	35.98619170830352
2.06095	35.29948441793999
2.06115	34.647947772202315
2.06135	34.90334273241115
2.06155	35.21195328409408
2.06175	35.419594899410185
2.06195	35.55282163958009
2.06215	36.589430094684076
2.06235	37.6515812666828
2.06255	38.3768535965562
2.0627500000000003	38.22042166424626
2.06295	37.94576991560257
2.0631500000000003	37.31873258601149
2.06335	37.38060129895371
2.06355	37.394695976832054
2.0637499999999998	37.08645252841029
2.06395	36.89127790493808
2.0641499999999997	36.49619590532211
2.06435	36.455790296882924
2.0645499999999997	37.19582397455383
2.06475	38.41521751484834
2.06495	38.31836215538874
2.06515	38.68413002566581
2.06535	39.631885369520205
2.06555	40.02961491279507
2.06575	40.788492971939604
2.06595	40.52262219801605
2.06615	39.533681611767406
2.06635	39.2181310170979
2.0665500000000003	38.93331615374427
2.06675	38.37193217137042
2.0669500000000003	38.793557223100834
2.06715	38.52517414531644
2.0673500000000002	39.23128213060295
2.0675499999999998	40.084979279049776
2.06785	40.37668952075387
2.06805	40.25070761297161
2.0683	39.35476238627075
2.06855	39.27717480991214
2.06875	39.07813721385901
2.06895	38.086704627315385
2.06915	36.84653380539385
2.06935	36.09918247575729
2.06955	35.804266097888785
2.06975	36.55646831613558
2.06995	35.89018909194942
2.07015	35.90628221148131
2.07035	36.49070500926291
2.07055	37.794792245715826
2.07085	38.777103331609396
2.07105	39.67548080544543
2.07125	39.96967355116158
2.0715500000000002	40.05958945584371
2.07205	39.92451120810324
2.07275	39.310786967743525
2.0731	38.07674981573223
2.0734500000000002	36.767755881872745
2.0738000000000003	35.97840989312249
2.0740499999999997	35.40745937214524
2.07455	35.2229259910755
2.0749500000000003	34.95398596664836
2.0753000000000004	35.12409267731073
2.07575	35.34280002908349
2.07625	35.911636785845076
2.07665	35.99509861917704
2.0769	35.71170861564201
2.0772500000000003	36.10179227057529
2.0777	36.444195893281176
2.07795	36.847860718131415
2.0784000000000002	36.82467668167783
2.0787	36.59214115982877
2.07905	37.11021103056555
2.0793	37.046667166257976
2.0797499999999998	36.82068462166558
2.0801	36.66765695447975
2.08045	35.83393181018505
2.0808999999999997	35.830060008122246
2.08135	36.059135670023124
2.0816	35.626904261710024
2.082	36.35222522176423
2.08235	35.977297808179856
2.08265	35.55924105360759
2.0829500000000003	35.59896092269628
2.08315	35.22791037243883
2.0835	35.48368177869793
2.08375	35.42123586165985
2.08405	35.744517902388225
2.0843	36.811187364865646
2.08455	37.27645062073543
2.08475	38.24971651309056
2.08495	39.310826993280216
2.08515	39.053664321212864
2.0857	39.640138733897174
2.0866	39.503418722701326
2.0877	39.333208067148234
2.08845	39.50313743196284
2.0900499999999997	39.667840573607236
2.0909	39.32568189361223
2.0923499999999997	39.42915808645034
2.09355	39.45898208829476
2.0944000000000003	39.40482169646202
2.0952	39.19478781154294
2.09645	39.00786827950901
2.09725	38.710632404556236
2.09825	38.839178546892526
2.0994	38.53064645871814
2.1003999999999996	37.88903007372983
2.10135	38.19169093115329
2.10255	37.413290092677926
2.1031	37.62761114285513
2.1037999999999997	37.313955553646565
2.1044	37.15126671064968
2.1057	37.41375133800511
2.1063	37.566787981283824
2.1069	36.824428627680845
2.10755	37.33347705669303
2.10845	37.06960521474252
2.1093	37.090817998823695
2.10985	37.22644064513588
2.1102	37.56411350788949
2.1109	38.19528533699918
