# Temperature (K)	Delta c33/c33 (1e-5)
0.3056	-5.026927888045496
0.3057	-5.0517866863723375
0.3058	-5.077231286056678
0.3059	-5.115049614432699
0.306	-5.105371852957084
0.3061	-5.124036764471939
0.3062	-5.09245411883887
0.3063	-5.088870967083904
0.3064	-5.0389082712165045
0.3065	-5.0224329394061575
0.3066	-5.0033076652518265
0.3067	-4.944999935131185
0.3068	-4.976370756776926
0.3069	-5.007001976423437
0.307	-5.035938453951328
0.3071	-5.099011033532277
0.3072	-5.1383667674376765
0.3073	-5.150887299572889
0.3074	-5.180098979316896
0.3075	-5.202225899241674
0.3076	-5.168321994090054
0.3077	-5.103618618441774
0.3078	-5.099515629651092
0.3079	-5.05817381863427
0.308	-5.022312644590674
0.3081	-5.035936045790862
0.3082	-5.0037737945788825
0.3083	-5.00874713459736
0.3084	-5.070371019246219
0.3085	-5.057792711897939
0.3086	-5.029156174436159
0.3087	-5.079274019036921
0.3088	-5.077567022884766
0.3089	-5.055763663534353
0.309	-5.025647383382761
0.3091	-5.007028384072536
0.3092	-4.994834731596659
0.3093	-5.000872613148146
0.3094	-4.969516841798764
0.3095	-4.943417979674257
0.3096	-4.96316172849379
0.3097	-4.991312394877958
0.3098	-5.003421660643112
0.3099	-5.028720606288477
0.31	-5.082322498184655
0.3101	-5.122617814082176
0.3102	-5.162363243248681
0.3103	-5.153991086747785
0.3104	-5.166370911396514
0.3105	-5.1839212067065
0.3106	-5.19641640194114
0.3107	-5.229762137144209
0.3108	-5.2203754667444615
0.3109	-5.2134314419648975
0.311	-5.2343881087032464
0.3111	-5.249716400268204
0.3112	-5.234804511942306
0.3113	-5.186811388605925
0.3114	-5.151082506989148
0.3115	-5.164853308460833
0.3116	-5.18607557925592
0.3117	-5.17265972552429
0.3118	-5.125789306355253
0.3119	-5.126142801646155
0.312	-5.1653806952742976
0.3121	-5.156529133127761
0.3122	-5.173674585369555
0.3123	-5.167536668841272
0.3124	-5.171673821706552
0.3125	-5.1701002064323065
0.3127	-5.15843710334079
0.3128	-5.151135961427778
0.313	-5.150434820965246
0.3131	-5.125960697482792
0.3132	-5.093962222639242
0.3134	-5.11225309959832
0.3135	-5.168272522732496
0.3136	-5.200630831977598
0.3138	-5.215828203501437
0.3139	-5.234161072788587
0.314	-5.278927281743256
0.3141	-5.31312202396652
0.3143	-5.2896979106526665
0.3145	-5.275808956596391
0.3146	-5.287789950705851
0.3147	-5.300757511948984
0.3151	-5.312355657565036
0.3153	-5.254551001933389
0.3156	-5.2176952200329545
0.316	-5.218289579033893
0.3171	-5.202792787745701
0.318	-5.1696995287196925
0.3191	-5.1243712908477566
0.3206	-5.091623481269564
0.3251	-5.080101302011116
0.3282	-5.1028584135769535
0.3319	-5.11571640843278
0.3411	-5.098596830843625
0.3466	-5.084364517209573
0.3524	-5.048850226282252
0.3647	-5.018674855916744
0.3708	-5.01416389194005
0.3769	-5.035810730647901
0.3827	-5.041030213463653
0.3934	-5.040919863033176
0.3983	-5.033347147142452
0.4029	-5.090629147752151
0.4114	-5.1403426817752536
0.4154	-5.176879628469228
0.4192	-5.158385463358509
0.4265	-5.153507015635627
0.4299	-5.202632128474524
0.4333	-5.26552624500238
0.4365	-5.257155811653454
0.4428	-5.233307832321747
0.4459	-5.184090402537868
0.4489	-5.135012031371563
0.4549	-5.154038056877047
0.4579	-5.152257825372161
0.4639	-5.141768917767725
0.4669	-5.151887724946107
0.4699	-5.174116267929705
0.4729	-5.247614627846971
0.4788	-5.328752171812213
0.4816	-5.351187523968102
0.4845	-5.348820359485742
0.49	-5.3557070678990115
0.4926	-5.384543594976602
0.4953	-5.39589037317841
0.5004	-5.406327688834143
0.503	-5.394318583626571
0.5055	-5.4080308111709225
0.5081	-5.3981929752742355
0.5133	-5.3834547575827525
0.5159	-5.3488986984419755
0.5185	-5.350955487268427
0.5233	-5.338073760928872
0.5255	-5.3153652045238085
0.5277	-5.257170052941773
0.5298	-5.255740157651425
0.5342	-5.26638121365247
0.5365	-5.295403484856423
0.5387	-5.245020534533736
0.5434	-5.250646383324829
0.5455	-5.323125982641865
0.5475	-5.401931160747192
0.551	-5.413387004568162
0.5525	-5.439931579851637
0.554	-5.4342921226371415
0.5568	-5.507181805189797
0.5584	-5.5448513088160905
0.5599	-5.500859246929992
0.5628	-5.4607896445320865
0.5642	-5.502105815251588
0.5655	-5.467551525388913
0.5663	-5.477956544716154
0.5664	-5.443967101256839
0.5665	-5.441571317740199
0.5666	-5.476091516705742
0.5667	-5.506959612045386
0.5668	-5.476115861883145
0.5669	-5.521383445937177
0.567	-5.506303681033804
0.5671	-5.510276834960205
0.5672	-5.4446792593148245
0.5673	-5.401772457326574
0.5674	-5.345573988484121
0.5675	-5.304548461819346
0.5676	-5.28992803676848
0.5677	-5.2510892077716065
0.5679	-5.2735702867158825
0.568	-5.33598920112608
0.5682	-5.3379732691882396
0.5684	-5.374315845174553
0.5686	-5.425652883156418
0.5687	-5.459249543318301
0.5688	-5.491132140417664
0.5689	-5.541459049518796
0.569	-5.496526186242498
0.5691	-5.5588575159177545
0.5692	-5.572259056987013
0.5693	-5.582148723689933
0.5694	-5.507828437327911
0.5696	-5.541939069181684
0.5697	-5.497620054820399
0.5698	-5.502437124885708
0.5699	-5.463069115567504
0.5701	-5.498181701268284
0.5703	-5.4586926865205925
0.5704	-5.481841495313612
0.5706	-5.477825089204543
0.5708	-5.5126501375367365
0.5709	-5.527476999906398
0.571	-5.522664388758796
0.5711	-5.499355367441415
0.5713	-5.536823705727648
0.5715	-5.557712414167279
0.5717	-5.558574224893903
0.5718	-5.480397078822307
0.572	-5.5009798798939045
0.5723	-5.478810759198807
0.5728	-5.410732410698903
0.5729	-5.370029802090836
0.5731	-5.3165511590628185
0.5732	-5.265008033514753
0.5734	-5.262576488751637
0.5735	-5.249491187037606
0.5739	-5.282114436776845
0.5742	-5.336560726115455
0.5745	-5.3967370408473405
0.5748	-5.441492696873587
0.5749	-5.49040627567417
0.5753	-5.548747472502299
0.5754	-5.54156103321627
0.5755	-5.561577189353641
0.5756	-5.593440915367164
0.5757	-5.5482546922331935
0.576	-5.508762828813182
0.5763	-5.451667649562347
0.5764	-5.471379852630393
0.5768	-5.482859208351211
0.5769	-5.424306924970754
0.5772	-5.3749242990323305
0.5775	-5.34587169867043
0.5776	-5.367310192208274
0.578	-5.390667375385874
0.5781	-5.342924456088752
0.5784	-5.334535994015521
0.5787	-5.336565823108855
0.5788	-5.309118881072649
0.5789	-5.380937392862921
0.5793	-5.431923555301152
0.5795	-5.479981461940186
0.5796	-5.523858827538926
0.5799	-5.535332570877383
0.5802	-5.588038075015997
0.5806	-5.596549407026734
0.5809	-5.569139256322624
0.5811	-5.522538598935014
0.5812	-5.550497593289232
0.5815	-5.514795804785344
0.5816	-5.502309921614092
0.5819	-5.5143661430683135
0.5821	-5.528956250065965
0.5822	-5.486325202787113
0.5825	-5.506944220302321
0.5828	-5.467089131853147
0.583	-5.434247424460068
0.5833	-5.427400086626296
0.5834	-5.392198279860747
0.5836	-5.406842255561665
0.5838	-5.423335102835003
0.5839	-5.415869420729305
0.5843	-5.418403677205326
0.5844	-5.506122609617562
0.5847	-5.539030527973615
0.5849	-5.54823463788062
0.585	-5.562204077727031
0.5854	-5.635639941426031
0.5855	-5.638514919929991
0.5856	-5.613141183569049
0.5857	-5.564512983264491
0.5859	-5.554882487753998
0.5862	-5.550966781664391
0.5863	-5.555198845493983
0.5864	-5.504349317595163
0.5866	-5.5081089890405
0.5868	-5.487718847681871
0.587	-5.477698133376628
0.5871	-5.4654046570916055
0.5874	-5.460696901694418
0.5876	-5.418886370552576
0.5877	-5.4219339103502735
0.5878	-5.403199662893888
0.5879	-5.444743932056427
0.588	-5.426776660514514
0.5881	-5.416110326290373
0.5882	-5.383085309243373
0.5883	-5.357907786035833
0.5884	-5.334645903447301
0.5885	-5.330450662884315
0.5886	-5.295222456454306
0.5887	-5.332646082452859
0.589	-5.358266501524887
0.5895	-5.407702950728108
0.5901	-5.46015709376558
0.5906	-5.451688449808183
0.5917	-5.478812936383156
0.5923	-5.554365335177685
0.5929	-5.581222768553914
0.5934	-5.605003479918275
0.5946	-5.5850193536907495
0.5952	-5.549375708104001
0.5957	-5.555723665507486
0.5969	-5.555636758504988
0.5975	-5.477702652192502
0.598	-5.448679845391561
0.5992	-5.398224977975175
0.5998	-5.403236366809421
0.6004	-5.409437516260647
0.6017	-5.417543362352861
0.6023	-5.418192074131966
0.6029	-5.445631895776778
0.6041	-5.425501890726118
0.6047	-5.445059009681897
0.6054	-5.412940795485622
0.606	-5.4329228791653925
0.6072	-5.440969293782553
0.6079	-5.4357533719065385
0.6085	-5.3949146136640245
0.6098	-5.366675376579206
0.6104	-5.344815477280837
0.6111	-5.338079928676227
0.6117	-5.326804522139821
0.613	-5.287844733016993
0.6137	-5.234642603247001
0.6143	-5.275365264134563
0.6156	-5.34535057173827
0.6162	-5.372243463206929
0.6169	-5.425979080406677
0.6182	-5.4414817425716695
0.6188	-5.497003147422486
0.6195	-5.587138657341613
0.6208	-5.627304841055297
0.6214	-5.612539135743015
0.6221	-5.586079612846057
0.6233	-5.530933055923592
0.624	-5.489526843708641
0.6246	-5.423292928806345
0.6259	-5.344441545296613
0.6265	-5.288291371593364
0.6272	-5.256345742017655
0.6278	-5.2379077343393705
0.6291	-5.256001352983162
0.6298	-5.279146633461499
0.6304	-5.3359451745955155
0.6317	-5.372545085872305
0.6324	-5.398298547219566
0.6331	-5.4216010133278205
0.6337	-5.422425732811876
0.635	-5.405739529716354
0.6357	-5.393850174986222
0.6369	-5.3795949487991095
0.6376	-5.369658027847243
0.6382	-5.359549404759995
0.6388	-5.3612611463367905
0.64	-5.362158647038936
0.6407	-5.356631582449712
0.6413	-5.348112450922194
0.6419	-5.415868655984409
0.6432	-5.4695951423692
0.6438	-5.497940663455447
0.6444	-5.490583967361764
0.6456	-5.484408075131604
0.6462	-5.499426108398638
0.6469	-5.508147150381625
0.6475	-5.4361934091074025
0.6487	-5.416892106934191
0.6493	-5.404759782908722
0.6499	-5.445997982122545
0.6512	-5.4982481840415725
0.6517	-5.564849775343931
0.6523	-5.603572999082669
0.6535	-5.6245551891644165
0.6541	-5.612469038658671
0.6547	-5.636061742782454
0.6559	-5.641226038446201
0.6565	-5.677569279086944
0.6571	-5.658890746411689
0.6577	-5.642770749176694
0.6589	-5.675547933403114
0.6594	-5.688869505514839
0.66	-5.653308659722552
0.6612	-5.588725976947951
0.6617	-5.547966837907736
0.6623	-5.557768002865393
0.6629	-5.620878538573727
0.664	-5.63785069015701
0.6646	-5.659598183547495
0.6652	-5.706081239353199
0.6663	-5.703677289313328
0.6669	-5.720616824679431
0.6674	-5.68800356488724
0.668	-5.649686969596752
0.6691	-5.590552712077615
0.6696	-5.542182043473608
0.6701	-5.538045464849384
0.6707	-5.578331820168276
0.6718	-5.578969361844954
0.6723	-5.581396344313678
0.6728	-5.569361840447137
0.6733	-5.604977591903101
0.6744	-5.629520141739619
0.6749	-5.580992283113229
0.6755	-5.549156475296936
0.676	-5.552698465165776
0.6771	-5.576353147617937
0.6776	-5.581701410275654
0.6782	-5.565892781011151
0.6787	-5.514002479901194
0.6797	-5.4929277080660865
0.6802	-5.555670928886753
0.6807	-5.5581634886849205
0.6817	-5.546088088772267
0.6822	-5.538842971384696
0.6827	-5.587924780671122
0.6833	-5.636948375002379
0.6843	-5.719891738467943
0.6848	-5.6927611633844775
0.6853	-5.641266735809262
0.6858	-5.617278125244577
0.6868	-5.631814874926843
0.6872	-5.595685704815905
0.6877	-5.592801429526221
0.6887	-5.563030279453556
0.6893	-5.5731642622897715
0.6898	-5.587528359345885
0.6908	-5.5822493951809
0.6913	-5.561035537141082
0.6917	-5.548814230759953
0.6922	-5.560079687562381
0.6927	-5.5470717901540585
0.6936	-5.511894361145157
0.6941	-5.500007617988261
0.6945	-5.511759047189281
0.6955	-5.556944818809097
0.696	-5.539542337125304
0.6969	-5.53037617595417
0.6974	-5.535495977637972
0.6979	-5.571776107629024
0.6988	-5.619919324364066
0.6993	-5.635277612277749
0.6997	-5.585610475482512
0.7006	-5.601112428745684
0.7011	-5.584190544728267
0.7016	-5.60593894082817
0.7025	-5.623581251787719
0.7029	-5.65672958044223
0.7034	-5.698421641879056
0.7043	-5.724149197440095
0.7047	-5.768017981559587
0.7052	-5.791721085607263
0.7056	-5.767669931060563
0.7066	-5.730333522150384
0.707	-5.675129026151652
0.7075	-5.637178504920291
0.7079	-5.681156277907119
0.7088	-5.68496475070463
0.7093	-5.652033014548158
0.7097	-5.680829170394552
0.7106	-5.676495248970606
0.7111	-5.70387148423979
0.7116	-5.6866727371716586
0.7124	-5.653476275393483
0.7129	-5.666638941140953
0.7133	-5.677951851806303
0.7143	-5.663151788322362
0.7147	-5.688105886859326
0.7151	-5.65843146597663
0.7156	-5.684310719738916
0.7164	-5.688347619238634
0.7169	-5.6550497817137595
0.7173	-5.655708927778269
0.7182	-5.635439444475581
0.7186	-5.5880617655237526
0.719	-5.588275553549595
0.7195	-5.579103351246763
0.7204	-5.572434713156231
0.7213	-5.580644762611714
0.7218	-5.593522641826324
0.7222	-5.606245608323756
0.7231	-5.662869807105337
0.7236	-5.6839724690114295
0.724	-5.67040410309055
0.7245	-5.662505808969605
0.7249	-5.640585926000228
0.7257	-5.601098381734374
0.7262	-5.567358962417358
0.7266	-5.533492373912766
0.727	-5.511979208285569
0.7279	-5.533921824770745
0.7283	-5.559248177989773
0.7288	-5.552235288247943
0.7297	-5.5927361617717795
0.7301	-5.629155103988953
0.7306	-5.628100754703657
0.731	-5.645841235101474
0.7319	-5.628431226361933
0.7323	-5.63140145640798
0.7327	-5.6475149399981674
0.7336	-5.650167451018688
0.7341	-5.637605236646876
0.7345	-5.680625174694132
0.735	-5.662181487123813
0.7358	-5.70769491757094
0.7363	-5.703600854312616
0.7368	-5.705641392236453
0.7372	-5.737679864445219
0.7381	-5.777651700884975
0.7385	-5.781472331274733
0.739	-5.854750845089293
0.7399	-5.8227647122588255
0.7403	-5.826870107767473
0.7408	-5.814890900452448
0.7417	-5.802500686811903
0.7421	-5.821376051697135
0.7425	-5.829806187063531
0.7434	-5.800260466474369
0.7438	-5.8470794898792136
0.7443	-5.862244764749557
0.7452	-5.851859081227369
0.7456	-5.8582087936006975
0.7461	-5.841197352432163
0.747	-5.801232618459838
0.7474	-5.77405187712309
0.7479	-5.748879515620533
0.7488	-5.742592989140626
0.7497	-5.765976482978899
0.7501	-5.747932340095858
0.7506	-5.758753373212477
0.7514	-5.769508740438956
0.7519	-5.793355138554736
0.7523	-5.775485018045921
0.7532	-5.752104047539639
0.7537	-5.770964110613002
0.7542	-5.78043817939844
0.7551	-5.765131980335618
0.7556	-5.766644692637443
0.7561	-5.7320984411274365
0.7565	-5.735809583756193
0.7574	-5.725842340802188
0.7578	-5.707437305873044
0.7583	-5.711399444552053
0.7587	-5.684127623961903
0.7597	-5.672471271698097
0.7601	-5.675179314896351
0.7606	-5.678109254386888
0.7616	-5.703331539835684
0.762	-5.716776316636023
0.7625	-5.751092810833907
0.7634	-5.783485825789918
0.7638	-5.813876171156075
0.7643	-5.859878673520833
0.7652	-5.879475750737215
0.7656	-5.904380655133359
0.7661	-5.947974415446826
0.767	-5.959631424558973
0.7675	-5.9511046402543695
0.768	-5.971381151318903
0.7689	-5.961865949997465
0.7694	-5.979321877525102
0.7698	-5.932840166873477
0.7708	-5.864309925936606
0.7712	-5.8126105421957295
0.7717	-5.805468073988053
0.7727	-5.725523790594901
0.7731	-5.708596288939018
0.7736	-5.656246934956778
0.7741	-5.64851177456819
0.775	-5.646869966382308
0.7755	-5.647948793680427
0.776	-5.621822829264128
0.7769	-5.666664857134653
0.7774	-5.657505733876077
0.7778	-5.658392136102658
0.7788	-5.661426993208427
0.7792	-5.67341474009798
0.7797	-5.676193063181959
0.7807	-5.725654486743986
0.7811	-5.757555548426436
0.7816	-5.782243549300999
0.7821	-5.82762863079735
0.7831	-5.855124483893602
0.7835	-5.8671497062758045
0.784	-5.852300089942797
0.7845	-5.849685505134088
0.7854	-5.838049582227174
0.7859	-5.826624884348019
0.7864	-5.803080973528293
0.7873	-5.811938458032289
0.7878	-5.838468776900511
0.7882	-5.8729693267061425
0.7891	-5.867421446974553
0.7897	-5.833947407732403
0.7901	-5.831996394324665
0.7911	-5.846355302484545
0.7916	-5.869604925360145
0.792	-5.874884191242428
0.7925	-5.863658235432088
0.7935	-5.827462846160377
0.794	-5.838633205939987
0.7944	-5.866514476463216
0.7949	-5.840045242778613
0.7959	-5.82321486725825
0.7964	-5.774759818242191
0.7968	-5.763875677187065
0.7978	-5.790807933309904
0.7982	-5.795044103042219
0.7987	-5.784823814248859
0.7997	-5.834006954570102
0.8002	-5.84303103611001
0.8006	-5.867289537055002
0.8011	-5.876686499518283
0.8021	-5.886286984341888
0.8026	-5.853756306156481
0.803	-5.842400892705874
0.804	-5.803054710279463
0.8045	-5.830068765188839
0.805	-5.792016307137268
0.8055	-5.800627580677971
0.806	-5.781711510590508
0.807	-5.8204836475501525
0.8074	-5.834324691131221
0.8079	-5.879001424218719
0.8089	-5.874701676488002
0.8093	-5.931360840767978
0.8098	-5.9333556093463145
0.8103	-5.92207492759818
0.8112	-5.9011885663527
0.8117	-5.874986528892736
0.8122	-5.830343987374252
0.8131	-5.791735065955225
0.8136	-5.788530066537474
0.8141	-5.788517306349088
0.815	-5.871093590990942
0.8155	-5.913444345301989
0.816	-5.949942799300232
0.8164	-5.9859697387727016
0.8174	-5.9761266888811395
0.8179	-5.996421197807697
0.8184	-5.970427879741504
0.8189	-5.9211958757779435
0.8198	-5.925223196756311
0.8203	-5.907011684229573
0.8208	-5.882747041968721
0.8217	-5.847901074317691
0.8222	-5.809739502818359
0.8227	-5.814661934242777
0.8232	-5.82179082264
0.8241	-5.788448023667605
0.8246	-5.793328648794109
0.8251	-5.834413139139396
0.826	-5.8972435906439244
0.8265	-5.894818592740467
0.827	-5.899211642235416
0.8275	-5.91187666608933
0.8284	-5.959134352257009
0.8288	-5.949857541724878
0.8293	-5.920674611768724
0.8298	-5.892280459292669
0.8308	-5.934908710865283
0.8312	-5.957688076122088
0.8317	-5.960989215142747
0.8327	-5.94903902124827
0.8332	-5.947202642964048
0.8336	-5.957294238010808
0.8341	-5.970514534511725
0.8351	-5.955646467207076
0.8356	-5.956169958869719
0.8361	-5.959801479218724
0.837	-5.944354781832063
0.8375	-5.95282094967903
0.838	-5.955521107342604
0.8385	-5.93559247342777
0.8394	-5.920916693383888
0.8399	-5.927277274989361
0.8404	-5.914528505840609
0.8413	-5.908122348899425
0.8418	-5.90234469151022
0.8423	-5.872297499489819
0.8432	-5.856824870527621
0.8437	-5.8818452443013145
0.8442	-5.892242554297672
0.8451	-5.917888370318708
0.8456	-5.953059460827733
0.8461	-5.971725846881819
0.8465	-5.977960627281847
0.8475	-6.011177749026459
0.848	-5.987424013209228
0.8485	-5.989235965988688
0.8494	-6.00464158633609
0.8499	-5.9862594263718085
0.8504	-6.014838056644077
0.8508	-6.076656643125759
0.8518	-6.082838797165015
0.8522	-6.05374230888954
0.8527	-5.986979676832675
0.8532	-5.944150919721357
0.8542	-5.950257764887599
0.8547	-6.001886267363042
0.8551	-6.021523158052458
0.8561	-6.031213459968077
0.8566	-6.1028921482908185
0.8571	-6.193622049155337
0.858	-6.196002344178612
0.8585	-6.172032225325319
0.859	-6.119910085826246
0.8599	-6.068763466346908
0.8604	-6.059904784330641
0.8609	-6.031655904256867
0.8613	-6.046293454363168
0.8623	-6.004015769624641
0.8628	-6.020130956427078
0.8632	-5.992164640797592
0.8641	-5.990448007673995
0.8646	-5.995323647512437
0.8652	-5.960996285043011
0.8661	-5.921439639375253
0.8666	-5.980095735501462
0.8671	-5.99164119723872
0.868	-5.99734718178206
0.8685	-6.005240448708511
0.869	-6.038536018226333
0.8699	-6.0919654192955495
0.8704	-6.117633398426375
0.8709	-6.143067567214214
0.8714	-6.132568100950613
0.8723	-6.146300203641382
0.8727	-6.133102482709397
0.8732	-6.094399325736585
0.8737	-6.089113641151178
0.8747	-6.094531083265902
0.8756	-6.088689995083608
0.8761	-6.105242964096032
0.8766	-6.128173991678213
0.8775	-6.1489834077501335
0.878	-6.178988365571744
0.8784	-6.189601627614966
0.8794	-6.176099889420586
0.8799	-6.150674648405529
0.8803	-6.13957652145803
0.8812	-6.128015617262473
0.8817	-6.132806879888294
0.8822	-6.142270305125699
0.8827	-6.136818830597108
0.8836	-6.1247281967608185
0.8841	-6.138080455508693
0.8846	-6.129859277630237
0.8856	-6.103394240646345
0.8861	-6.132855818029371
0.8866	-6.13293982344141
0.8875	-6.156226278847011
0.8879	-6.181551074774131
0.8884	-6.208157989280178
0.8888	-6.256470476927779
0.8898	-6.273587159235504
0.8903	-6.244208214195547
0.8907	-6.249571723508384
0.8917	-6.251860433657451
0.8922	-6.254151130786159
0.8927	-6.277402974449641
0.8932	-6.2814016383559945
0.8941	-6.318656873435472
0.8946	-6.322982221373176
0.8955	-6.303316418509034
0.8959	-6.317337920045415
0.8964	-6.332686152714502
0.8974	-6.244753322890077
0.8978	-6.218650696903938
0.8983	-6.19762426144455
0.8993	-6.242535500264354
0.8997	-6.244130222844831
0.9002	-6.178369688417198
0.9007	-6.144661785824908
0.9016	-6.206446404676889
0.9021	-6.2171415275912425
0.9026	-6.19500558517885
0.9036	-6.162609017090046
0.9041	-6.1922103048089925
0.9045	-6.244636135224615
0.9055	-6.211823248495076
0.9059	-6.193745097223593
0.9064	-6.146124098993764
0.9069	-6.16930099844121
0.9078	-6.155945607596806
0.9083	-6.1161425423107065
0.9087	-6.097459169752434
0.9096	-6.186206230749709
0.9101	-6.193839993158465
0.9106	-6.218444218634437
0.9116	-6.188643387803495
0.912	-6.236641962744491
0.9125	-6.273037565040759
0.9135	-6.308981967895788
0.9139	-6.308968988042819
0.9144	-6.329928266694315
0.9149	-6.399393001746009
0.9158	-6.47924648694886
0.9163	-6.445822744104931
0.9168	-6.439778725910916
0.9172	-6.442676104270435
0.9182	-6.406422145468918
0.9187	-6.399315561498415
0.9191	-6.359786233816626
0.9196	-6.306078277535174
0.9206	-6.283118121409517
0.9211	-6.292931908919722
0.9216	-6.263937796882197
0.9221	-6.269910940575313
0.923	-6.256971328203658
0.9235	-6.285795713094436
0.9239	-6.346384878958167
0.9249	-6.437676632092311
0.9253	-6.437754164127741
0.9258	-6.471281122956597
0.9267	-6.494481605888676
0.9272	-6.493217778034252
0.9277	-6.490923797900624
0.9286	-6.4564343424400175
0.9291	-6.361271767677133
0.9296	-6.3701483360826705
0.9301	-6.363163395254788
0.931	-6.334452794637197
0.9315	-6.388294285057567
0.9319	-6.413183860823786
0.9324	-6.422059631594732
0.9334	-6.462059902959159
0.9338	-6.466264084375181
0.9348	-6.447131431290535
0.9353	-6.475724714408215
0.9358	-6.463545142165856
0.9363	-6.431391198262204
0.9371	-6.384425630376339
0.9376	-6.369833203929857
0.9381	-6.362402502867534
0.9385	-6.37164992475356
0.9394	-6.344782701021949
0.9398	-6.35288787626362
0.9403	-6.376434503992936
0.9408	-6.422654815702287
0.9418	-6.43149801174344
0.9423	-6.457589509410343
0.9428	-6.469101230485377
0.9432	-6.472835986749214
0.9442	-6.428164149337037
0.9446	-6.397558466834303
0.9451	-6.395338293113294
0.9455	-6.401295145185778
0.9465	-6.380730189365774
0.947	-6.339766226163423
0.9474	-6.3083388617829925
0.9479	-6.2645698244211445
0.9489	-6.251842076137098
0.9493	-6.262883565006392
0.9498	-6.255006734393047
0.9503	-6.275943977511088
0.9512	-6.308517187070825
0.9521	-6.36276197004034
0.9526	-6.424128920993282
0.9531	-6.41480497092131
0.9541	-6.375832358832826
0.9545	-6.395692895576089
0.955	-6.420338740556629
0.956	-6.468498211830997
0.9564	-6.436711163385878
0.9569	-6.432108102953023
0.9578	-6.522908851318368
0.9583	-6.584834277311927
0.9588	-6.577486421046288
0.9597	-6.519923107576563
0.9602	-6.465257206339571
0.9607	-6.513345306462787
0.9616	-6.548047153027726
0.962	-6.490097721322711
0.9625	-6.478869345936751
0.963	-6.478710372876465
0.964	-6.48749587789526
0.9645	-6.482731685099992
0.9649	-6.47391714161522
0.9659	-6.457914565525131
0.9663	-6.447766854900469
0.9668	-6.414829231040335
0.9677	-6.414779123852517
0.9681	-6.416185394784139
0.9685	-6.399622542690098
0.9693	-6.375605164405591
0.9697	-6.34197384644171
0.9701	-6.34783152395809
0.9705	-6.374323348583467
0.9717	-6.331346373030259
0.9721	-6.317277565035264
0.9726	-6.293397880995032
0.9736	-6.3155496190537255
0.9741	-6.352089636843558
0.9749	-6.362066873402961
0.9754	-6.354605364801975
0.9758	-6.424170700059315
0.9768	-6.49399001863061
0.9773	-6.588736875258504
0.9778	-6.5939811292949395
0.9787	-6.6115762196687164
0.9792	-6.579186491062513
0.9797	-6.587200278375226
0.9806	-6.556216960086098
0.9811	-6.487709864716058
0.9815	-6.441347849753681
0.9825	-6.4109910280844495
0.983	-6.346986480697339
0.9835	-6.370735453514635
0.984	-6.3857142736534325
0.985	-6.444328394902837
0.9855	-6.502652609707062
0.9859	-6.565129124144027
0.9869	-6.621758642410104
0.9873	-6.705405237290014
0.9878	-6.7373112662414085
0.9883	-6.709147871861616
0.9892	-6.6879770531274225
0.9897	-6.655936928706788
0.9902	-6.623388651086439
0.9912	-6.6100794677500065
0.9916	-6.606466822153828
0.9921	-6.651667407792235
0.9931	-6.677573710126371
0.9936	-6.670349490975502
0.994	-6.681528292472322
0.995	-6.662086342468027
0.9955	-6.617861643488863
0.996	-6.599302250126894
0.9964	-6.543679728079297
0.9974	-6.51977967284003
0.9978	-6.508454550262859
0.9983	-6.5043765561731
0.9993	-6.543373221407505
0.9997	-6.579148183417981
1.0002	-6.609771352693435
1.0012	-6.656139469885929
1.0016	-6.681880518683392
1.0021	-6.7173226112834845
1.0026	-6.7768697932060835
1.0035	-6.782497446706568
1.004	-6.8030357884657775
1.0045	-6.77813346872398
1.005	-6.749661108409246
1.0059	-6.75373071161506
1.0064	-6.77559633491849
1.0069	-6.724260094898183
1.0078	-6.6334665213320605
1.0083	-6.61101822146294
1.0088	-6.619837616638191
1.0097	-6.588122624404974
1.0102	-6.568336881698412
1.0107	-6.550681534577819
1.0117	-6.541366700708432
1.0121	-6.586177785650213
1.0127	-6.574695077672882
1.0136	-6.55680230017201
1.0141	-6.5894410528847205
1.0145	-6.624045656686016
1.0155	-6.621665672381987
1.0159	-6.694266815183019
1.0164	-6.774010308311171
1.0174	-6.784152984182638
1.0179	-6.784577328144256
1.0183	-6.777702305479983
1.0188	-6.732612695430042
1.0198	-6.711242810096891
1.0202	-6.668882599923139
1.0207	-6.636375182810896
1.0211	-6.643661198895678
1.0221	-6.668718188292896
1.0225	-6.652197065566162
1.023	-6.662503338952542
1.0235	-6.65547122762765
1.0245	-6.654579994579289
1.025	-6.6695794183286825
1.0254	-6.6934840209460855
1.0264	-6.717925640359018
1.0268	-6.777071718781116
1.0273	-6.864723182776666
1.0278	-6.94706292901755
1.0287	-6.931263708793139
1.0292	-6.910957927826887
1.0297	-6.919112956223743
1.0307	-6.878534344535446
1.0311	-6.870111340550219
1.0316	-6.804340223885341
1.0326	-6.743591432517142
1.0331	-6.75637642164666
1.0336	-6.74821992451268
1.0345	-6.734425711883663
1.035	-6.754621349711815
1.0355	-6.753181377787514
1.0364	-6.817818618617215
1.0369	-6.83438830296534
1.0373	-6.851012606261407
1.0378	-6.827696659933676
1.0388	-6.8354722468735325
1.0393	-6.86250719850566
1.0397	-6.846980716273707
1.0407	-6.805545340993703
1.0411	-6.80253483521372
1.0415	-6.821437962421379
1.0425	-6.860463257955391
1.0429	-6.848557366090735
1.0434	-6.819571637603698
1.0444	-6.820290078274219
1.0449	-6.826416150129768
1.0453	-6.787408943584991
1.0462	-6.759908569505332
1.0467	-6.754946864363792
1.0472	-6.747586341904031
1.0481	-6.749337378228278
1.0486	-6.775373489182801
1.0491	-6.784941649801771
1.0495	-6.860400884723663
1.0505	-6.918308571571503
1.051	-6.953652170078283
1.0515	-7.012766073582666
1.0524	-7.033215666063277
1.0529	-7.0226019921940015
1.0534	-6.99768208396261
1.0538	-6.9980819257872895
1.0548	-6.979898494264524
1.0553	-6.989350884000088
1.0557	-6.959141446458131
1.0562	-6.944665711718467
1.0572	-6.974981928863887
1.0576	-7.028177980816072
1.0581	-7.010273975819272
1.0591	-6.988237269532533
1.0596	-6.9659797581144725
1.06	-6.967416309889454
1.0609	-6.98440391603585
1.0614	-6.960285505962208
1.0618	-6.9181169286348885
1.0623	-6.918479092688224
1.0633	-6.91626131764324
1.0638	-6.913973112800795
1.0643	-6.87530997980952
1.0652	-6.885191512643548
1.0656	-6.910695160467788
1.0661	-6.931081599226216
1.0665	-6.929081015639007
1.0675	-6.946643367021653
1.068	-6.9566044697659635
1.0684	-6.984340742754661
1.0689	-6.955842880459365
1.0698	-6.961542154078701
1.0703	-6.944304282491666
1.0707	-6.941158796421371
1.0712	-6.906208662740935
1.0721	-6.914132013614978
1.0726	-6.943247434401549
1.0731	-6.962071419019354
1.0736	-6.892977567108799
1.0746	-6.8523492003307345
1.0751	-6.82760441399713
1.0755	-6.84782239605221
1.076	-6.7969117270027635
1.0769	-6.724708421812132
1.0774	-6.733722738962544
1.0779	-6.739481543839978
1.0788	-6.743406542678869
1.0792	-6.778475936396145
1.0797	-6.762394951947133
1.0807	-6.810004651742837
1.0816	-6.880365384993528
1.0826	-6.883732348000391
1.0831	-6.9405658500699765
1.0836	-6.999249369326774
1.0841	-7.02219305115471
1.085	-7.063507594205225
1.0855	-7.091386314102035
1.0859	-7.086963054811967
1.0864	-7.095011444414735
1.0873	-7.0964260849394964
1.0878	-7.0888347180484175
1.0882	-7.0921034194724815
1.0892	-7.131181555683045
1.0897	-7.133377032207534
1.0901	-7.131669866915269
1.0906	-7.080163621773956
1.0916	-7.0579925712976745
1.0921	-7.0659458982558565
1.0925	-7.024563437981612
1.093	-6.90059380044695
1.094	-6.8596351237570214
1.0944	-6.867053954965014
1.0949	-6.9615699163478215
1.0958	-7.006330867676765
1.0963	-6.995874328953754
1.0968	-7.00700456357043
1.0976	-7.124320386615997
1.0981	-7.154919080821662
1.0986	-7.191106672887411
1.0991	-7.180278256509887
1.1	-7.158446539851396
1.101	-7.189488942838335
1.1015	-7.241443569409872
1.102	-7.231858342939615
1.1024	-7.267970677142328
1.1033	-7.252358192658058
1.1038	-7.26725347404906
1.1042	-7.281910553113473
1.1047	-7.265162768311285
1.1056	-7.2557094612621
1.1061	-7.218289891302963
1.1066	-7.18494011357034
1.1071	-7.142825014726939
1.108	-7.051620227770519
1.1085	-6.997691639732204
1.109	-7.0096945545830325
1.11	-7.0006269901111615
1.1104	-7.0485074969402355
1.1109	-7.043644115833324
1.1114	-7.046863098808958
1.1124	-7.065653674272452
1.1128	-7.040474489001986
1.1133	-7.004916157644088
1.1138	-6.996487859965983
1.1147	-6.956121466584317
1.1151	-6.955818668580905
1.1155	-6.99354596348071
1.1165	-7.030070391095545
1.1169	-7.111351080263971
1.1174	-7.154301302342173
1.1179	-7.165544977404428
1.1189	-7.201797166906358
1.1193	-7.183534638295363
1.1198	-7.191742752967736
1.1203	-7.2074824514185005
1.1212	-7.228467465296137
1.1217	-7.223725946645883
1.1221	-7.238783407278152
1.123	-7.232364769644379
1.1235	-7.262345363174986
1.124	-7.258396983124917
1.1249	-7.221652884416489
1.1254	-7.2104036602333235
1.1259	-7.229300600100858
1.1269	-7.240687244853143
1.1274	-7.213953800196752
1.1279	-7.266845471081611
1.1284	-7.325918010371609
1.1293	-7.3503041189898575
1.1298	-7.383507069710524
1.1302	-7.355372772235764
1.1307	-7.314361310086227
1.1316	-7.343037348346204
1.132	-7.314874883619282
1.1325	-7.29417792223858
1.133	-7.3314528712549905
1.134	-7.326636776006343
1.1345	-7.359805621419369
1.1349	-7.409020424155291
1.1359	-7.434253155581635
1.1364	-7.452112415752238
1.1368	-7.453794844318046
1.1378	-7.441507644316737
1.1382	-7.4289841472824705
1.1387	-7.410610157469229
1.1396	-7.377805724299045
1.1401	-7.305431517988346
1.1405	-7.2532810348948615
1.1415	-7.246896142447717
1.142	-7.2553029625162
1.1425	-7.278280084938453
1.1429	-7.316111984481633
1.1439	-7.3012160004727065
1.1444	-7.371075551754035
1.1449	-7.400867674707079
1.1458	-7.398582967855545
1.1463	-7.31595099764267
1.1467	-7.2470388630160425
1.1472	-7.231611442074213
1.1481	-7.230878254235696
1.1486	-7.246894331082894
1.1491	-7.297506952713329
1.15	-7.334473399105523
1.1505	-7.423310388144536
1.1509	-7.437950170153618
1.1514	-7.451585045350946
1.1519	-7.490243338571373
1.1528	-7.479918610331451
1.1533	-7.514089580616648
1.1538	-7.523095916073432
1.1543	-7.582485541652004
1.1552	-7.624417890339153
1.1557	-7.6430293930317
1.1561	-7.661019073257737
1.1571	-7.6653023114545
1.1576	-7.617084350392615
1.158	-7.555128185025558
1.159	-7.492680913385021
1.1595	-7.493541349343467
1.16	-7.4891946891041865
1.1609	-7.533235242512745
1.1614	-7.520185310501743
1.1619	-7.4690943585295795
1.1623	-7.496322417001105
1.1632	-7.539586609203785
1.1637	-7.538506492637434
1.1642	-7.516809942307123
1.1651	-7.43309770904284
1.1656	-7.4287377866190045
1.1661	-7.475477624647295
1.1666	-7.424840960112933
1.1676	-7.3671894247829215
1.1681	-7.392866752460646
1.1685	-7.388605633228333
1.169	-7.4079268441319535
1.1699	-7.430866491501012
1.1703	-7.459994517975554
1.1708	-7.507529092453808
1.1717	-7.56957575811815
1.1722	-7.5649692850760255
1.1727	-7.603556170577827
1.1731	-7.6205906650149675
1.174	-7.687424472017259
1.1745	-7.703327359784946
1.1749	-7.748781143145814
1.1754	-7.7261690567057055
1.1764	-7.737094794280711
1.1769	-7.741673028424513
1.1774	-7.785771420221639
1.1783	-7.714987098488404
1.1788	-7.651280577463339
1.1793	-7.6083814403114545
1.1802	-7.580119573388659
1.1807	-7.573023766871987
1.1812	-7.559218793379613
1.1821	-7.529100397584317
1.1826	-7.556516153658839
1.1831	-7.580838274624435
1.1841	-7.611187732422596
1.1846	-7.693155379161487
1.185	-7.711430651044223
1.1855	-7.713337388910184
1.1865	-7.714905171673321
1.1869	-7.693347352967932
1.1874	-7.658164216486169
1.1883	-7.649014944033094
1.1888	-7.604023343311013
1.1893	-7.577869326566473
1.1898	-7.574024496382927
1.1908	-7.594918364437482
1.1912	-7.601194071313005
1.1917	-7.600069885430625
1.1927	-7.5934121895662985
1.1932	-7.622491073154107
1.1936	-7.647823328717843
1.1945	-7.684363254944819
1.195	-7.657506707643608
1.1955	-7.65608332819748
1.1959	-7.69954676877369
1.1968	-7.725875272535774
1.1973	-7.701070353143294
1.1978	-7.6762925769704315
1.1987	-7.64651442871567
1.1992	-7.643380321981761
1.1996	-7.664248071413253
1.2001	-7.679759957036957
1.2011	-7.671829796635742
1.2016	-7.67709989986664
1.202	-7.670662262505281
1.203	-7.660265337446993
1.2035	-7.649414238561389
1.204	-7.620663178000068
1.2049	-7.608117707037768
1.2053	-7.630873961431467
1.2059	-7.636814378866483
1.2068	-7.662381457572748
1.2072	-7.67146594988755
1.2077	-7.702235781667193
1.2087	-7.759900964036631
1.2092	-7.796329964867209
1.2096	-7.768578248517612
1.2101	-7.770785250706378
1.211	-7.78455738775782
1.2115	-7.804877422525633
1.2119	-7.831334376897688
1.2124	-7.792760360090662
1.2133	-7.759467202967951
1.2137	-7.721371524454007
1.2142	-7.697878697672131
1.2151	-7.636569525838427
1.2155	-7.611996617637754
1.216	-7.5943260003286515
1.2165	-7.591876957783056
1.2175	-7.563690305837239
1.218	-7.617200951388388
1.2185	-7.637980460477936
1.2189	-7.702532065134448
1.2199	-7.733986021895657
1.2203	-7.724622175356924
1.2207	-7.760176352179055
1.2212	-7.792092480900514
1.2221	-7.782906412252207
1.2226	-7.790423348181124
1.2231	-7.753571638300219
1.2236	-7.765780388823785
1.2245	-7.82834656369682
1.225	-7.84644105904229
1.2255	-7.867248859145442
1.2263	-7.9077742188573374
1.2268	-7.918365348101071
1.2273	-7.961903099728566
1.2278	-7.92342495119275
1.2287	-7.80871522595567
1.2292	-7.734000143019793
1.2296	-7.719419872522698
1.2301	-7.69525669036329
1.2311	-7.696900193280555
1.2315	-7.682425401246056
1.232	-7.690531548200999
1.2329	-7.725434934366126
1.2334	-7.748744074759729
1.2339	-7.732552196534785
1.2344	-7.7341983188301775
1.2353	-7.694383403893614
1.2358	-7.697461315140297
1.2362	-7.714349943064917
1.2372	-7.764898107876055
1.2376	-7.78500594423681
1.2381	-7.8103671397177745
1.2386	-7.818619866153885
1.2395	-7.845339563223725
1.24	-7.8727231631176515
1.2405	-7.864237017155769
1.2415	-7.865883953619538
1.2419	-7.906922948516264
1.2424	-7.914936900573979
1.2428	-7.936353931176985
1.2437	-7.983597840032096
1.2442	-7.9926486607714
1.2447	-8.05274484985557
1.2457	-8.11110718306504
1.2462	-8.106363737372803
1.2467	-8.105354337465641
1.2476	-8.12325843573265
1.2481	-8.114154529222994
1.2485	-8.117281886633778
1.249	-8.072901157864646
1.2499	-8.015010727449942
1.2504	-8.016062217846828
1.2508	-8.022622795085587
1.2518	-7.994825748932042
1.2523	-8.005479263053372
1.2528	-8.02231400805507
1.2533	-8.078474098494203
1.2542	-8.082164891555157
1.2547	-8.027437496830569
1.2551	-8.041151301663119
1.2556	-7.991983595090451
1.2566	-7.970758622299956
1.257	-7.955919452163038
1.2575	-7.931815898122144
1.258	-7.956066676936681
1.2589	-8.054084481334282
1.2594	-8.097848295260942
1.2599	-8.206133460044446
1.2608	-8.23347038922579
1.2613	-8.260312062306669
1.2617	-8.276086336689605
1.2622	-8.278434015056842
1.2631	-8.248325783115208
1.2635	-8.2109077285764
1.264	-8.17923437316158
1.265	-8.12447185214727
1.2655	-8.066807453700312
1.266	-8.059130560137204
1.2664	-8.050374668380673
1.2674	-8.043476582537565
1.2678	-8.070644357636105
1.2683	-8.053424046119433
1.2688	-8.09884671359288
1.2697	-8.18197823834585
1.2702	-8.180758396839275
1.2707	-8.174936978089793
1.2716	-8.188412506030177
1.272	-8.1969018034129
1.2725	-8.259624771383537
1.273	-8.304326167152617
1.2739	-8.253620891897159
1.2744	-8.231823570155246
1.2749	-8.262872087071315
1.2758	-8.273068619856787
1.2763	-8.268756571552005
1.2768	-8.22766513360607
1.2772	-8.198354677741532
1.2781	-8.225354504498032
1.2786	-8.261726618153432
1.2791	-8.236929434320047
1.28	-8.228467947964713
1.2805	-8.179711941346778
1.281	-8.179331342288556
1.282	-8.13938932165073
1.2825	-8.136994896187371
1.2829	-8.151334634187371
1.2839	-8.191421494656893
1.2844	-8.238894825952077
1.2848	-8.274638414816284
1.2857	-8.291416682811775
1.2862	-8.334665281229041
1.2866	-8.308779420786971
1.2871	-8.278209842491211
1.2881	-8.26007668819624
1.2886	-8.250878098284193
1.2891	-8.19873718685872
1.2896	-8.185857837846337
1.2905	-8.22312772814727
1.291	-8.233099095441233
1.2914	-8.262824340620522
1.2924	-8.251425348605938
1.2928	-8.196151478926081
1.2933	-8.277350237179478
1.2943	-8.33812461152388
1.2947	-8.31388701166712
1.2952	-8.328315504912535
1.2961	-8.324823301640885
1.2966	-8.341343121783723
1.297	-8.359403205642634
1.2975	-8.306038284225684
1.2984	-8.214237305481262
1.299	-8.162737551188185
1.2994	-8.134272330345153
1.2999	-8.133641035944915
1.3008	-8.120452812428136
1.3013	-8.159824467798893
1.3018	-8.18474805689418
1.3022	-8.203529103658937
1.3032	-8.231322592907514
1.3037	-8.2590382369007
1.3041	-8.246697976280743
1.3046	-8.22630701508649
1.3061	-8.176047751407117
1.3065	-8.165327993185501
1.3071	-8.175674998741924
1.308	-8.168272654204788
1.3084	-8.137089115775405
1.3089	-8.087904311124921
1.3098	-8.073724314171255
1.3103	-8.076249898213602
1.3107	-8.117485844469865
1.3112	-8.115445023268894
1.3121	-8.133597950241013
1.3126	-8.194161023246487
1.3131	-8.25744828007126
1.3135	-8.337852985809944
1.3145	-8.39118256685455
1.315	-8.413090883279203
1.3155	-8.471602535598874
1.3164	-8.523949518977302
1.3169	-8.49695457389672
1.3173	-8.48608400149853
1.3178	-8.456579920200893
1.3188	-8.441460862875699
1.3193	-8.371955197383917
1.3197	-8.326534832450225
1.3202	-8.282713321582493
1.3212	-8.283595035856656
1.3217	-8.267756124026835
1.3221	-8.248535000014817
1.323	-8.229860811249889
1.3234	-8.270057492305618
1.3239	-8.279731681765949
1.3248	-8.279361540072562
1.3252	-8.312032866587584
1.3257	-8.316735553346836
1.3267	-8.300962777790804
1.3272	-8.295708202050262
1.3278	-8.287626059086053
1.3286	-8.327099618237462
1.3291	-8.360590088732163
1.3296	-8.351163043574177
1.3301	-8.353916485512121
1.331	-8.420582998495473
1.3314	-8.379841544776008
1.332	-8.365519320209321
1.333	-8.319180849181306
1.3334	-8.24711954642189
1.3339	-8.248687961971706
1.3348	-8.290611482243351
1.3353	-8.283583882907852
1.3358	-8.315373793699877
1.3366	-8.340396872056438
1.3371	-8.333054112302294
1.3376	-8.35129331191756
1.3386	-8.358889449616868
1.339	-8.371949841254686
1.3396	-8.369249368901164
1.3401	-8.408037501843925
1.341	-8.458070100708653
1.3415	-8.528613050627786
1.342	-8.578422433886347
1.3425	-8.578889750832152
1.3434	-8.557991976273211
1.3438	-8.585014745116485
1.3443	-8.610783952538968
1.3448	-8.582844563155511
1.3457	-8.511866034174176
1.3461	-8.474436575036576
1.3466	-8.473237595335835
1.3475	-8.491749891960591
1.348	-8.45762461539439
1.3484	-8.442481781277202
1.3494	-8.448821317819055
1.3499	-8.498286065535787
1.3503	-8.576212769976614
1.3512	-8.604170420360965
1.3517	-8.618948855971595
1.3522	-8.652895763595511
1.3527	-8.699643650298896
1.3536	-8.699318193617797
1.3541	-8.68594646953226
1.3546	-8.63936259211013
1.3556	-8.638888300515044
1.356	-8.607906458797324
1.3565	-8.611989042273072
1.357	-8.600441245981898
1.358	-8.578050802868423
1.3585	-8.515898256829747
1.3589	-8.507046260350574
1.3599	-8.460625268272299
1.3603	-8.460675486392834
1.3608	-8.41107402340183
1.3617	-8.360693106548018
1.3621	-8.352508131301933
1.3626	-8.407748638762355
1.3635	-8.389399995133465
1.364	-8.322809567218023
1.3645	-8.307967755868262
1.3655	-8.34733971452672
1.366	-8.372388678673024
1.3666	-8.392530811954785
1.3671	-8.410970383355387
1.368	-8.434641907640064
1.3685	-8.548670068499836
1.3689	-8.57936885671222
1.3699	-8.598631398681597
1.3703	-8.58313905351063
1.3707	-8.615921723952587
1.3712	-8.616270974400246
1.3721	-8.63477416963993
1.3726	-8.587992567639473
1.373	-8.574143141768168
1.3735	-8.54365641671845
1.3744	-8.56342284410579
1.3749	-8.545045340671928
1.3754	-8.52041738861862
1.3759	-8.474808867084857
1.3768	-8.478985625229065
1.3772	-8.468045091499208
1.3776	-8.481272509534005
1.3786	-8.417507766162156
1.3791	-8.337501866668642
1.3796	-8.319745429249666
1.38	-8.316938373345629
1.381	-8.34739270130959
1.3815	-8.396572998427182
1.382	-8.433714835971426
1.3825	-8.503462294521748
1.3834	-8.535144160865533
1.3839	-8.575141652881744
1.3844	-8.57423320156514
1.3853	-8.60252735339837
1.3858	-8.531371769525105
1.3862	-8.47826213907415
1.3872	-8.47299830928043
1.3876	-8.513023280955167
1.3881	-8.497270692787108
1.3886	-8.53446052702656
1.3895	-8.49817878005375
1.39	-8.552311106814834
1.3905	-8.562941630255821
1.3914	-8.588477406548474
1.3919	-8.599306024535785
1.3924	-8.623066593108131
1.3929	-8.67140273163825
1.3938	-8.711319619522557
1.3942	-8.696339650328902
1.3947	-8.695505231568772
1.3956	-8.652752042050777
1.396	-8.676668987556052
1.3964	-8.697604728488392
1.3969	-8.653388018802445
1.3979	-8.61972259094263
1.3984	-8.56768098860113
1.3988	-8.528387384590093
1.3998	-8.491937800603354
1.4003	-8.405801374948172
1.4007	-8.377932470914661
1.4017	-8.36660022502899
1.4022	-8.354990063852435
1.4027	-8.412364742932294
1.4032	-8.454294470296567
1.4041	-8.50280539767501
1.4046	-8.520096225188295
1.405	-8.519392616599394
1.4059	-8.501117360898926
1.4064	-8.50547678192478
1.4068	-8.52303214843998
1.4073	-8.517634870418592
1.4082	-8.527646742403823
1.4087	-8.591052063954944
1.4092	-8.5530085244142
1.4102	-8.559279045177394
1.4106	-8.550061245794726
1.4111	-8.519720935265893
1.4121	-8.44335283598939
1.4125	-8.394450346869386
1.413	-8.356263075080712
1.4139	-8.317619708828154
1.4144	-8.288207474263762
1.4148	-8.283102230934933
1.4153	-8.241800847683018
1.4163	-8.257667615783303
1.4168	-8.231876003517064
1.4173	-8.212935559974142
1.4178	-8.22860492135161
1.4188	-8.210882304061279
1.4193	-8.185395607543938
1.4197	-8.168600386852804
1.4206	-8.154850938710323
1.421	-8.160970848794976
1.4215	-8.08637514312491
1.4224	-8.067663219576678
1.4229	-8.048815255286186
1.4234	-8.012473425894772
1.4238	-8.0303025261627
1.4248	-8.0541883986563
1.4252	-8.050029327891878
1.4257	-8.087462650439615
1.4262	-8.076870079673212
1.4271	-8.092661040530475
1.4275	-8.06120865089942
1.428	-7.993073209199014
1.4285	-7.970596677746306
1.4295	-7.919637627834151
1.4299	-7.870789111650682
1.4304	-7.859668402199557
1.4313	-7.830516807283917
1.4319	-7.844193876707854
1.4323	-7.8854925885620935
1.4328	-7.9169330440583146
1.4337	-7.980464509263292
1.4342	-8.000325237781773
1.4346	-8.0341706268641
1.4351	-8.025167182307731
1.436	-7.9936590115372
1.4365	-7.994019105518321
1.4369	-7.936730248547505
1.4374	-7.830180467474987
1.4384	-7.795782368639596
1.4389	-7.730298294404944
1.4393	-7.674384751655466
1.4403	-7.640183837408772
1.4407	-7.59237591632889
1.4412	-7.56834018785548
1.4416	-7.611565195817611
1.4425	-7.663554899426032
1.443	-7.6401813680869015
1.4434	-7.693444031924514
1.4438	-7.728990229984524
1.4448	-7.731545242681772
1.4452	-7.692446438486598
1.4458	-7.63543813726827
1.4467	-7.5786205372155155
1.4472	-7.5806808284551135
1.4478	-7.512872234822464
1.4486	-7.480268507308145
1.449	-7.382013885056626
1.4494	-7.346560707512905
1.4499	-7.316627359054462
1.4507	-7.301255421350776
1.4512	-7.260428206749632
1.4516	-7.237420705809102
1.4521	-7.211051863336471
1.453	-7.186788289292079
1.4535	-7.123500303432815
1.454	-7.104011950756897
1.4549	-6.954970975801937
1.4553	-6.892717321282348
1.4558	-6.828157527457346
1.4563	-6.748349612141745
1.4568	-6.746912664882795
1.4582	-6.714987992549312
1.4587	-6.683364313328802
1.4596	-6.662511162294578
1.4601	-6.647581596157005
1.4606	-6.62539557792145
1.4611	-6.581983696205151
1.462	-6.510474257696412
1.4624	-6.4869008783175275
1.4629	-6.4110622598134475
1.4634	-6.370199262345059
1.4643	-6.284374845529475
1.4648	-6.208222986775931
1.4653	-6.167120901818996
1.4658	-6.091611063533492
1.4668	-5.984457212777266
1.4673	-5.905373143974155
1.4677	-5.859251838616705
1.4682	-5.762516442392854
1.4691	-5.71779988163779
1.4695	-5.615054096606848
1.47	-5.578521479131392
1.4708	-5.568003366408588
1.4713	-5.525911046895394
1.4718	-5.434471463662653
1.4723	-5.4062168384554425
1.4733	-5.309158126135374
1.4737	-5.280433397511304
1.4741	-5.220449439709835
1.4746	-5.122291534750922
1.4756	-4.958984127652289
1.476	-4.870509638876417
1.4765	-4.7569587847509105
1.477	-4.661217656711262
1.478	-4.520082375476456
1.4785	-4.389235336970432
1.4789	-4.341194502298467
1.4794	-4.307537468936199
1.4803	-4.2015230741830365
1.4808	-4.139254438758439
1.4812	-4.071089895166649
1.4822	-3.971039328514096
1.4827	-3.8923590339680203
1.4831	-3.6964369834092414
1.4836	-3.534905623571256
1.4845	-3.4581003005869215
1.485	-3.3636294184073567
1.4855	-3.26573031985352
1.4859	-3.206644181070091
1.4868	-3.1005180033294995
1.4873	-2.984630557654432
1.4877	-2.862517515003776
1.4887	-2.7513112845281134
1.4891	-2.6105506584983815
1.4896	-2.4728768209989878
1.4906	-2.3211999184451173
1.4911	-2.1670951252348196
1.4916	-2.0361251748546163
1.4921	-1.894548605320654
1.4931	-1.7622279598723072
1.4935	-1.6316813219411364
1.494	-1.5056322986664648
1.4945	-1.3215385500289436
1.4954	-1.1777927474091645
1.4959	-1.074472364366541
1.4963	-0.9959240838544465
1.4969	-0.861224859992503
1.4978	-0.6791992581297013
1.4983	-0.5364868955036215
1.4987	-0.47028030562820256
1.4992	-0.40209747163175535
1.5001	-0.33496225859131457
1.5006	-0.2385998154556166
1.5012	-0.1105565546884435
1.5016	-0.03210821953542986
1.5025	0.10014184097779744
1.503	0.28004033116709337
1.5034	0.4113607041953884
1.5039	0.5576932274730275
1.5044	0.7233768838526364
1.5053	0.8759141842983285
1.5058	1.0442573422390753
1.5063	1.2043381294373772
1.5068	1.3414480590590365
1.5077	1.5183111676927528
1.5081	1.6734101837479765
1.5086	1.7994959408985087
1.5091	1.8950533091586417
1.51	2.0356684720260247
1.5105	2.1650907549198983
1.511	2.2737994388355194
1.5115	2.4625438003149913
1.5124	2.6592107406958156
1.5129	2.765100068205065
1.5133	2.8838519177194017
1.5138	2.9868449981930993
1.5148	3.053793528198783
1.5152	3.1416604560938843
1.5157	3.176205386543355
1.5165	3.244051852352083
1.517	3.395151092578656
1.5175	3.516255051847926
1.5185	3.618113384052661
1.5189	3.7146611999581225
1.5194	3.8062833551940134
1.52	3.9228789131735375
1.521	3.979634513186319
1.5214	4.0259934566096405
1.5219	4.134045890685574
1.5228	4.210800379136005
1.5233	4.274438984142627
1.5237	4.318600490364748
1.5243	4.3614412533883335
1.5252	4.43702213758907
1.5256	4.495239449535635
1.5261	4.524358682126897
1.527	4.606659917245006
1.5275	4.717494247552615
1.5279	4.810784082549956
1.5289	4.88688301205333
1.5294	4.973663912841296
1.5299	5.042904100559385
1.5304	5.125689477379867
1.5314	5.130091703219284
1.5318	5.13892702543262
1.5323	5.209747447106501
1.5328	5.239116186956961
1.5338	5.270844784730832
1.5343	5.3114350634778535
1.5347	5.344902455041378
1.5357	5.380064172860836
1.5361	5.438742183420738
1.5365	5.475033838896286
1.5374	5.546266864180176
1.5379	5.510549504791802
1.5384	5.485569473886855
1.5393	5.468744252099519
1.5398	5.448161034505526
1.5403	5.462116792475761
1.5413	5.473522411813194
1.5417	5.448755456846143
1.5422	5.503819047523553
1.5432	5.596569672557706
1.5436	5.647086151355877
1.5441	5.752127262052319
1.545	5.816649032974388
1.5454	5.844475719578197
1.5459	5.860188555848055
1.5468	5.859884466457036
1.5473	5.82924302191851
1.5477	5.833488848479428
1.5487	5.874449961970612
1.5491	5.898988513432576
1.5496	5.964733725151779
1.5501	6.045892176861162
1.551	6.160480285118412
1.5515	6.196359956185319
1.552	6.209789405694851
1.5524	6.169878648034004
1.5534	6.109917731146998
1.5539	6.062577640151908
1.5544	6.0328899163900385
1.5553	6.024925563379416
1.5558	6.119422100702863
1.5562	6.225352777204101
1.557	6.296154088775543
1.5574	6.3979999726088295
1.5579	6.48928927761599
1.5588	6.602099460915685
1.5593	6.6097261385670585
1.5598	6.614801500256412
1.5609	6.6070572176029145
1.5614	6.6285369429908485
1.5619	6.60489464234476
1.5628	6.560457422082644
1.5633	6.564785456062808
1.5637	6.6029022494104925
1.5646	6.590620351754502
1.5651	6.601754968790333
1.5655	6.62755527282491
1.566	6.67696502770462
1.567	6.758606698452345
1.5675	6.798950526050842
1.568	6.849328370637663
1.5684	6.915804800395687
1.5693	6.97998705077956
1.5698	6.995709602472973
1.5702	7.056972362661391
1.5711	7.097160745313067
1.5716	7.104060468969399
1.5721	7.132270863740059
1.5726	7.1225644241477735
1.573	7.120736242608137
1.574	7.131879829534794
1.5744	7.100289904634705
1.5749	7.020926084312917
1.5759	7.001885028949928
1.5764	7.050402699558305
1.5769	7.087736581837845
1.5779	7.1410258205470765
1.5784	7.17010253406632
1.5788	7.25332535670506
1.5793	7.331240260708848
1.5802	7.378183714097821
1.5806	7.33363908530562
1.5811	7.377569228632531
1.582	7.376824370049361
1.5825	7.369686907251561
1.5829	7.345003584306204
1.5834	7.397528013149229
1.5844	7.385173376132649
1.5848	7.420069262643576
1.5854	7.4236519912525765
1.5863	7.418481932347676
1.5868	7.455146396688651
1.5877	7.512407995515858
1.5882	7.489882828599239
1.5887	7.540822269378946
1.5896	7.632596657768353
1.59	7.678097915206889
1.5904	7.7607054320284945
1.5909	7.8300027617642876
1.5919	7.871035779913422
1.5923	7.938324180203725
1.5928	7.958363036108981
1.5933	7.865186952619085
1.5943	7.848516971096066
1.5948	7.8075595210860556
1.5952	7.789991685045296
1.5961	7.801739248109412
1.5965	7.835334777574863
1.5969	7.856732010380043
1.5973	7.959915624504278
1.5983	8.029897278271317
1.5989	8.096134257422332
1.5993	8.139464812572443
1.5999	8.130970438040974
1.6008	8.074448146510324
1.6013	8.087601312881104
1.6018	8.061004033157836
1.6027	8.034995880600219
1.6032	8.003065533083644
1.6036	8.011098128393604
1.6046	8.059437279404563
1.605	8.109091430932134
1.6055	8.122766604943475
1.6065	8.109945634110314
1.6069	8.113426729425965
1.6074	8.153471297423025
1.6082	8.228360203556898
1.6087	8.269332667285527
1.6091	8.294111086796498
1.6096	8.295294122472805
1.6105	8.309917711334718
1.611	8.346551469911335
1.6114	8.344468887315463
1.6119	8.299172456816162
1.6129	8.242161605416701
1.6135	8.274118025451552
1.614	8.305793767106385
1.6145	8.345771032670546
1.6154	8.362694136289218
1.616	8.387955954586966
1.6164	8.416656446827016
1.6169	8.463067648353057
1.6178	8.460603181485276
1.6183	8.452335534136717
1.6187	8.448388282082474
1.6197	8.453441388824054
1.6201	8.507357668163085
1.6206	8.553672767315398
1.6211	8.590013854836679
1.6215	8.615084872916798
1.6224	8.642413263869695
1.6229	8.67103742725571
1.6233	8.686459685240473
1.6242	8.646722371337487
1.6247	8.610928443834561
1.6251	8.578488081451832
1.6261	8.55207475543728
1.6266	8.555956624569703
1.6271	8.60299520298289
1.6276	8.59676541935717
1.6285	8.627271636180764
1.629	8.635050910986468
1.6295	8.645762851325234
1.6304	8.662504002596743
1.6309	8.667906018703608
1.6313	8.638291813766466
1.6322	8.648772939669623
1.6327	8.619075711982802
1.6332	8.592229150982856
1.634	8.588687603481759
1.6345	8.596268606290389
1.635	8.572441499999885
1.636	8.548725390495253
1.6365	8.525426429251533
1.6369	8.542801841932901
1.6374	8.609061251767358
1.6384	8.673469745968863
1.6388	8.69839148360485
1.6393	8.817159195977775
1.6398	8.883707983894224
1.6406	8.991674963417045
1.641	9.069668328602745
1.6415	9.09217216851327
1.6425	9.100871749046052
1.6429	9.126990944394716
1.6434	9.02648395762089
1.6443	8.971525284959451
1.6448	8.907344387911529
1.6452	8.86406006383366
1.6456	8.848897670811613
1.6467	8.85202086952296
1.6472	8.871585219904844
1.6476	8.938134280847963
1.6481	9.020879640347836
1.649	9.058007912469217
1.6495	9.076529902545092
1.6499	9.088954957252236
1.6504	9.094370561354687
1.6514	9.050114483668994
1.6518	9.037785589174272
1.6523	9.036692178653578
1.6527	9.013249318317527
1.6536	9.012232852710987
1.654	8.989495074913354
1.6545	8.96852624615504
1.6555	9.028120023171683
1.656	9.084034396905862
1.6565	9.042034982994648
1.657	9.06984116426422
1.658	9.062275235041689
1.6585	9.13227000011351
1.6589	9.11421424808154
1.6598	9.108782088456957
1.6603	9.127513176278605
1.6607	9.182168821191558
1.6616	9.185250170679154
1.6621	9.227614559479102
1.6626	9.19838976449652
1.6635	9.204182394010278
1.6641	9.188432837125342
1.6645	9.164099999056337
1.6649	9.18256567922304
1.6659	9.200954364816665
1.6664	9.220057392112237
1.6673	9.259729075159727
1.6677	9.295819026279927
1.6682	9.350743712163807
1.6687	9.395817086780598
1.6696	9.423623001203604
1.67	9.444965898977099
1.6705	9.420727547754527
1.6714	9.401513406378568
1.6718	9.41353844145473
1.6723	9.388776401812867
1.6728	9.349012728811825
1.6737	9.287918889046816
1.6742	9.263516426464253
1.6746	9.268554916088693
1.6751	9.26164969353549
1.676	9.301782745439505
1.6765	9.321979992899976
1.677	9.294038816496782
1.6775	9.31038436306944
1.6785	9.356302832154805
1.679	9.36207488307031
1.6795	9.353221448651414
1.6799	9.327095975510515
1.6809	9.320956587042893
1.6814	9.343224958421528
1.6818	9.347078568495208
1.6827	9.299053079686166
1.6832	9.288358956596216
1.6837	9.296424515394046
1.6841	9.294727856527519
1.685	9.295624967810546
1.6856	9.348985803936364
1.6861	9.342546221778672
1.6866	9.340017865331376
1.6875	9.374036535899391
1.6879	9.457728535644398
1.6884	9.506403638991
1.6889	9.518200807529382
1.6897	9.4485090598548
1.6901	9.485621827490858
1.6906	9.501946907033759
1.6911	9.483902755095833
1.6924	9.430646158772147
1.6929	9.397854611361634
1.6935	9.439032283847416
1.6945	9.498246715189438
1.6949	9.516750203987456
1.6954	9.53508416266924
1.6959	9.564368400985705
1.6964	9.527239327901984
1.6972	9.468572448255658
1.6976	9.415753504944687
1.6981	9.394816517317267
1.6985	9.370960080602675
1.6994	9.390175731464787
1.6999	9.383963231808284
1.7004	9.411626173317178
1.7013	9.441543083547733
1.7018	9.444454830290953
1.7023	9.462309629223558
1.7032	9.446291056134676
1.7037	9.417234698428722
1.7041	9.459642922419889
1.7046	9.463712083479633
1.7055	9.492152471425937
1.706	9.491886742921633
1.7064	9.483164317047946
1.7069	9.511734587533597
1.7077	9.529280252398548
1.7082	9.5075659955065
1.7086	9.498334206341783
1.709	9.478449525277478
1.71	9.498221013204901
1.7105	9.514922745956326
1.711	9.524284167666913
1.7115	9.548345715610248
1.7125	9.568357429837732
1.713	9.641424392610398
1.7134	9.742446937509799
1.7143	9.748665864206918
1.7148	9.802730060913083
1.7153	9.813855063547674
1.7157	9.813698818810831
1.7167	9.810771540531238
1.7172	9.764867443007004
1.7177	9.700435235834755
1.7185	9.720492365736089
1.719	9.707315429902897
1.7194	9.728170936230512
1.7203	9.762547338075617
1.7208	9.728950023619953
1.7212	9.73264331671145
1.7222	9.736304020214325
1.7226	9.75589323889508
1.723	9.769086250344706
1.7239	9.767390530227111
1.7244	9.754580196804694
1.7248	9.778537609950519
1.7253	9.809101406493621
1.7263	9.8639344825671
1.7267	9.863427045189518
1.7272	9.82980615454122
1.7281	9.81890228359806
1.7285	9.838437198592759
1.7291	9.861626873105251
1.73	9.863400728994215
1.7305	9.79815891242042
1.731	9.784850346420985
1.732	9.806887825367932
1.7325	9.834562389786306
1.7329	9.817489798118636
1.7338	9.79523038822763
1.7342	9.774177208481905
1.7347	9.816728833132672
1.7356	9.819182422436525
1.736	9.843146614504713
1.7365	9.86042335097424
1.7374	9.865921546776159
1.7379	9.873702965119268
1.7384	9.888535369705368
1.7388	9.942421115228234
1.7398	9.94153016205881
1.7402	9.890447451930907
1.7407	9.806275098962603
1.7412	9.78351226724272
1.7422	9.745436742371817
1.7426	9.716570492354434
1.743	9.657076175567207
1.7435	9.678472843468013
1.7444	9.676551990823857
1.7449	9.738357550494078
1.7453	9.797600088720555
1.7463	9.899969828211502
1.7467	9.999011230425285
1.7471	10.025114124740915
1.7476	10.038642499016794
1.7485	10.099540197621916
1.7491	10.123615182908754
1.7495	10.116760587311276
1.7505	10.075547813352674
1.751	10.027749248919749
1.7515	10.031668925040282
1.752	10.007318983819632
1.7522	9.967114621526761
1.7523	9.931721231720697
1.7524	9.93184744515787
1.7525	9.943608757648258
1.7527	9.906279062092628
1.7529	9.877648185232665
1.7532	9.875480965758944
1.7533	9.849564656780869
1.7535	9.87569143231875
1.7536	9.861117253039462
1.7537	9.865536240936395
1.7542	9.950833204716465
1.7548	9.954029438696827
1.7549	10.01622054849151
1.755	10.004684491561456
1.7553	10.02343622444369
1.7557	9.96910480825651
1.7558	9.995059546597552
1.7565	9.951272241137472
1.7566	9.990532640146714
1.757	9.937752076174835
1.7574	9.995786916126693
1.7575	9.999907901487338
1.7578	10.10236656016305
1.7579	10.099905343762773
1.7588	10.090514182870136
1.759	10.042955415880272
1.7591	10.061774113250083
1.7593	10.069668639908961
1.7598	10.082796280816574
1.76	9.996927812498217
1.7602	9.981188543771937
1.7604	10.013575096295465
1.7609	10.033876776336962
1.7613	10.038163941437762
1.7618	10.03755659722772
1.7619	9.96975219707922
1.7623	10.018729789685802
1.7633	9.972552471622716
1.7638	9.933309583148809
1.7639	9.926895755151726
1.7644	9.94120823043742
1.7648	9.974832465364935
1.765	10.018398233949858
1.7658	10.014485331730755
1.7661	10.069574408531249
1.7662	10.095472807091681
1.7663	10.082494887803746
1.7666	10.06763383709953
1.767	10.033372195512419
1.7675	10.02208905896581
1.7679	9.974504261303485
1.768	9.957959292202485
1.7684	9.936667226351963
1.7687	9.926684024977064
1.7688	9.910819126557776
1.7695	9.892258211146196
1.7696	9.890564073811413
1.7697	9.948464201383626
1.7698	9.94589101748622
1.77	9.974236291995433
1.7703	10.07610242152293
1.7708	10.114862229392546
1.7709	10.104320652002578
1.7711	10.1053222935344
1.7712	10.120233962712708
1.7714	10.121470515842343
1.772	10.148834196902078
1.7721	10.05953201610885
1.7726	10.082614160215533
1.7727	10.066831842099754
1.773	10.090560382813905
1.7732	10.051723061239409
1.7739	10.07964749643671
1.7743	9.995407503722719
1.7744	10.032108074168605
1.7745	10.000596097355636
1.7747	10.032395096759815
1.7748	10.023561150583165
1.7753	10.09736255052425
1.776	10.065197140321347
1.7761	10.100077667761541
1.7763	10.126738888142466
1.7768	10.130046503517114
1.7769	10.194563579278308
1.7772	10.224151004071738
1.7774	10.180720168705083
1.7775	10.18883213763222
1.7776	10.221922689805
1.7779	10.170938718899105
1.7786	10.144969872165486
1.7788	10.06961264841275
1.7791	10.033743000754086
1.7794	10.06638363385037
1.7795	10.076803553243467
1.7805	10.060840755078724
1.7807	10.093241918388546
1.7809	10.079338241625567
1.7814	10.111185074140728
1.7815	10.102256503337887
1.7822	10.044914856612658
1.7823	10.007702673599976
1.7827	10.00420534813652
1.7829	9.945893389251504
1.7832	9.972662047737467
1.7837	9.94248623750426
1.7838	9.953323309055806
1.7843	9.96101091716285
1.7847	10.010682369192127
1.7852	10.060565358104256
1.7856	10.076511602429743
1.7857	10.10976095952719
1.7861	10.14017665219148
1.7869	10.075342529866882
1.787	10.071632627268857
1.7875	10.054217372655648
1.788	9.954286952723844
1.7883	9.931778866089353
1.7885	9.949694916112067
1.7889	9.94203451560231
1.7891	10.00395871338838
1.7894	10.026587123813977
1.7896	10.02216305254156
1.79	10.115966774587537
1.7903	10.15994997302406
1.7909	10.062766547036968
1.7914	10.097634454029517
1.7915	10.078799356303785
1.7918	10.061271646258902
1.792	10.154077894190463
1.7925	10.115826475137403
1.7926	10.136446747136029
1.7929	10.20539045078131
1.793	10.21249199769741
1.7938	10.249704505814318
1.7944	10.211506898369802
1.7951	10.107575582790574
1.7958	10.166657466382217
1.7965	10.176849081985058
1.7978	10.161814836635212
1.7981	10.076787343258326
1.8005	10.07125070851995
1.8017	10.1077559658905
1.8019	10.13111031143258
1.8031	10.101259793255068
1.8039	10.093663605120014
1.8044	10.062110301062443
1.807	10.091504161219532
1.8082	10.085167807118399
1.8083	10.103317759850517
1.8088	10.112343997911864
1.8097	10.100338782905533
1.8123	10.13835016766694
1.8124	10.158625857635396
1.8126	10.230202854741641
1.8136	10.250472933482639
1.8148	10.230257172368328
1.8159	10.213067126667552
1.8165	10.22184263639953
1.8176	10.177666568603337
1.8187	10.189761475563335
1.8195	10.174021932545305
1.8203	10.183605166341703
1.8209	10.256666755111837
1.8219	10.306082259701581
1.8231	10.290129344096393
1.8246	10.279963341831492
1.8247	10.332837010691158
1.8265	10.31333821489521
1.8269	10.325455137074815
1.8278	10.304173023882338
1.8287	10.31830899677735
1.8292	10.338033099535572
1.8295	10.399839800259063
1.8299	10.363024927857381
1.8308	10.425801021070864
1.8314	10.416648542303037
1.8325	10.472000433703476
1.8332	10.483772773256957
1.8334	10.502432408915793
1.8335	10.49453088045797
1.8338	10.563872690141961
1.8343	10.538666526920423
1.8344	10.566600539378438
1.8353	10.509659941211163
1.8355	10.490119762233311
1.8361	10.485804866127914
1.8367	10.447264423026214
1.8369	10.394600621944663
1.8373	10.337851479003465
1.8376	10.288925313674897
1.8382	10.286103622193338
1.8384	10.269322144304185
1.8385	10.241942190289345
1.8386	10.289928397437972
1.8388	10.292136778213939
1.8389	10.367567744737594
1.8392	10.39192867339564
1.8396	10.38420292624479
1.8399	10.37025151954613
1.8402	10.37580711086704
1.8405	10.359181447249792
1.8407	10.318142596949109
1.841	10.265449847452265
1.8411	10.307746814276113
1.8413	10.337377192369887
1.8418	10.374268155620468
1.8421	10.322274203438086
1.8429	10.277649816656881
1.8434	10.287270328799663
1.8435	10.298902880647923
1.8436	10.232566195123171
1.8438	10.175006972706154
1.8439	10.135454960059656
1.8443	10.147806541808615
1.8444	10.187105479078982
1.845	10.167070680104388
1.8453	10.165217531586118
1.8454	10.20372504548837
1.8455	10.23723847829692
1.8458	10.234374104396649
1.8461	10.218852667183462
1.8466	10.2435983039997
1.8472	10.295945037431236
1.8475	10.356304514887414
1.8476	10.32482057356871
1.848	10.258556884439493
1.8482	10.282744582854196
1.8488	10.324650058859909
1.849	10.281010426347805
1.8492	10.238451969090981
1.8495	10.157092571198593
1.8497	10.174796939992314
1.85	10.225034215230908
1.8505	10.20729667183652
1.8507	10.216528330332695
1.8515	10.214038942171115
1.8518	10.241806447704908
1.852	10.253055352702473
1.8521	10.261992478737632
1.8522	10.29161606379761
1.8524	10.327136578097939
1.8526	10.366520974429262
1.8527	10.395862826925972
1.8532	10.397643714496121
1.8533	10.40963298226438
1.8537	10.407836214065274
1.8538	10.402189396487259
1.8542	10.349170984189524
1.8543	10.376932354283937
1.8544	10.362559376137192
1.8547	10.334302167735261
1.8549	10.356264343433352
1.8555	10.341749411245626
1.8558	10.32481305840046
1.856	10.390361827565775
1.8563	10.301079148918873
1.8565	10.34495526883157
1.8569	10.360968000428798
1.857	10.370749613073269
1.8572	10.407572802760997
1.8573	10.456874838213778
1.8575	10.401177536944674
1.8577	10.422497763298292
1.8581	10.42330486243641
1.8585	10.474498149514341
1.8586	10.471175603965731
1.8587	10.43253814341668
1.8588	10.42062705481553
1.8589	10.403262226565802
1.859	10.381389010676674
1.8591	10.335231369085648
1.8592	10.316512539274653
1.8593	10.2901760861127
1.8594	10.287178373381481
1.8595	10.287207983991875
1.8596	10.33372387754076
1.8598	10.408928414500922
1.86	10.429030793726634
1.8601	10.422982091799605
1.8602	10.43845448056247
1.8603	10.435210959166755
1.8605	10.37490537614166
1.8606	10.398920375021632
1.8607	10.408670883008364
1.8608	10.431452614332201
1.8609	10.4635699099582
1.861	10.437073075012401
1.8611	10.485776909124734
1.8612	10.533891064346827
1.8613	10.526804951760834
1.8614	10.498122689437677
1.8615	10.518441240711507
1.8617	10.483872131497243
1.8619	10.50820717520793
1.862	10.474452633421066
1.8621	10.504615116462839
1.8623	10.493542373171527
1.8624	10.538951104914926
1.8625	10.554508338595587
1.8626	10.558416078476276
1.8627	10.565015130082033
1.8628	10.608508800052775
1.8629	10.596397084936621
1.863	10.572124118214521
1.8631	10.491853591931678
1.8632	10.4029682458885
1.8633	10.41574728473466
1.8634	10.44021248273924
1.8635	10.421487733256546
1.8636	10.38845345625995
1.8637	10.407395039831222
1.8638	10.433820830867576
1.864	10.461210838558465
1.8641	10.463968804881839
1.8643	10.442623796612615
1.8645	10.438380589318156
1.8646	10.451617616110296
1.8647	10.480174767973168
1.8648	10.453620193824863
1.8649	10.426588280899718
1.865	10.40085051308688
1.8652	10.390051448895786
1.8654	10.383626687009592
1.8659	10.423175849689695
1.8662	10.412702526010149
1.8664	10.462492556633789
1.8665	10.484135204273903
1.8667	10.54026316076084
1.8675	10.571800172548992
1.8679	10.590437612887643
1.8684	10.595806051910529
1.8686	10.58732016807721
1.8695	10.564854348451957
1.8701	10.558793586829028
1.8704	10.490333362412029
1.8707	10.468873828152923
1.8714	10.439408212769964
1.872	10.412391352297558
1.8722	10.36070513296747
1.8728	10.367745478658428
1.8736	10.374107771579899
1.8739	10.392373524645526
1.8743	10.378066918479309
1.8747	10.393959920327209
1.8751	10.362671290702107
1.8763	10.408991898136334
1.8769	10.431420030749146
1.8771	10.436819779252042
1.8772	10.468290030039697
1.8782	10.494786368479286
1.8783	10.52555849635488
1.8794	10.531246413352992
1.8797	10.544754173739603
1.8804	10.51485175187459
1.8815	10.517005919871547
1.8822	10.480693021247587
1.8827	10.48215674758217
1.8831	10.445239567898696
1.8833	10.483476212567261
1.8834	10.416152782718264
1.8839	10.398002029940898
1.8847	10.388827334854305
1.8849	10.38243132959059
1.8863	10.356208562278065
1.8866	10.34673913160494
1.8868	10.316834422551631
1.8875	10.33239435350783
1.8881	10.33964686151448
1.8882	10.305687723191669
1.8887	10.332248038531226
1.8888	10.338393429532662
1.8895	10.367207176891773
1.8926	10.373439718321352
1.8939	10.354653453450835
1.8942	10.371998098912185
1.8958	10.433591459497267
1.8968	10.39007308630293
1.8975	10.432324231491403
1.9009	10.43014873402312
1.9011	10.459417065989292
1.9028	10.503221857095042
1.9046	10.515255788633203
1.9047	10.501501959250659
1.9066	10.580541146743048
1.9106	10.545712248014876
1.912	10.498905528287771
1.9126	10.452210184383315
1.9147	10.41967671742302
1.9157	10.401477472019666
1.9169	10.3543770901545
1.9193	10.304701622881137
1.9213	10.304750278444839
1.922	10.33359266015658
1.9236	10.359064170285066
1.9258	10.42565573683315
1.9269	10.382194628283822
1.9282	10.433157480085137
1.9306	10.44617589859481
1.933	10.426456777120029
1.9343	10.465369390975171
1.9355	10.425740143042749
1.938	10.366622205592398
1.9381	10.461209530134262
1.9431	10.448421908970905
1.9457	10.416461277067576
1.9485	10.45934393736233
1.9495	10.429287496690282
1.9512	10.524731802268876
1.9532	10.545550484405226
1.9568	10.527258637141765
1.9569	10.508503113117428
1.9596	10.568584613409598
1.9625	10.504229901465042
1.9644	10.46117208595
1.9682	10.325017131064783
1.9711	10.289610919617152
1.9721	10.250814922976307
1.9739	10.237950711914836
1.9797	10.220711537869215
1.9799	10.234656200675625
1.9805	10.282935419570963
1.9826	10.421782365548326
1.9837	10.435743123202013
1.9855	10.464029041247933
1.9877	10.470104321330707
1.9884	10.42210455860429
1.9942	10.433138563843547
1.9957	10.370841648449215
1.9972	10.26834832517865
1.9997	10.267647769274886
2.0002	10.209219974983622
2.0037	10.23725512339928
2.0061	10.217009377908282
2.009	10.239814463837074
2.0091	10.256425918844636
2.012	10.257698764163464
2.0163	10.24278951008512
2.0179	10.266310744978647
2.0205	10.234989110162505
2.0208	10.24379466874123
2.0237	10.166671617455291
2.0248	10.175014899396409
2.0294	10.203175149859637
2.0321	10.236325879553322
2.0322	10.25172366275081
2.0334	10.243076117870045
2.0349	10.265142138028352
2.0376	10.315322702451141
2.0419	10.280281890633113
2.0431	10.279946426830543
2.0456	10.273296526767597
2.046	10.250722060865648
2.0483	10.28399025753397
2.0514	10.2774269246665
2.0534	10.292243892880975
2.0543	10.289815481966555
2.0559	10.260313075642667
2.0584	10.232282620602462
2.0585	10.217187277703177
2.0608	10.194049290730348
2.0629	10.146483177567411
2.0656	10.077830114256747
2.0674	10.090336039480908
2.0678	10.058376759427166
2.0701	10.071048469379932
2.0745	10.053987397712392
2.0765	10.034022242249193
2.0786	10.091869600947216
2.0807	10.160688977458197
2.0814	10.185831805127059
2.0826	10.259981220230866
2.0848	10.347123409035452
2.0863	10.37536163762898
2.0867	10.414516937379313
2.0882	10.197265713687738
2.0883	10.207657719449214
2.0884	10.190527231753029
2.0885	10.394306723985025
2.0886	10.239199116498115
2.0887	10.20738355865524
2.0888	10.098072397095683
2.0889	10.170643730844436
2.089	10.181681946009105
2.0893	10.17016120792756
2.0896	10.116462989377588
2.0898	10.155861477363452
2.09	10.24640090716498
2.0901	10.301923647671083
2.0903	10.251059164293872
2.0908	10.181038105568973
2.091	10.203857149877892
2.0912	10.20460089159415
2.0913	10.03684751231894
2.0914	9.920810579688737
2.0916	9.901841429440545
2.0918	9.973303904399518
2.0922	10.346105369829935
2.0923	10.053432501975056
2.0924	10.015910630299567
2.0926	10.087428239410647
2.0928	10.061549360820544
2.0929	10.09397294093908
2.0933	10.141165234752352
2.0939	10.341030851926435
2.094	10.03288531832055
2.0944	10.011979515571307
2.0945	10.096871543957487
2.0946	10.322751390275151
2.0948	9.993900656674827
2.0949	10.114631575996663
2.0953	10.0957158489315
2.0956	10.248052554196162
2.0957	10.10470853326956
2.096	10.1863425095566
2.0961	10.147489039876282
2.0962	10.123592479371416
2.0965	10.046341770166604
2.0966	10.13706141088481
2.0971	10.1565739668917
2.0973	10.166439534222697
2.0974	10.201894736174983
2.0975	10.188232977484699
2.0978	10.224885796189788
2.0983	10.357597787678566
2.0984	10.31405439101649
2.0989	10.12695526943402
2.0989	10.242684649777974
2.0993	10.17352914031457
2.0995	10.16668013713928
2.0999	10.106566460222973
2.1004	10.01659345542055
2.1008	10.113573920914495
2.101	9.89835400640503
2.1015	9.887839631675572
2.1016	9.865158074294317
2.102	10.059759533014464
2.1021	9.834685680919065
2.1027	9.786669127283222
2.1033	9.943973240082363
2.1035	9.981683450741263
2.1044	9.982199666533795
2.1044	10.09214053289347
2.1049	10.010151493576041
2.1051	10.077950505399903
2.1056	9.980480804906753
2.1056	10.115194173309556
2.1068	10.200615810067754
2.1075	10.289047660467022
2.1076	10.030503705143275
2.108	10.305131983074208
2.1086	10.173511670074657
2.1088	10.053280464067834
2.1099	10.120055121927171
2.1101	10.116414055705334
2.1104	10.176506332690987
2.1111	10.161536030422077
2.1111	10.172729601965415
2.1121	10.119122320718777
2.1122	10.193598236150049
2.113	10.223885642479608
2.1133	10.143405191550947
2.1136	10.24116000136666
2.1143	10.158568195016867
2.115	10.235005659782253
2.1152	10.14064271031651
2.1157	10.148085882001364
2.1163	10.115750761997282
2.1164	10.161984495944564
2.1179	10.305720292990282
2.1181	10.06994661730527
2.1185	10.308714139216505
2.1191	10.087327989317588
2.1193	10.289690948438507
2.1199	10.110966465547001
2.1199	10.337407685887245
2.1209	10.0625917217139
2.1213	10.349322754025765
2.1214	10.058964673555458
2.1218	10.034308769404765
2.122	10.34342667846066
2.1222	10.043058308013872
2.1227	10.316727804514729
2.1228	10.035191173543812
2.1232	9.974889305626498
2.1233	9.95290805455518
2.124	10.028236791557855
2.1241	10.04879339048391
2.1241	10.179887720501322
2.1243	10.148955203811036
2.1244	10.096340955544314
2.1247	10.198559838095521
2.1248	10.103469200860847
2.125	10.209901751368573
2.1251	10.255659128631963
2.1254	10.213682196565141
2.1255	10.01962121689232
2.1258	10.195095341803095
2.126	10.129159360409824
2.1262	10.176953301801861
2.1263	10.10249775869832
2.1265	10.076822010670027
2.1269	10.063389061041995
2.1269	9.973064752080557
2.1272	10.091365143474595
2.1273	10.106241528066445
2.1275	10.100796616588006
2.1276	9.911539572481027
2.1277	10.133842815224865
2.1278	10.130478307310131
2.1279	10.185088526182517
2.128	10.156941237379405
2.1282	10.131652024421134
2.1283	10.152006055990256
2.1283	9.858301571160117
2.1285	10.113728887937043
2.1286	10.085677743787876
2.129	9.811455497031453
2.1303	9.729024492179507
2.131	9.696020406414348
2.1317	9.7871141733395
2.1331	9.81000304760099
2.1337	9.870843310201703
2.1344	9.973072612219706
2.1351	9.968077646163973
2.1365	9.995190674381236
2.1372	10.077470462138205
2.1379	9.934921884489237
2.1393	9.817968255302388
2.1399	9.737617725430951
2.1407	9.66136460798949
2.1413	9.64873369054013
2.1427	9.654969256721698
2.1434	9.610847008921521
2.144	9.642051871093074
2.1448	9.669385668392202
2.1461	9.71600946237639
2.1467	9.761544072625375
2.1479	9.812034407411401
2.1485	9.75177655562883
2.1492	9.665279580476984
2.1496	9.701743668002258
2.1508	9.74129753668456
2.1514	9.791286656700459
2.152	9.814940037140536
2.1526	9.754571626932393
2.1538	9.753100281420734
2.1545	9.745606281623884
2.155	9.738939388571769
2.1562	9.690197456424578
2.1568	9.64830827009732
2.1573	9.643811299325929
2.1584	9.710424304279684
2.1589	9.748904157199815
2.1594	9.884645095699332
2.1605	9.890706068633811
2.1609	9.97491015374965
2.1615	9.886540541212343
2.1621	9.855217525704608
2.163	9.836579071170384
2.1635	9.837132676203503
2.1639	9.792091831193947
2.1648	9.745174256966498
2.1653	9.744919513195146
2.1657	9.819314617421691
2.1661	9.80196966995396
2.167	9.815962893188932
2.1674	9.901094188312152
2.1678	9.887571068196122
2.1685	9.845237341649094
2.169	9.770232948878109
2.1694	9.649524854025856
2.1703	9.463916789367229
2.1707	9.338429110917174
2.171	9.310134295373393
2.1718	9.35730881632783
2.1721	9.465954370328273
2.1724	9.544254940634756
2.1727	9.63054664358537
2.1735	9.855517942803317
2.1738	10.007824354139174
2.1741	9.89977483405783
2.1743	9.853030443503934
2.1749	9.824049938094687
2.1751	9.786038859192866
2.1754	9.840005937306659
2.1759	9.929295638483966
2.1763	9.841760842468002
2.1765	9.946359146709257
2.1768	9.938891128554458
2.1774	9.971402613690813
2.1777	9.957363979406253
2.1783	9.880488854569025
2.1785	9.72709478407685
2.1787	9.734866734834165
2.1791	9.61093784786279
2.1793	9.563683251191234
2.1795	9.46703077884203
2.1797	9.420467090447929
2.18	9.486477680655883
2.1802	9.531821657390163
2.1804	9.49735909801082
2.1806	9.566447001458844
2.1808	9.552339277492981
2.1809	9.531601454386115
2.181	9.600093109431945
2.1811	9.53289404649458
2.1812	9.556592322045827
2.1814	9.606662766163955
2.1815	9.668279097917267
2.1817	9.801337172026194
2.1819	9.868441449797796
2.182	9.75656106109852
2.1821	9.770318757849148
2.1822	9.692287124230313
2.1823	9.619853192490673
2.1825	9.560888885083829
2.1826	9.551236062746359
2.1827	9.49457903709779
2.1828	9.506298885188482
2.1829	9.513520866050545
2.183	9.442530809157837
2.1831	9.51673593778752
2.1832	9.562713391002026
2.1834	9.451738337299254
2.1835	9.531739716661784
2.1837	9.544376615323253
2.1839	9.44453629501455
2.1841	9.48097696255041
2.1842	9.454763936005074
2.1844	9.49140761692172
2.1845	9.501322829909112
2.1847	9.440142218298368
2.1849	9.467270252577668
2.1851	9.582770200826602
2.1855	9.713209484442123
2.1856	9.78138521682632
2.1858	9.766747844019022
2.186	9.816944951134104
2.1863	9.88299573822689
2.1864	9.881374470343827
2.1866	9.941873673098376
2.1868	9.869217965840466
2.1874	9.755950106348022
2.1877	9.736541997959266
2.188	9.657084985760243
2.1886	9.703553577253897
2.1889	9.764307720075697
2.1892	9.783014657752766
2.1895	9.829418970087183
2.19	9.76899369478596
2.1904	9.75222217099385
2.1907	9.84648816499631
2.1914	9.824730574648603
2.1917	9.848822034363554
2.1922	9.715761417818083
2.1932	9.660044883087814
2.1936	9.711972347879549
2.194	9.742779763717362
2.1945	9.705351742237756
2.1955	9.673357405245593
2.1959	9.59481256813756
2.1963	9.60862229563814
2.1972	9.670985000864563
2.1977	9.817668131584556
2.1983	9.803622393182883
2.1989	9.711609900655061
2.2001	9.63481605468371
2.2006	9.657729242836185
2.2013	9.70629548250607
2.202	9.712910842104227
2.2033	9.61179625754931
2.2039	9.480599776883103
2.2045	9.554931157736224
2.2059	9.509638227074776
2.2064	9.4473445370779
2.2071	9.471925696306307
2.2078	9.44343811112311
2.2085	9.459062832141106
2.2098	9.653040934586633
2.2107	9.808122005040353
2.2114	9.986155826558713
2.2121	10.068394618896228
2.2137	10.011039834211411
2.2145	9.93071235293427
2.2153	9.932481670289786
2.217	9.866622572477203
2.2178	9.732552293220282
2.2188	9.689048528434213
2.2197	9.59471987892498
2.2214	9.565893610935838
2.2223	9.65805697522945
2.2232	9.64565930659279
2.2249	9.642534257751691
2.2258	9.634307070458934
2.2268	9.620895627726211
2.2287	9.737342734468086
2.2297	9.8525120246274
2.2306	9.793239357862811
2.2316	9.83726306657641
2.2337	9.734120557994272
2.2347	9.711979433286329
2.2357	9.68226161535411
2.2367	9.611218513141834
2.2387	9.465996823915994
2.2397	9.45325193303943
2.2407	9.276507409478254
2.2418	9.359680049199145
2.244	9.386632215183866
2.245	9.394510248819772
2.246	9.410354568635176
2.247	9.315427708135958
2.2492	9.29288137411275
2.2502	9.330442426147387
2.2513	9.317019193025985
2.2535	9.28279645546682
2.2548	9.238769961865687
2.2568	9.21029832508905
2.258	9.304545758637609
2.2591	9.315235823640187
2.2602	9.334978100847271
2.2625	9.215055154208248
2.2635	9.132279113947762
2.2648	9.166224107237555
2.2671	9.21361217543001
2.2683	9.344488771820586
2.2695	9.51337853966974
2.272	9.684964020811893
2.2733	9.808032217657514
2.2746	9.997948121729976
2.2773	9.997176028220577
2.2786	9.871957957304812
2.28	9.732914269004937
2.2828	9.578605534054425
2.2843	9.461212440011382
2.2857	9.317445808585198
2.2872	9.204510533836912
2.2903	9.160479178292523
2.2908	9.1708392973171
2.2914	9.30400036938725
2.2916	9.15242813349591
2.2918	9.193098737498907
2.2927	9.346434838364411
2.293	9.19395225310417
2.2932	9.21790777205034
2.2943	9.095811415710934
2.2957	8.98590911707889
2.3048	9.052719545124468
2.3083	8.923162039841145
2.3112	8.767967996230512
2.3149	8.783369947874691
2.3165	8.690308836272177
2.3181	8.753622633916411
2.3212	8.746895607449899
2.3228	8.835542950945394
2.3243	8.913312947129436
2.3259	9.091724844477422
2.329	9.30482955093747
2.3304	9.343523385881173
2.332	9.464301740530056
2.3349	9.485928491066156
2.3363	9.459479988882318
2.3377	9.495652192694283
2.339	9.38081172621471
2.3418	9.25481089749058
2.3431	9.222723531727802
2.3443	9.156328543106532
2.3468	9.140868469846957
2.348	9.08192767338087
2.3492	9.016275045866081
2.3504	9.099773699650992
2.3526	9.140872154146264
2.3536	9.096302485597588
2.3547	9.066555223899124
2.3568	9.079675322339378
2.3578	9.085913235258293
2.3589	8.976408115599098
2.3598	8.895539411929628
2.3618	8.851453285379547
2.3627	8.933630155671489
2.3635	9.026106214083596
2.3652	8.968966999027856
2.3659	8.851327042924833
2.3667	8.865019554392589
2.3674	8.856726613228595
2.3688	8.895752072466896
2.3694	8.7884335089403
2.37	8.614318389344401
2.3706	8.514810197174135
2.3716	8.529505682886105
2.3722	8.578664727287427
2.3726	8.595930801389784
2.3736	8.645468627636378
2.3741	8.693155212976269
2.3745	8.774492909285177
2.3752	8.967048723963812
2.3754	9.082463164835787
2.3756	9.029787191696146
2.3759	8.924585619435915
2.3763	8.834427667552438
2.3765	8.835471929772572
2.3767	8.845698417074393
2.3771	8.748471102070667
2.3774	8.759366949585225
2.3775	8.80149789592216
2.3779	8.842834711059574
2.3781	8.792735685045132
2.3782	8.79435958221317
2.3784	8.679564081744907
2.3785	8.663012321546569
2.3786	8.62647786864003
2.3787	8.637158253641799
2.3788	8.687121372887216
2.3789	8.767528111661548
2.379	8.80549939737742
2.3792	8.916246808210191
2.3794	8.866073681352743
2.3796	8.813128676907859
2.38	8.819595832462086
2.3802	8.81105437016703
2.3804	8.748371561413453
2.3807	8.737516685190611
2.3812	8.812004463901658
2.3815	8.884912285800088
2.3818	8.942426746317091
2.3826	8.900186989892763
2.3828	8.863664572563254
2.3831	8.818869340923603
2.3834	8.704011864333271
2.3842	8.620916527837155
2.3846	8.561760761491584
2.3849	8.509744725897859
2.3852	8.445049047840099
2.3863	8.428176446914687
2.3868	8.362344985282231
2.3873	8.407745623937574
2.3885	8.422938580051047
2.3891	8.457302859174705
2.3898	8.612480064179733
2.3911	8.7681877750563
2.3918	8.886899029134854
2.3926	9.063203887657805
2.3939	9.14978017698477
2.3948	9.165819298636663
2.3956	9.187303781066307
2.3972	9.064435609189303
2.3982	9.004642804193708
2.399	8.975484501271094
2.401	8.935018336458244
2.4019	8.83488120025656
2.403	8.779450623572872
2.404	8.725162790199997
2.4061	8.718956458462976
2.4074	8.67772622370279
2.4086	8.632561822386112
2.4111	8.566325166804063
2.4124	8.58499214359654
2.4136	8.51293646904953
2.415	8.49699358809658
2.4176	8.481066760912677
2.419	8.502104498568183
2.4204	8.47884318356613
2.4218	8.500122251130039
2.4248	8.551051949068862
2.4263	8.619845082853013
2.4279	8.610303896604046
2.4296	8.605714666956004
2.4329	8.605528897244088
2.4346	8.643406379286004
2.4364	8.709991353038783
2.4399	8.610750456307077
2.4418	8.617495887898029
2.4436	8.6513809738375
2.4455	8.695503497334382
2.4493	8.589948606104857
2.4513	8.43138783801177
2.4533	8.265365294954373
2.4554	8.231141019376402
2.4596	8.252428984566455
2.4618	8.23962563956513
2.4641	8.282227012150758
2.4685	8.343473053042146
2.4708	8.317267028614983
2.4731	8.289398969805168
2.4778	8.292680027910508
2.4803	8.194044401692809
2.4826	8.17308322565926
2.485	8.10011122636443
2.49	8.013298024097836
2.4925	8.068475222307061
2.4951	8.171300784991207
2.5004	8.189024546889687
2.5031	8.245710993145076
2.5058	8.235144611271977
2.5112	8.19758744592677
2.514	8.136701082336883
2.5167	7.954242590091722
2.5194	7.845583564184299
2.5252	7.81389782264551
2.5281	7.679772752781956
2.531	7.6424106442979465
2.534	7.571650869372302
2.5399	7.708030068479985
2.5429	7.8770566374058895
2.5459	7.844574493694777
2.5489	7.876715780591347
2.5551	7.987468522370898
2.5582	8.036187431026805
2.5614	8.047200110454703
2.5678	7.979039094507023
2.5709	7.9221396619004025
2.5741	7.908704971166594
2.5805	7.830002680439367
2.5838	7.725454730409618
2.5871	7.539835903480888
2.5936	7.494713660824274
2.5969	7.378088521710877
2.6003	7.249016511068481
2.6072	7.228876327186871
2.6106	7.2409606664146455
2.614	7.2313906051219465
2.6208	7.291977945815615
2.6242	7.23155757395007
2.6276	7.298433226480348
2.6311	7.505406004251638
2.6379	7.447625787634708
2.6413	7.268230210452783
2.6448	7.109173147272445
2.6483	6.951361871236925
2.6554	6.869622557557994
2.659	6.841839049109247
2.6626	6.598466181133126
2.6697	6.603083105116317
2.6732	6.5984906628398345
2.6767	6.5771737188866535
2.6838	6.67444931674517
2.687	6.687173472354809
2.6905	6.630455133640822
2.6941	6.721414339412243
2.7012	6.645859130057399
2.7049	6.73184105785197
2.7085	6.8241464674861945
2.7157	6.749921990261917
2.7194	6.782494836434518
2.7229	6.808636949684079
2.7265	6.860640592419413
2.7333	6.911635923619027
2.7368	6.8305696950242325
2.7403	6.79469029980174
2.7472	6.822454387136538
2.7508	6.768986834372663
2.7542	6.785242589319315
2.7577	6.741225831598696
2.7648	6.6616725064745825
2.7683	6.759267719143807
2.7718	6.809472252969709
2.7753	6.758116563804824
2.7823	6.6991082165360805
2.7857	6.588926834487474
2.7892	6.4725690601164505
2.7963	6.565540386606672
2.7997	6.471643976365927
2.8032	6.399514912151346
2.8066	6.453812056677583
2.8134	6.417942592283261
2.8168	6.33505955064042
2.8202	6.231498063188193
2.8269	6.171215177092963
2.8304	6.197950548370828
2.8338	6.226364876799247
2.8372	6.2174793323269455
2.8438	6.231720042986884
2.8472	6.23822060894768
2.8505	6.286889717787874
2.8539	6.278349895465638
2.8604	6.210364816580002
2.8637	6.134775298848087
2.867	6.040457200404681
2.8736	6.036045897515066
2.8769	6.073326729820867
2.88	6.062565955778206
2.8832	5.963058054626135
2.8897	5.840778295488857
2.8928	5.782519915877694
2.8959	5.73532547321086
2.8991	5.697050885827837
2.9052	5.625531520482847
2.9083	5.554113265805315
2.9114	5.54608105996215
2.9145	5.525320601342001
2.9208	5.41487072069982
2.9239	5.327334938287171
2.9272	5.162849036967179
2.9334	5.107023610722505
2.9365	5.052497902178013
2.9396	4.9666886771147745
2.9456	5.0040731152014
2.9485	5.123121432873523
2.9514	5.197215348789644
2.9544	5.3678656625618775
2.9602	5.331089803102376
2.9632	5.466341522264983
2.9661	5.525904387703527
2.9691	5.586943309252284
2.9749	5.5358982799968395
2.9778	5.524139264393163
2.9808	5.381737396584391
2.9869	5.294629672001848
2.9898	5.063524813353121
2.9927	5.013135359318152
2.9957	4.9697701307713995
