# Temperature (K)	Delta c33/c33 (1e-5)
0.3096	0.07424170025638026
0.3097	0.07075263062580327
0.3098	0.09277502180912248
0.3099	0.08487485437408222
0.31	0.10436188265851934
0.3101	0.034996146830575864
0.3102	0.013991296199160334
0.3103	0.012742950780333245
0.3104	0.008007046670843844
0.3105	0.05838307903694348
0.3106	0.0813622550760082
0.3107	0.06981372909753307
0.3108	0.10241414350811626
0.3109	0.15140824069988645
0.311	0.14521399702906443
0.3111	0.18053484942267628
0.3112	0.1356757095765809
0.3113	0.14086901812129357
0.3114	0.16010112236896484
0.3115	0.19340890702922336
0.3116	0.13793706350863305
0.3117	0.1505577993412984
0.3118	0.11879030840858447
0.3119	0.14894968999145553
0.312	0.10160465838794588
0.3121	0.053569011719934854
0.3122	0.0369378830552614
0.3124	0.00795379423519654
0.3125	-0.035291385482752756
0.3126	-0.027854139788503745
0.3127	-0.07396491707913794
0.3128	-0.09721770375139
0.3129	-0.095014636886938
0.313	-0.11479881171668899
0.3131	-0.07736670059671044
0.3132	-0.009639162338971333
0.3133	0.0013220706055347212
0.3134	0.053366976331578414
0.3135	0.09363612082114543
0.3136	0.09118726598655214
0.3138	0.07072986488479467
0.3139	0.05599897115289758
0.3141	0.029495895862505273
0.3142	0.014480568788063676
0.3143	-0.004329068582381717
0.3144	-0.010427278529322717
0.3145	0.010716183048675523
0.3146	0.018162989492981743
0.3147	0.01497997386319184
0.3148	-0.019118260288055237
0.3149	-0.03484809863113728
0.315	-0.05224735388127925
0.3151	-0.08091264357078701
0.3152	-0.12716298829661318
0.3153	-0.1231813342673946
0.3154	-0.0934161651301344
0.3155	-0.052095824355804086
0.3156	-0.01283086537672432
0.3157	0.032377546154164334
0.3158	0.07020617453388862
0.3159	0.09872190850049282
0.316	0.11274048085224879
0.3161	0.10496344190579168
0.3162	0.06511736346988664
0.3164	0.03604358897090802
0.3165	-0.017904950881764213
0.3166	-0.04947042396536382
0.3168	-0.06372257452436192
0.3169	-0.07267089170580211
0.3171	-0.11919202826159457
0.3172	-0.14023150509186902
0.3173	-0.1557654909266051
0.3175	-0.11765290226596069
0.3176	-0.06833627725033234
0.3177	-0.07361720062153469
0.3179	-0.08579655439092788
0.318	-0.05597834767066454
0.3181	-0.03878405070443415
0.3183	-0.007887999439889326
0.3184	0.009807285018296722
0.3185	-0.02066898913980874
0.3186	-0.029560070772093463
0.3189	-0.006061589477066305
0.319	-0.001401231231681861
0.3191	0.019520892128273987
0.3194	0.0015417050603808457
0.3195	-0.03225074542540337
0.3197	-0.025805123458918694
0.32	-0.015536921851269337
0.3202	-0.009663617467667958
0.3205	0.061268884306736056
0.3211	0.09507075150162751
0.3215	0.1223591039990019
0.322	0.116746547135394
0.3234	0.09304223892599174
0.3244	0.08855211918492643
0.3256	0.06230136506500055
0.329	-0.021995721931318924
0.3313	-0.09983608266570107
0.3341	-0.16466663132230785
0.3409	-0.19130939178407533
0.3449	-0.17745912247165363
0.3493	-0.16441138844573486
0.3587	-0.14695380190852925
0.3635	-0.09686375694125975
0.3683	-0.03433364044050929
0.3765	-0.0012288154259035746
0.3803	0.004507444761630681
0.384	-0.015461137796960579
0.3908	0.005800044739949339
0.394	0.0003144612699819596
0.397	-0.013734804935838507
0.4004	-0.039003105214632246
0.4068	-0.015528114262829403
0.4099	0.028459970581452745
0.4129	0.02418544059743364
0.4188	-0.022846825233006483
0.4217	-0.057543434017631054
0.4246	-0.10810447139202263
0.4303	-0.11548831351348496
0.4332	-0.14893405539749932
0.436	-0.1655270543091293
0.4418	-0.14740257085179378
0.4446	-0.10317577430355936
0.4475	-0.08482454742643196
0.4504	-0.05022078959985857
0.4563	-0.04359619324021164
0.4592	-0.014863028639845368
0.4622	-0.02156751681479578
0.468	-0.007708570879101698
0.4709	-0.023457990842695245
0.4738	0.0021548133162234114
0.4794	0.023271315713984806
0.4821	0.049793444310743375
0.4848	0.047669713549552295
0.4898	0.05348726974807513
0.4922	0.03378804424193453
0.4946	0.04871416084113776
0.499	0.014055920709808972
0.5011	-0.025994975224881863
0.5032	-0.052908211962145235
0.5052	-0.05917137251046383
0.5092	-0.04689268121812314
0.5112	-0.033237387803444984
0.5153	-0.00972035864235869
0.5174	0.007868125002458638
0.5196	0.020401097037304125
0.5241	-0.013688619598946624
0.5263	-0.08504092891721148
0.5286	-0.12013908512589835
0.5332	-0.09654625285196988
0.5354	-0.10189944345907996
0.5376	-0.0729735339532106
0.5418	-0.08906688313317353
0.5438	-0.04781883795151998
0.5457	0.012926345304655869
0.5494	0.014689094573142858
0.5513	-0.02482080196393124
0.553	-0.05977967497951274
0.5547	-0.08844877629377904
0.558	-0.06730797059333503
0.5595	-0.08738726390249484
0.561	-0.07024229601939727
0.5625	-0.06306267304813193
0.5653	-0.08126569421259301
0.5666	-0.08934593777850908
0.5679	-0.11458584068194963
0.5704	-0.15645189980551066
0.5715	-0.1726042947774976
0.5726	-0.21716119779795037
0.5747	-0.2471442769916008
0.5757	-0.25870733432789056
0.5767	-0.24050259503670454
0.5771	-0.19758117275814077
0.5772	-0.13476473958927418
0.5773	-0.09862009956943929
0.5774	-0.11406893745805563
0.5775	-0.09580723734829333
0.5776	-0.056363022910783045
0.5777	-0.07509316921114313
0.5778	-0.1057437140123806
0.5779	-0.12392553215508323
0.578	-0.12028937532511588
0.5781	-0.07760784094785993
0.5783	-0.0772175092911898
0.5784	-0.11626235123364263
0.5785	-0.09563536512453573
0.5786	-0.13768938222836907
0.5787	-0.15457351210296566
0.5788	-0.19565572718844507
0.579	-0.23724569600156023
0.5791	-0.24908565282728237
0.5792	-0.2544796058744208
0.5793	-0.27122314486116467
0.5796	-0.23623755017680106
0.5797	-0.2639057016955112
0.5799	-0.2890507282095306
0.5801	-0.3073900292594933
0.5802	-0.3118998151557049
0.5804	-0.2785051802416136
0.5805	-0.3156561415344653
0.5806	-0.29427211564957473
0.5807	-0.29305485947116583
0.5808	-0.2669156545434688
0.581	-0.2161033987499128
0.5814	-0.21252920342452944
0.5816	-0.19455766127294058
0.5817	-0.17894284793269957
0.5818	-0.157628234719605
0.5819	-0.14954047774950066
0.5822	-0.06495528511941283
0.5824	-0.04703142340722274
0.5825	-0.06576591734826978
0.5826	-0.0729932456376024
0.5827	-0.05954930606623979
0.583	-0.11334060467339002
0.5831	-0.07583761868984054
0.5833	-0.16198523374556847
0.5835	-0.17736268372100486
0.5838	-0.1601843115199101
0.5839	-0.2016588598898128
0.5842	-0.22255681444212988
0.5844	-0.22403239736794978
0.5845	-0.2300568828776227
0.5847	-0.23469250860825971
0.5851	-0.26314219224679025
0.5852	-0.2744121653945214
0.5854	-0.25430864517181917
0.5855	-0.24958500310682574
0.5856	-0.22897909705946884
0.5857	-0.27663298919823115
0.5858	-0.25902771631895644
0.5861	-0.21910436706486025
0.5862	-0.20366286875170383
0.5863	-0.20351983458493858
0.5865	-0.18007326028001486
0.5869	-0.17196640044349162
0.587	-0.1285326292810712
0.5872	-0.11222160701089519
0.5875	-0.12084371340544318
0.5876	-0.10535320338118856
0.5877	-0.09281384443874123
0.5879	-0.1270239572267914
0.588	-0.17194725884873474
0.5882	-0.18892303706913244
0.5883	-0.2220942414227049
0.5884	-0.22796884705151474
0.5888	-0.24472191764586593
0.589	-0.2993459057183892
0.5891	-0.30665838793122696
0.5892	-0.306948205713505
0.5894	-0.28691837234230816
0.5895	-0.27721598185817425
0.5897	-0.32437484834719243
0.5898	-0.34581231647472316
0.5899	-0.3131952922317875
0.5901	-0.30295974140808546
0.5905	-0.2635195987322944
0.5907	-0.2951504617489909
0.5908	-0.3162759707427197
0.5909	-0.24140723695724425
0.5911	-0.20784011291103452
0.5912	-0.18017014862391453
0.5913	-0.1404897120849443
0.5914	-0.14917260271860738
0.5915	-0.11461862043639237
0.5916	-0.0409843715741211
0.5918	-0.03734915977927766
0.5919	-0.016836239475451667
0.592	-0.03247769919424986
0.5922	-0.010249966290685671
0.5923	0.005411323859063353
0.5924	-0.002008536662903465
0.5925	-0.03792391467999809
0.5926	-0.06199941295704703
0.5927	-0.0601414281772035
0.5928	-0.04926329295622943
0.5929	-0.10390676216906629
0.593	-0.1505179096043132
0.5931	-0.17279194332685938
0.5932	-0.17876676147386208
0.5933	-0.21154932444640953
0.5942	-0.2502806370992671
0.5946	-0.26399973983742014
0.5951	-0.2791438629942569
0.596	-0.25403226807030566
0.5965	-0.2864473241798853
0.597	-0.29482785868218875
0.598	-0.27447847745792975
0.5985	-0.28123376355392427
0.599	-0.301219671351833
0.6	-0.2521678616844247
0.6005	-0.21545733657996194
0.601	-0.16767629620516838
0.602	-0.17302934648199
0.6026	-0.20651536767714215
0.6031	-0.19221605775613212
0.6042	-0.13475612275050822
0.6047	-0.11538438682573375
0.6053	-0.14749142836099197
0.6064	-0.16232897869103255
0.607	-0.11388775235305865
0.6075	-0.06781249576629272
0.6081	-0.06716841753162604
0.6092	-0.08726831406847611
0.6098	-0.11764487239296652
0.6104	-0.1385571044782307
0.6116	-0.153751934359074
0.6121	-0.21410601798765672
0.6127	-0.25494402674402616
0.6139	-0.24999438066538374
0.6145	-0.2673132365356682
0.6151	-0.2878904055377763
0.6163	-0.2934879035876054
0.6169	-0.2424833633897739
0.6175	-0.21760140032792927
0.6188	-0.17623017107817177
0.6194	-0.19354474724613285
0.6206	-0.1884670395481195
0.6212	-0.1918728689006693
0.6218	-0.18567218930241877
0.623	-0.2579876671337044
0.6237	-0.31892730107367906
0.6243	-0.3579076951789277
0.6249	-0.34980389293337993
0.6262	-0.4020059738022504
0.6268	-0.4209558880231726
0.6274	-0.4257742402744795
0.6287	-0.3837780930466933
0.6293	-0.3444279759565542
0.6299	-0.33563629491844893
0.6312	-0.38675841688755924
0.6318	-0.3691995317788965
0.6324	-0.3442891891311364
0.6331	-0.2984114819270232
0.6343	-0.283775580832636
0.635	-0.2379652586400692
0.6356	-0.2165874768133687
0.6369	-0.1587618120243161
0.6375	-0.08257516689657651
0.6382	-0.07313177316579576
0.6395	-0.08708608458927392
0.6401	-0.10246917527664039
0.6407	-0.15609185580183207
0.642	-0.22869090296665184
0.6426	-0.26146859075004136
0.6432	-0.36911171306006
0.6445	-0.4083682016831297
0.6451	-0.43145735909030186
0.6458	-0.43460351394398533
0.647	-0.4295645755798338
0.6477	-0.3785192277572936
0.6483	-0.3806970663552605
0.6489	-0.339301935762008
0.6502	-0.3337153018506221
0.6508	-0.37164796459404875
0.6514	-0.41245940942094494
0.6527	-0.4041505264829742
0.6533	-0.3865161248612259
0.6546	-0.3362111896108198
0.6552	-0.321451902946598
0.6558	-0.30385316711797433
0.6564	-0.26884002291509745
0.6577	-0.2077625620872055
0.6583	-0.18536493965742784
0.6589	-0.21715566456825872
0.6595	-0.25239509643488145
0.6607	-0.27230804123383723
0.6613	-0.2805520812344702
0.662	-0.26632938531039224
0.6632	-0.2922278893047629
0.6638	-0.3236199964070493
0.6644	-0.32801456394157963
0.6656	-0.33562656920961625
0.6662	-0.33685589259931586
0.6668	-0.34056117634895827
0.6674	-0.3643981306671189
0.6685	-0.3531429994915736
0.6691	-0.3399626319066021
0.6697	-0.29381857376333465
0.6709	-0.2778058670374471
0.6715	-0.28438825744761154
0.6721	-0.269599485064995
0.6733	-0.2738423147187279
0.6738	-0.32986080740449725
0.6744	-0.34331829481172965
0.6755	-0.3844735819757396
0.6761	-0.36347915407117765
0.6766	-0.33011326420684245
0.6778	-0.3486692730750177
0.6784	-0.3448111741771917
0.6789	-0.33670634426449214
0.6795	-0.37735578624559835
0.6806	-0.40114621786895327
0.6812	-0.413385787131239
0.6817	-0.43475250569383117
0.6829	-0.4025405029226733
0.6834	-0.3894395246449308
0.6845	-0.3494305604109028
0.6851	-0.30642264323250656
0.6857	-0.29038377665170606
0.6867	-0.36491683599888264
0.6873	-0.3829824531729622
0.6878	-0.41209804700207925
0.6883	-0.40043328312593496
0.6894	-0.4159560058287924
0.69	-0.41600422508337825
0.6905	-0.40438297309836035
0.6916	-0.3354675261904824
0.6921	-0.33737431040886157
0.6927	-0.3521018130351547
0.6937	-0.389583577091065
0.6942	-0.4200332286210662
0.6947	-0.4279106415492597
0.6957	-0.405277825866464
0.6962	-0.3808960693022113
0.6968	-0.33995567444183056
0.6978	-0.3087510380988234
0.6983	-0.2743899716998316
0.6989	-0.23072585023931058
0.6994	-0.25365445641154344
0.7004	-0.31825645854008255
0.7009	-0.40340199074538297
0.7014	-0.48200732941836544
0.7019	-0.49440482815105624
0.7029	-0.4921967284569012
0.7034	-0.5162966743455386
0.7039	-0.502133541018715
0.7049	-0.4648677981849513
0.7053	-0.4279138806956317
0.7058	-0.3293297528703955
0.7063	-0.3056826366606323
0.7073	-0.3208641156272917
0.7078	-0.27640442966471845
0.7082	-0.2035456613765194
0.7092	-0.13649906199699763
0.7097	-0.08327980586048278
0.7102	-0.11383217860026036
0.7106	-0.1369846537843214
0.7115	-0.1598396607401008
0.7121	-0.1750224389777592
0.7125	-0.21842652247710453
0.7135	-0.2626743225021682
0.7139	-0.2929721995609419
0.7144	-0.2791673505559239
0.7154	-0.26403488981802153
0.7159	-0.24388355889959432
0.7163	-0.2473638272598449
0.7173	-0.25403096202949915
0.7177	-0.2428868784968356
0.7182	-0.24249632434941465
0.7191	-0.25870204779908446
0.7196	-0.2873314086361297
0.72	-0.2932629252433635
0.7209	-0.32079823290392795
0.7214	-0.32328999382754625
0.7219	-0.3394405475912383
0.7228	-0.32196364717770737
0.7232	-0.32498861153595027
0.7237	-0.25879563327920346
0.7246	-0.23667126665086158
0.725	-0.20135609489049686
0.7254	-0.17937444435618813
0.7259	-0.1583523513630608
0.7268	-0.1536852119823277
0.7272	-0.10989418598524056
0.7277	-0.13423062852894058
0.7282	-0.09384171007921883
0.7295	-0.0812713402073797
0.73	-0.0715697995251191
0.7309	-0.07680820470191466
0.7313	-0.13952103059368226
0.7322	-0.22918026233640226
0.7326	-0.29147663034310106
0.733	-0.35209391730095646
0.7335	-0.4156622562649666
0.7344	-0.4566250232779293
0.7348	-0.4809752656151406
0.7353	-0.47367242645452323
0.7357	-0.4472499943644597
0.7366	-0.4343878350192941
0.7371	-0.46945063488523214
0.7375	-0.4581966032934913
0.7384	-0.46737146212845565
0.7389	-0.475997826175739
0.7393	-0.4617061035556097
0.7402	-0.47166437627230673
0.7406	-0.4498635151705962
0.741	-0.42378757103311687
0.7415	-0.39285678057979473
0.7423	-0.3951187714116099
0.7428	-0.3848865610612698
0.7432	-0.3843212854367374
0.7437	-0.36176707344809145
0.7446	-0.3274338296326611
0.745	-0.2838442712864353
0.7454	-0.30106009071415507
0.7463	-0.2929063932243452
0.7467	-0.3101517439658091
0.7476	-0.32755855531622463
0.7481	-0.3830891189218271
0.7485	-0.4345850747313324
0.7494	-0.4751184934429466
0.7498	-0.467785353418318
0.7503	-0.4884250130832371
0.7512	-0.47914563503480173
0.7516	-0.4797394354060064
0.7525	-0.4334600737360864
0.7529	-0.43320507882851567
0.7534	-0.4348880418280877
0.7538	-0.4543573072174215
0.7547	-0.42301051815787255
0.7551	-0.4081401940720764
0.7556	-0.39573507937243574
0.756	-0.381635515849886
0.7573	-0.3561474951713871
0.7578	-0.3568246287577605
0.7582	-0.36308705160765276
0.7592	-0.3729861941126264
0.7596	-0.37861265974544434
0.76	-0.39570361271681526
0.7609	-0.4082398806477032
0.7614	-0.4332787751670424
0.7619	-0.45599360919195137
0.7627	-0.4831305938473681
0.7632	-0.5307363518179795
0.7636	-0.5727167681571178
0.7645	-0.5656746280777203
0.765	-0.5848511709136325
0.7654	-0.6026148591247594
0.7663	-0.5809653978160939
0.7668	-0.5384694703946978
0.7673	-0.5023603405094541
0.7681	-0.4916607959340012
0.7686	-0.5150928051744601
0.769	-0.5233877096000348
0.7699	-0.5131377160220854
0.7704	-0.5381477390448278
0.7708	-0.5462746113448376
0.7717	-0.5576854381517735
0.7721	-0.5646683760101855
0.7726	-0.5935957786347541
0.7735	-0.5826417932346384
0.7739	-0.5849738243748389
0.7744	-0.5690272855363587
0.7753	-0.5708347417421632
0.7758	-0.5578615117175177
0.7763	-0.5214382419395109
0.7767	-0.4460913253455093
0.7777	-0.4580526527753935
0.7781	-0.4447564349999608
0.7786	-0.44541529591637474
0.7795	-0.43074264619892555
0.78	-0.42685525863480017
0.7804	-0.4559141324883615
0.7813	-0.5136707848180695
0.7818	-0.5307180494372392
0.7823	-0.5611034458576849
0.7827	-0.5814230864836306
0.7836	-0.5987072872679512
0.7841	-0.5836569277956971
0.7845	-0.5542733062682107
0.7855	-0.4895987068979738
0.7859	-0.47381244173924436
0.7864	-0.48693804744978697
0.7873	-0.49409542576951193
0.7878	-0.5423580077512002
0.7882	-0.6134612060043454
0.7891	-0.6899679390322526
0.7896	-0.7498370135651578
0.79	-0.7525783683359599
0.7909	-0.7125775269806749
0.7914	-0.6775736664350742
0.7919	-0.5979188357368689
0.7924	-0.50224019925159
0.7933	-0.4094126070817473
0.7938	-0.3244906061981484
0.7942	-0.29605192948233977
0.7952	-0.29552067999579396
0.7957	-0.28339980129797815
0.7962	-0.31579721462173876
0.7971	-0.3480527948355322
0.7976	-0.39593515583072303
0.7981	-0.4514059948289896
0.799	-0.5256586177360419
0.7994	-0.5782181713831974
0.7999	-0.6093896817030902
0.8004	-0.6237739851254097
0.8013	-0.6616432833402236
0.8018	-0.6581583079752683
0.8027	-0.6978817555810805
0.8032	-0.6471353183006576
0.8037	-0.6410472391675259
0.8046	-0.6585000325629979
0.8051	-0.6438817279167871
0.8055	-0.6695451360209732
0.8065	-0.6783289415064464
0.807	-0.6583416688247478
0.8074	-0.6528829060637542
0.8083	-0.6076468716071577
0.8088	-0.5840012543816103
0.8093	-0.621982848857795
0.8102	-0.6003952585799543
0.8107	-0.6000583052118296
0.8112	-0.5989951202380274
0.8121	-0.6042069613895379
0.8131	-0.6409680197281686
0.8135	-0.6405511680568143
0.8141	-0.6143988900968952
0.815	-0.6099347422688446
0.8155	-0.6045826271737634
0.816	-0.5683644825967457
0.8169	-0.5974308295413612
0.8174	-0.6128507465440538
0.8178	-0.6093982974380913
0.8188	-0.5990307054466477
0.8193	-0.5942427937385002
0.8198	-0.5717915983481784
0.8203	-0.6138189555896303
0.8212	-0.5732799684227303
0.8217	-0.5079656171637923
0.8222	-0.5245566647372918
0.8231	-0.5446548820711692
0.8236	-0.5371061431659223
0.824	-0.558728903269898
0.825	-0.5270159657984088
0.8254	-0.5335249452809295
0.8259	-0.5863351803427088
0.8269	-0.5885545638043111
0.8278	-0.5773977443711499
0.8283	-0.5591356408498365
0.8293	-0.5538639690716224
0.8298	-0.560681686817375
0.8302	-0.5117513163573713
0.8307	-0.46566133056776526
0.8317	-0.436777157931545
0.8322	-0.43478394130183234
0.8331	-0.4501586489473253
0.8336	-0.45215503285469466
0.8341	-0.46194785477274636
0.8351	-0.5358022216998467
0.8356	-0.5739433007231278
0.8361	-0.6496726208839462
0.837	-0.6869622960329308
0.8375	-0.7092164374090968
0.838	-0.7348678607989335
0.8389	-0.7491752186144102
0.8394	-0.7359343148035685
0.8399	-0.7176987874126017
0.8404	-0.6524298657261652
0.8413	-0.6357280668538995
0.8418	-0.6259002250962309
0.8422	-0.6062193505040867
0.8427	-0.6209326029060099
0.8436	-0.6261144821453652
0.8441	-0.647522176029272
0.8446	-0.6864581387938749
0.8456	-0.6797247055074851
0.8461	-0.6895858067125232
0.8466	-0.6809871079223894
0.8471	-0.675311197315136
0.848	-0.6792406307758249
0.8485	-0.6708045734929502
0.849	-0.6715630112383669
0.8499	-0.6741053275370221
0.8504	-0.6621280764974014
0.8509	-0.6876032391853428
0.8518	-0.663890599488102
0.8523	-0.6518177882976733
0.8528	-0.6345050141079953
0.8533	-0.6208024861125603
0.8542	-0.5963766871282851
0.8547	-0.578881311763092
0.8552	-0.5821104830723288
0.8562	-0.6389466403684273
0.8567	-0.6574900151479101
0.8572	-0.7069723591542543
0.8577	-0.7092018766178707
0.8586	-0.7158133644098122
0.8591	-0.7472931283934545
0.8596	-0.7745239325282965
0.8605	-0.7803656813336874
0.861	-0.7757800898503526
0.8614	-0.7515108379947943
0.8619	-0.74781654112086
0.8629	-0.7549670572709913
0.8634	-0.7286607245409752
0.8639	-0.6854341117849827
0.8648	-0.6416711667781103
0.8653	-0.6118691298075631
0.8658	-0.6309784065909646
0.8668	-0.6604085377026992
0.8672	-0.7022830261332409
0.8677	-0.7429691379562434
0.8682	-0.7614763963133983
0.8691	-0.7512755637866274
0.8696	-0.7799199891036313
0.8701	-0.7485199116561874
0.8705	-0.6877873948456633
0.8715	-0.6238140871193668
0.8719	-0.5658977114944291
0.8724	-0.5408291541104155
0.8734	-0.564029785068889
0.8739	-0.5567904523817179
0.8743	-0.5769402828854437
0.8753	-0.6395989170756651
0.8758	-0.6848258623847621
0.8763	-0.7405567735894456
0.8772	-0.7515301621383973
0.8777	-0.7437417643626547
0.8782	-0.7606708825186203
0.8792	-0.780437411284712
0.8796	-0.7956778297755482
0.8801	-0.8339477045913996
0.8811	-0.8683570402153986
0.8815	-0.9023241247562098
0.882	-0.9182965915760573
0.883	-0.9120974448026782
0.8834	-0.8853125015248969
0.8839	-0.8194365022092657
0.8848	-0.757255104889317
0.8853	-0.7068784108124058
0.8858	-0.7291634415489493
0.8867	-0.7232277067586752
0.8872	-0.7181965159443268
0.8877	-0.7035336592367547
0.8886	-0.7053289180657267
0.8891	-0.6937833364041666
0.8895	-0.6947614895468947
0.8905	-0.628974124616877
0.891	-0.630127416716842
0.8915	-0.6436591727145002
0.8924	-0.6746502823252464
0.8929	-0.7082894202350827
0.8934	-0.7117740507623163
0.8943	-0.6919120217278045
0.8948	-0.6843921522369687
0.8953	-0.6298833879370446
0.8962	-0.5724250124716308
0.8967	-0.5598126770148891
0.8972	-0.5547595277729112
0.8981	-0.6094555934843191
0.8985	-0.6756642644663922
0.899	-0.7278238756530119
0.9	-0.7899401987221054
0.9004	-0.8550449797376455
0.9009	-0.8900652559941653
0.9019	-0.8755206134315827
0.9024	-0.8478105824566255
0.9029	-0.7986881794608195
0.9033	-0.7672011416997543
0.9043	-0.7793215146112841
0.9047	-0.7839888963331516
0.9052	-0.7655244934481997
0.9061	-0.7651525151726307
0.9066	-0.7566786328880626
0.9071	-0.7484611159098342
0.908	-0.7454257328461421
0.9085	-0.7012791999004452
0.9089	-0.6655895284408803
0.9094	-0.6322993000012772
0.9104	-0.6457611259651603
0.9109	-0.6792817951751974
0.9114	-0.7136986880456854
0.9124	-0.7455262152419526
0.9128	-0.766600941664794
0.9133	-0.7827908042257081
0.9143	-0.8011108868038201
0.9148	-0.8079072644307296
0.9152	-0.8279134690679666
0.9161	-0.8595694949083776
0.9166	-0.9045071745354819
0.917	-0.954878302766116
0.9175	-0.9831887948973292
0.9184	-1.0097832769887978
0.9189	-1.0289781604773656
0.9194	-1.0072263113616566
0.9198	-0.9512638673310815
0.9207	-0.882422802588095
0.9212	-0.8386358217879885
0.9217	-0.8259012134744642
0.9221	-0.8346069704271285
0.923	-0.7942620956397591
0.9235	-0.7724620774067195
0.924	-0.7954278624076994
0.925	-0.8460682644821191
0.9254	-0.8586958628019881
0.9259	-0.8885879279421488
0.9268	-0.9002640447132598
0.9273	-0.9482882835377054
0.9278	-0.9612305370284232
0.9283	-0.9518840888156008
0.9292	-0.9193668729905564
0.9297	-0.9109090105641588
0.9302	-0.8828162077842441
0.9311	-0.8512218890253905
0.9316	-0.8582627606053409
0.932	-0.8874866939881909
0.933	-0.9194770423960621
0.9335	-0.914530030479073
0.934	-0.910488922105757
0.9349	-0.9163153516363093
0.9354	-0.9276199526442022
0.9358	-0.9053775569803568
0.9363	-0.9100044840135926
0.9373	-0.9283580665843592
0.9377	-0.9401155942775213
0.9381	-0.9411140776179744
0.9391	-0.9561718586908051
0.9395	-0.9672302397713025
0.9399	-0.9915796463943258
0.9409	-0.9904794298681765
0.9413	-0.9658326886108459
0.9418	-0.9962770521307117
0.9428	-1.0376428339508703
0.9438	-1.0508470742446234
0.9443	-1.0801848548079658
0.9452	-1.0960701734746292
0.9457	-1.1283210150068987
0.9462	-1.1528614730641995
0.9475	-1.1440412257729962
0.948	-1.14999030886544
0.9485	-1.1882505745282286
0.9493	-1.2211210122414142
0.9497	-1.2246602778628335
0.9501	-1.2000265217207862
0.9509	-1.1817165927262039
0.9513	-1.1711508455877353
0.9517	-1.143654197554984
0.9527	-1.0736588120781085
0.9532	-0.9998641441544065
0.9537	-0.9918870172667125
0.9542	-0.9830782761164525
0.9551	-0.9962693942019254
0.9556	-1.030613632776125
0.9561	-1.0715116566722784
0.9571	-1.0982707969175067
0.9575	-1.131769712829336
0.958	-1.1287413263324249
0.959	-1.1363324521996798
0.9595	-1.1300326321209873
0.9599	-1.1049203445600535
0.9609	-1.0619683131234399
0.9613	-1.0427532726257867
0.9618	-1.0267082122542646
0.9623	-1.010389561407691
0.9632	-0.9931465926902197
0.9637	-0.9820091960706268
0.9642	-0.984941044181281
0.965	-1.0030637310184631
0.9655	-1.0079796903964833
0.966	-1.025554479628695
0.9669	-1.063914124492514
0.9674	-1.1195726420971484
0.9679	-1.1371552642362466
0.9689	-1.1520904223131558
0.9693	-1.128163131798767
0.9698	-1.1370130045358973
0.9708	-1.1161291986662758
0.9713	-1.044974430949696
0.9718	-0.9769005045322354
0.9728	-0.9706250957385466
0.9733	-0.9373905227376337
0.9738	-0.9668207812455428
0.9747	-0.9455911560964215
0.9752	-0.9180065788085671
0.9757	-0.9337109940535976
0.9766	-0.9513936718082311
0.9771	-0.9445763741606331
0.9775	-0.9399868008619124
0.978	-0.9372711003405817
0.9789	-0.9564422428764378
0.9794	-0.997639212096419
0.9799	-1.0325793003916084
0.9803	-1.0488932999373906
0.9813	-1.072557769297443
0.9818	-1.0875575850266315
0.9822	-1.0763863972795285
0.9827	-1.083681217891805
0.9836	-1.0680971266345454
0.9841	-1.0450967850906394
0.9846	-1.0363866549318377
0.9856	-1.0367984781227202
0.9861	-1.050184191530985
0.9871	-1.0369327266979107
0.9876	-1.0524324839888162
0.9881	-1.050124914922252
0.989	-1.0533777786433915
0.9895	-1.0727351585984837
0.9899	-1.0649820486641897
0.9908	-1.06564772520121
0.9913	-1.0774741974013085
0.9917	-1.075072634721331
0.9927	-1.0986622675767688
0.9932	-1.1313896713361138
0.9936	-1.1120699348743912
0.9941	-1.0883135924681455
0.9951	-1.0785693602588136
0.9956	-1.09453558836962
0.996	-1.1073688195756481
0.9969	-1.119633180948077
0.9974	-1.1049704039981774
0.9979	-1.1537203939682061
0.9988	-1.215366548600118
0.9993	-1.2089932063004876
0.9998	-1.1962951619655258
1.0002	-1.1706529786260402
1.0012	-1.1212191851095121
1.0017	-1.1167753107621698
1.0021	-1.0650419536910243
1.0031	-1.0183550140960977
1.0036	-1.0387006570310362
1.0041	-1.0399422398505778
1.0051	-1.013588813239132
1.0056	-1.0156429228847161
1.0061	-1.0080559184626787
1.007	-1.0099214750696908
1.0074	-1.0156614510048505
1.0079	-1.034860273156994
1.0088	-1.0502860132857084
1.0093	-1.092811455295153
1.0097	-1.135061894267898
1.0102	-1.153921141858194
1.0111	-1.1611370585040865
1.0115	-1.1651141269234948
1.0124	-1.1242770091717922
1.0129	-1.1024724722898984
1.0134	-1.1054655415298844
1.0144	-1.11789190466443
1.0148	-1.1669578247186607
1.0153	-1.2210088666459937
1.0163	-1.2301713896394286
1.0168	-1.2779797083967372
1.0173	-1.3281396388034408
1.0183	-1.3550850835594137
1.0188	-1.332037712979473
1.0192	-1.2926551454439685
1.0202	-1.2799973612235074
1.0206	-1.3019614666768031
1.0211	-1.3274771484422105
1.0221	-1.3338119265744495
1.0225	-1.327997652266565
1.023	-1.3479678700775908
1.0239	-1.3571591275617179
1.0244	-1.352888480406645
1.0249	-1.3583714474444932
1.0253	-1.3504979123143794
1.0262	-1.3340448308741895
1.0267	-1.318049711862222
1.0272	-1.3043063664772767
1.0281	-1.3118093966054019
1.0286	-1.3052279418463197
1.0291	-1.28539407538262
1.0302	-1.2734667450718935
1.0306	-1.2692774550525068
1.0311	-1.3016736722458084
1.032	-1.328884700304874
1.0325	-1.3556434488317357
1.0329	-1.3629298419194362
1.0338	-1.378292496630705
1.0343	-1.339049807884816
1.0348	-1.339188690458276
1.0353	-1.3092686839247694
1.0363	-1.297698415846713
1.0367	-1.276604656174763
1.0372	-1.2922545543260648
1.0381	-1.2849802228854943
1.0386	-1.332259032364018
1.039	-1.3434782313116236
1.04	-1.373016315245322
1.0404	-1.4045288401847895
1.0409	-1.4001534590117306
1.0418	-1.3865940697891912
1.0423	-1.3941270633669942
1.0428	-1.4374577177925527
1.0438	-1.4742357755302693
1.0442	-1.476092177166787
1.0447	-1.4693228322984797
1.0456	-1.4703507080788407
1.0466	-1.5010772829586485
1.047	-1.5391791489518039
1.048	-1.528388628109488
1.0485	-1.4950143987902387
1.0489	-1.4981520699574205
1.0499	-1.495134522728342
1.0504	-1.47815199783366
1.0508	-1.4357491707281722
1.0514	-1.4182635083489874
1.0523	-1.3765484652919764
1.0528	-1.383915979929903
1.0533	-1.3644388988679468
1.0538	-1.350505867784318
1.0547	-1.3896380265743222
1.0551	-1.4198068809409423
1.0556	-1.4199722250227094
1.0565	-1.4334232569804708
1.057	-1.418503461977383
1.0575	-1.4110146617668244
1.058	-1.414281709510906
1.0589	-1.3904295204326111
1.0593	-1.3722111068860943
1.0598	-1.365289573144862
1.0607	-1.3623643300386108
1.0612	-1.40064557781281
1.0617	-1.4532595189209438
1.0626	-1.4919594614449339
1.0631	-1.5225588470340943
1.0636	-1.5668135339128104
1.0646	-1.598393286841438
1.065	-1.667908395227504
1.0655	-1.6844077845958338
1.0664	-1.6614001856094878
1.0668	-1.633051203135151
1.0673	-1.6126344845515472
1.0682	-1.5773696280877127
1.0687	-1.5864116757700093
1.0697	-1.5859305955189642
1.0702	-1.5802464634042455
1.0707	-1.5924471336962513
1.0716	-1.643801188736554
1.0721	-1.6686493385714607
1.0726	-1.6912307099450412
1.073	-1.6277328080605151
1.0739	-1.554578780042806
1.0744	-1.5235081424787646
1.0748	-1.5072349533968885
1.0758	-1.4616384718976576
1.0762	-1.4549719966172603
1.0767	-1.4499767892353408
1.0776	-1.4804871612338313
1.0781	-1.505564492432543
1.0786	-1.508611588882405
1.0795	-1.5447006479023324
1.08	-1.5726279574373088
1.0805	-1.5875532947045639
1.0814	-1.5803493999215044
1.0819	-1.561196225433519
1.0823	-1.5529117286150151
1.0832	-1.555351877830181
1.0837	-1.5276755054544267
1.0842	-1.5460069975325015
1.0852	-1.5692424511671412
1.0857	-1.6008674420942104
1.0862	-1.648263726729085
1.0867	-1.6633151158170207
1.0877	-1.678768186834143
1.0881	-1.6938403756014309
1.0886	-1.643960058609156
1.0895	-1.6075192563975869
1.0899	-1.6184856378550976
1.0904	-1.6268321049504528
1.0908	-1.6131900735637696
1.0918	-1.6558888808697125
1.0922	-1.665688469779289
1.0927	-1.688355749444362
1.0936	-1.712480904654844
1.0941	-1.6933963926599482
1.0946	-1.6682681784158897
1.0956	-1.677344070342706
1.0961	-1.6500760521879128
1.0965	-1.6333463133182424
1.097	-1.626807119536566
1.098	-1.608897682754771
1.0985	-1.5874372291841004
1.099	-1.5911281922162848
1.0998	-1.5851524398545802
1.1003	-1.5709249399160585
1.1008	-1.5876743028706628
1.1017	-1.603939413704424
1.1022	-1.618322960047526
1.1026	-1.6657407415000083
1.1031	-1.6799457384728311
1.1041	-1.7036922993022572
1.1046	-1.6904082564998613
1.105	-1.6596355179907978
1.106	-1.6445844524065611
1.1065	-1.633167250797033
1.1069	-1.6415007599080373
1.1079	-1.6820582238640711
1.1084	-1.7275669977720254
1.1088	-1.7969734420969596
1.1098	-1.8605509943794194
1.1102	-1.8753704387656536
1.1106	-1.8738986688620354
1.1115	-1.830492412609669
1.112	-1.7835689953711376
1.1125	-1.7588039753716491
1.1134	-1.757598906286641
1.1139	-1.7445206295583402
1.1143	-1.7599381515428338
1.1148	-1.770591484370791
1.1157	-1.78812922719773
1.1162	-1.7975382366590458
1.1167	-1.7513259031459354
1.1177	-1.7089363950724612
1.1182	-1.6253039534126026
1.1187	-1.5802610312407164
1.1196	-1.5750817901828127
1.1201	-1.5702766997600852
1.1206	-1.5712298865538412
1.1215	-1.6387396122206117
1.122	-1.6585839355470555
1.1224	-1.7630496009325134
1.1232	-1.8255401832156224
1.1237	-1.845936321567374
1.1242	-1.8319728502906831
1.1251	-1.8236663770679513
1.1261	-1.8048238810297974
1.1266	-1.7819633138612365
1.1271	-1.755400825707333
1.128	-1.7257743141231774
1.1285	-1.7332944589136807
1.1289	-1.733648880189007
1.1299	-1.7202348787588484
1.1304	-1.678670999396259
1.1308	-1.6885232453615968
1.1313	-1.6965288798686589
1.1323	-1.7094339522553785
1.1327	-1.7009147597286203
1.1332	-1.727018372499408
1.1337	-1.7482476794466595
1.1346	-1.7708312838410645
1.1357	-1.8265199691427776
1.1361	-1.8300951760937163
1.1366	-1.842884774712884
1.1375	-1.8680607865414833
1.138	-1.8824491496696887
1.1384	-1.9123261356391992
1.1394	-1.9586207613555202
1.1399	-1.97397446968854
1.1403	-1.9960243883591315
1.1408	-2.037165228599871
1.1418	-2.0436192750962676
1.1423	-2.066326250589451
1.1428	-2.057200206829588
1.1437	-2.043451074949315
1.1442	-2.000206856046942
1.1446	-1.9842439837270722
1.1455	-1.922114288396626
1.146	-1.9052111325217826
1.1464	-1.8875340791528596
1.1469	-1.890790132067799
1.1478	-1.9249851954319914
1.1483	-1.960301330229216
1.1488	-1.9860739560949823
1.1498	-2.0332376589812546
1.1502	-2.0404086127408685
1.1507	-2.0273768753189425
1.1516	-2.0635640839758365
1.1521	-2.059285068869454
1.1525	-2.0357107543734694
1.153	-2.012094772093864
1.1539	-1.976072975260246
1.1544	-1.9561712576773786
1.1549	-1.9463206059803588
1.1559	-1.9012246891764892
1.1564	-1.8806626199365977
1.1569	-1.9086065551725635
1.1578	-1.9478595095795415
1.1583	-1.9930426811399935
1.1587	-2.0380619936485975
1.1592	-2.0858943039954494
1.1601	-2.135547869983442
1.1606	-2.1482280189961016
1.161	-2.144150629480694
1.1615	-2.128784311992263
1.1625	-2.1144165270772737
1.1629	-2.105999104629722
1.1634	-2.0707439517862847
1.1644	-2.038340731256568
1.1648	-1.978798442422768
1.1653	-1.937512293169488
1.1658	-1.9044106316591993
1.1667	-1.8927917384082569
1.1672	-1.8717350554573156
1.1677	-1.8976405682550215
1.1686	-1.9132341193070401
1.1691	-1.935730056874336
1.1696	-1.9202721614437261
1.1705	-1.9309402217519054
1.1709	-1.9030321268823784
1.1714	-1.897754387782634
1.1723	-1.9086524925340551
1.1728	-1.9273276253267244
1.1732	-1.9817116394037861
1.1737	-2.0191319795619806
1.1746	-2.0229096160569915
1.1751	-2.0539334836432364
1.1756	-2.1081152077925083
1.176	-2.0955954177557237
1.177	-2.0663976261873804
1.1775	-2.0453498728710504
1.1779	-2.0619512316125035
1.1788	-2.075334122688414
1.1793	-2.0894777452502646
1.1799	-2.0640664888351314
1.1808	-2.061499033931145
1.1813	-2.07626525634634
1.1818	-2.076982295124321
1.1828	-2.0635579699022415
1.1833	-2.0197607005114646
1.1837	-2.028916030944922
1.1847	-2.0349655749366873
1.1851	-2.0634080046319303
1.1856	-2.055593862582486
1.1861	-2.0244042646031417
1.187	-2.0304706940737356
1.1874	-2.0986488229166538
1.1879	-2.1289716618193832
1.1888	-2.1200148597009436
1.1893	-2.0911395238676307
1.1897	-2.0900430765301685
1.1907	-2.118006267122819
1.1911	-2.1222274889855477
1.1916	-2.1091629806705168
1.1926	-2.0775037094568893
1.1931	-2.0634803703241635
1.1941	-2.0713626089072283
1.1946	-2.084185618662494
1.1951	-2.0705288926404952
1.1959	-2.0785808668856927
1.1964	-2.0741738586374563
1.1969	-2.100155119520645
1.1978	-2.1482273653891957
1.1982	-2.1557317837495087
1.1987	-2.1709504350044826
1.1997	-2.221082289210732
1.2002	-2.212201223228405
1.2007	-2.202997453188926
1.2017	-2.197184212356542
1.2021	-2.207988216660514
1.2026	-2.23255514663541
1.2035	-2.240286906145498
1.204	-2.230903532520444
1.2045	-2.297528160201946
1.2054	-2.390993913014298
1.2059	-2.4112045014512944
1.2063	-2.412525037934557
1.2068	-2.420082844397762
1.2077	-2.4355947544897663
1.2082	-2.4285000174577
1.2086	-2.3991860099701774
1.2095	-2.315796401807701
1.21	-2.3003593703823317
1.2105	-2.3154160467820017
1.211	-2.3073741831188928
1.2119	-2.303358530544764
1.2124	-2.3410166812770687
1.2128	-2.350305216238167
1.2138	-2.3936948961473337
1.2143	-2.4173727485241048
1.2147	-2.4204087157759075
1.2152	-2.4229645429626774
1.2161	-2.391408601364351
1.2166	-2.3783188265278303
1.217	-2.379662535999572
1.2175	-2.3652645012800115
1.2185	-2.308049835757914
1.2189	-2.2813989235942915
1.2194	-2.2698815121259988
1.2199	-2.2949192237534706
1.2208	-2.296647628385859
1.2213	-2.2676352403074724
1.2218	-2.232716518463463
1.2223	-2.2841676333993655
1.2232	-2.2970396815245975
1.2237	-2.3093907937096114
1.2241	-2.2942081921844064
1.2251	-2.298977037779682
1.2255	-2.3191657546161655
1.226	-2.36930089682988
1.227	-2.3862006013222894
1.2275	-2.3939098009785655
1.2279	-2.426795033872928
1.2288	-2.445679461268352
1.2293	-2.4367494428779257
1.2298	-2.427790784082992
1.2303	-2.4055002691538223
1.2312	-2.3595495917742895
1.2317	-2.3504940615719576
1.2322	-2.367770469427637
1.2331	-2.4034796467657857
1.2336	-2.4190441429589633
1.234	-2.4268483651758928
1.2345	-2.4972303201857065
1.2354	-2.5599691005201133
1.2358	-2.5991961867782605
1.2363	-2.612595176867762
1.2373	-2.61301906543152
1.2377	-2.621298207077952
1.2382	-2.6422636003225435
1.2392	-2.6057623105694985
1.2397	-2.5964427515350597
1.2401	-2.5814085971879166
1.241	-2.5283615895013263
1.2415	-2.490447883958698
1.242	-2.4603032360312125
1.2424	-2.435905922856609
1.2434	-2.4268129018810427
1.2439	-2.382373006795916
1.2444	-2.347553962425672
1.2448	-2.3522414423718088
1.2458	-2.3806967971693354
1.2462	-2.391704245146475
1.2467	-2.3999192956512863
1.2476	-2.438413612726404
1.2481	-2.49725920467909
1.2486	-2.5282286582407343
1.249	-2.562515449126091
1.2501	-2.5522099416444615
1.2506	-2.5614493486981633
1.2511	-2.581194772636449
1.2515	-2.5337815899599896
1.2525	-2.522541746058346
1.253	-2.548508297995147
1.2534	-2.568333868927931
1.2539	-2.5843072963606484
1.2548	-2.609882725729188
1.2553	-2.613790113405377
1.2558	-2.6456157949117673
1.2563	-2.642345271959854
1.2572	-2.625406483778976
1.2577	-2.614973582344767
1.2581	-2.6180130099131027
1.2591	-2.6365551273296526
1.2595	-2.6211456559226627
1.26	-2.6092087992323627
1.2604	-2.6178476872919836
1.2613	-2.6529507265282692
1.2617	-2.6716957091697355
1.2622	-2.703476438628833
1.2627	-2.703304786225951
1.2637	-2.7583265214026507
1.2642	-2.7845138668976155
1.2646	-2.8164060082107114
1.2656	-2.822876178819595
1.2666	-2.7937676043859487
1.267	-2.786911042376394
1.2675	-2.7660504479366796
1.2685	-2.7334242139523104
1.2689	-2.7274231107340605
1.2694	-2.704724807652587
1.2703	-2.6419378244636746
1.2708	-2.623700269710458
1.2712	-2.586299230347799
1.2722	-2.594598363741352
1.2727	-2.6132182312097356
1.2731	-2.6222496919811946
1.2741	-2.657681212177398
1.2746	-2.6926507531138926
1.275	-2.726536318169432
1.276	-2.729192696050535
1.2765	-2.7085194433542785
1.277	-2.716013334566812
1.2779	-2.702808967760599
1.2783	-2.6723644191653717
1.2788	-2.6714168928068314
1.2797	-2.6411532873236103
1.2801	-2.663734762276117
1.2806	-2.6893384957977258
1.2816	-2.6623446567275146
1.2821	-2.6575365609301924
1.2826	-2.684329422115325
1.2835	-2.693121612333587
1.284	-2.746858141782335
1.2845	-2.7773792606397216
1.2854	-2.770195921013024
1.2859	-2.8220771355866514
1.2863	-2.8913332147122013
1.2872	-2.9069876176069815
1.2877	-2.92899548495472
1.2881	-2.9304607334492307
1.2891	-2.947304972381445
1.2896	-2.9886123866233043
1.2901	-2.999360547947086
1.291	-2.990486976267507
1.2916	-2.9824012685751478
1.2921	-2.976687729264678
1.293	-2.9953277199793846
1.2935	-3.021503026456873
1.2939	-3.0287314495083866
1.2948	-2.9935978697942907
1.2952	-2.960497371804076
1.2957	-2.9427875455478967
1.2966	-2.9409719111459696
1.2971	-2.9067510965836045
1.2976	-2.871365248029762
1.2981	-2.847693171422363
1.299	-2.838230213570798
1.2995	-2.8371912645559076
1.3	-2.8201538966163633
1.3004	-2.836884553143861
1.3013	-2.8605422994746865
1.3018	-2.885287327416785
1.3023	-2.9094333379505395
1.3033	-2.9220410104941763
1.3037	-2.9328684169885273
1.3042	-2.9628064482127523
1.3047	-2.9553325719791537
1.3057	-2.9441048661420965
1.3062	-2.9344382458079195
1.3066	-2.914089236003598
1.3076	-2.907587269576603
1.3084	-2.9056297266392077
1.3089	-2.9007909045758846
1.3093	-2.9172527285482817
1.3102	-2.954142871424341
1.3107	-2.9750000653909234
1.3111	-3.0001010901195357
1.3121	-3.0511028000136617
1.3126	-3.06235720119063
1.3131	-3.0300957292672432
1.3141	-3.0232390262424387
1.3145	-3.0014619102551796
1.315	-2.995055818624927
1.316	-3.0251622888851104
1.3164	-3.039532389010499
1.3169	-3.0532186102630607
1.3174	-3.1060376800833263
1.3184	-3.117622809423925
1.3188	-3.1288237547932565
1.3193	-3.13394638773609
1.3202	-3.1082562275740337
1.3206	-3.075414673652288
1.3211	-3.0756945837402534
1.322	-3.056485889759346
1.3225	-3.0296429313030653
1.3229	-3.0316391993980156
1.3239	-3.009456100507806
1.3244	-2.9969816367186133
1.3249	-2.9877091124798754
1.3258	-2.994647910708034
1.3263	-2.99374681572141
1.3267	-3.0146801859198082
1.3271	-3.0309404810003913
1.3281	-3.032719499061233
1.3285	-3.068330630100425
1.329	-3.0730366448544517
1.3295	-3.0869080184198405
1.3305	-3.1162057422449987
1.331	-3.1323476532258114
1.3315	-3.1357332950383245
1.3324	-3.1573882208076203
1.3329	-3.132748697480264
1.3334	-3.149870600972696
1.3343	-3.155035383495759
1.3348	-3.1527260917864637
1.3353	-3.165218952140186
1.3362	-3.1317314605645064
1.3367	-3.140092240230199
1.3371	-3.1491533244050167
1.3381	-3.1625592512150362
1.3385	-3.1686720629970146
1.339	-3.179462051944056
1.34	-3.1837320876163524
1.3405	-3.218634358165595
1.341	-3.197734100926175
1.3419	-3.195390947537298
1.3424	-3.184801083242325
1.3428	-3.156401109721843
1.3437	-3.1352912106106783
1.3442	-3.132482052396572
1.3447	-3.1123378211239574
1.3457	-3.1302117914729983
1.3461	-3.1368625202025937
1.3471	-3.1260925852851447
1.3475	-3.1350399460681726
1.348	-3.204658659943159
1.3489	-3.206692301417624
1.3494	-3.2204751867045767
1.3499	-3.198161913159111
1.3508	-3.2031866290719537
1.3513	-3.2146517641054784
1.3517	-3.2254991791535716
1.3521	-3.1965739541849754
1.3532	-3.1993135648197537
1.3536	-3.207539677986785
1.3541	-3.2565933339394633
1.3546	-3.2867746519762586
1.3557	-3.330529645543395
1.3562	-3.3464638480420237
1.3566	-3.3493478512826598
1.3576	-3.3690324021881657
1.358	-3.3999161680989864
1.3585	-3.40720153054539
1.3589	-3.4266375623792045
1.3598	-3.435892066221978
1.3603	-3.4796189795572743
1.3607	-3.5137147143603915
1.3612	-3.524282612239005
1.3622	-3.519910462623589
1.3626	-3.5252603603467807
1.3631	-3.5236470020848136
1.3641	-3.5006414341325263
1.3645	-3.462722317628784
1.3649	-3.4690030326708823
1.3658	-3.4682106762162275
1.3663	-3.46919139383827
1.3668	-3.4788392000957864
1.3677	-3.480745242171645
1.3682	-3.5100095375533575
1.3687	-3.548316424405917
1.3692	-3.55760543363915
1.3701	-3.5866760954219252
1.3705	-3.652015891062792
1.371	-3.647391778529138
1.3715	-3.652865931925044
1.3725	-3.6700319722390553
1.3729	-3.693727455293424
1.3734	-3.6623828775630973
1.3743	-3.628318934772604
1.3748	-3.56463913791858
1.3753	-3.5476898861890236
1.3763	-3.540062974176609
1.3768	-3.5194021971614804
1.3772	-3.4578925915614906
1.3777	-3.456082714050633
1.3787	-3.4443246534816443
1.3791	-3.455511031726287
1.3796	-3.4614517549842043
1.3805	-3.4508521412130793
1.381	-3.4499059194222776
1.3814	-3.4990277609096547
1.3823	-3.5305894978895913
1.3828	-3.5899926899398458
1.3832	-3.580941906988271
1.3842	-3.586981617991718
1.3848	-3.596981460043401
1.3852	-3.619094276085047
1.3862	-3.603089969015114
1.3867	-3.601028442193393
1.3872	-3.567606873916056
1.3876	-3.5581102471311996
1.3885	-3.5292823150881545
1.3889	-3.558866390414801
1.3894	-3.5575250946476387
1.3903	-3.565288074624191
1.3907	-3.5851276957235854
1.3912	-3.5984238355438873
1.3922	-3.6158388821202836
1.3927	-3.663681129352503
1.3932	-3.6635516123381273
1.3937	-3.671260279463638
1.3947	-3.688275965613461
1.3951	-3.6896589567484663
1.3956	-3.720942554260448
1.396	-3.762820984863982
1.3969	-3.7933420446312107
1.3974	-3.7871933057463965
1.3979	-3.787457159524459
1.3983	-3.793944081915571
1.3993	-3.7901893877532413
1.3998	-3.761720345135914
1.4003	-3.7581406568221376
1.4008	-3.742861541246361
1.4017	-3.7615562489036765
1.4021	-3.758699837867454
1.4026	-3.7453607221394485
1.4036	-3.736677120476918
1.404	-3.7615315271181453
1.4045	-3.7618549168663598
1.405	-3.7595838501959227
1.4059	-3.730534008913233
1.4064	-3.709823047642048
1.4069	-3.7315396627823905
1.4074	-3.7559805285467283
1.4083	-3.751799270527543
1.4088	-3.774424880734603
1.4097	-3.8317955569563966
1.4101	-3.9079104871343153
1.4111	-3.981894125845758
1.4116	-4.004121679633147
1.412	-4.002522003954817
1.413	-4.020468809634185
1.4135	-3.985348960953636
1.4139	-3.9510885652746617
1.4148	-3.9320606398159295
1.4154	-3.954078687626019
1.4159	-3.969325573902209
1.4168	-3.969178619855064
1.4172	-3.9464286162973248
1.4177	-3.9621452044738548
1.4186	-3.9963910357574544
1.419	-4.011439358386969
1.4195	-4.00016987858886
1.42	-3.9999544140489496
1.4209	-4.034762566338133
1.4214	-4.070423320775424
1.4218	-4.096447597835443
1.4227	-4.081952489128418
1.4232	-4.073138242795806
1.4236	-4.0768192341912295
1.4245	-4.089097861177472
1.425	-4.06418497744621
1.4255	-4.068335554041575
1.4264	-4.093992715816102
1.4268	-4.1239133341358745
1.4273	-4.153343733112354
1.4283	-4.141338910814805
1.4287	-4.104498457053571
1.4291	-4.111272469013221
1.4299	-4.125115751806514
1.4303	-4.132989684343005
1.4307	-4.129174197342154
1.4315	-4.116839500119064
1.432	-4.1328472015416535
1.4325	-4.1592581596217135
1.433	-4.173829422860576
1.4339	-4.181755981763872
1.4344	-4.16650250912696
1.4349	-4.1508451605285535
1.4359	-4.124670805718654
1.4363	-4.0948389868925315
1.4367	-4.098642728686937
1.4377	-4.1069260030504795
1.4381	-4.1136516103939496
1.4386	-4.153274183739794
1.4391	-4.173561177720835
1.44	-4.201508555148594
1.4405	-4.256451641285682
1.441	-4.278706398279573
1.4419	-4.286696688708928
1.4429	-4.269400293291518
1.4439	-4.225903638428729
1.4444	-4.229502998638662
1.4449	-4.241220427861843
1.4458	-4.217407259061455
1.4463	-4.22518154437637
1.4468	-4.212801986110423
1.4473	-4.218486680865776
1.4482	-4.2331363790908725
1.4487	-4.238030409649262
1.4492	-4.277412753125182
1.4501	-4.32106438827704
1.4505	-4.339747122011955
1.451	-4.400014150518147
1.452	-4.433634972574587
1.4524	-4.460333096225284
1.4529	-4.469382344155345
1.4539	-4.440249288790552
1.4543	-4.389210616037834
1.4548	-4.3449068988102395
1.4557	-4.29450427048457
1.4562	-4.286345803297874
1.4567	-4.284606366997371
1.4572	-4.303557202055572
1.4581	-4.323409381508876
1.4586	-4.373135219885067
1.4591	-4.429884184034709
1.4595	-4.480987912233823
1.4605	-4.510626941908289
1.461	-4.516318202903406
1.4614	-4.516589191189977
1.4619	-4.523324502159446
1.4628	-4.51229172808501
1.4633	-4.493537011596309
1.4638	-4.477968725279956
1.4647	-4.462343657884756
1.4652	-4.471104046021143
1.4657	-4.4712712700813375
1.4667	-4.461243376768439
1.4672	-4.451056441518382
1.4676	-4.448804764360956
1.4681	-4.433961800111843
1.4689	-4.435847673060915
1.4694	-4.402526162540498
1.4698	-4.39788630985099
1.4708	-4.4247164589556505
1.4713	-4.452360999157677
1.4718	-4.449147642985209
1.4727	-4.4787013627818615
1.4732	-4.487127881681973
1.4737	-4.490632114633603
1.4746	-4.468917080152822
1.4751	-4.417177105512163
1.4755	-4.346952864481973
1.4765	-4.330129886696992
1.4769	-4.281078231897773
1.4774	-4.250520099698763
1.4783	-4.234574828927844
1.4788	-4.244381973482729
1.4793	-4.240834428069347
1.4803	-4.272031430167155
1.4808	-4.254245784444299
1.4813	-4.264571322895742
1.4823	-4.265748036311785
1.4828	-4.235732637261129
1.4832	-4.2003310066287405
1.4842	-4.2001929331766155
1.4846	-4.158802880341069
1.4851	-4.135095866085756
1.4855	-4.1103562495399135
1.4865	-4.103927315103568
1.487	-4.119535329433656
1.4874	-4.144177862541384
1.4885	-4.146292847428659
1.4889	-4.164521178108709
1.4894	-4.170396498992931
1.4903	-4.171449091165134
1.4907	-4.152131971127702
1.4911	-4.134633385313377
1.492	-4.087374881421778
1.4925	-4.030200188791195
1.493	-3.9841322055559583
1.494	-3.9773762244375646
1.4945	-3.930286623253807
1.495	-3.852453809340327
1.4959	-3.7859086631820476
1.4964	-3.7069740029496208
1.4969	-3.6292981217918694
1.4978	-3.603945456541667
1.4984	-3.5576274902423206
1.4988	-3.5594316627124223
1.4998	-3.5873796355691963
1.5002	-3.647163573625949
1.5007	-3.6779793324317622
1.5017	-3.684037742592711
1.5021	-3.6351033497880003
1.5026	-3.5806651283775754
1.5035	-3.533464163541936
1.504	-3.4607399820033717
1.5045	-3.334466932528977
1.5053	-3.2506272630685493
1.5058	-3.206529198022945
1.5062	-3.1373835672985395
1.5068	-3.0494464508427215
1.5077	-2.919148728445816
1.5081	-2.841638182667381
1.5086	-2.7773739789052225
1.5096	-2.724785722228134
1.51	-2.6714434401998104
1.5104	-2.612320415697448
1.5114	-2.5391772420118053
1.5119	-2.476519319375217
1.5124	-2.3917512063199666
1.5134	-2.3021253834023794
1.5139	-2.190412765300788
1.5144	-2.0718387024738076
1.515	-1.997769202238373
1.5159	-1.9547901592215289
1.5163	-1.9074288822376606
1.5169	-1.829675629663146
1.5177	-1.7728563264169521
1.5181	-1.713964448570423
1.5186	-1.6558161890429484
1.5195	-1.6197789621912535
1.5199	-1.5728506240782503
1.5204	-1.5333099709406717
1.5209	-1.5048080819544158
1.5219	-1.485808260487337
1.5224	-1.491250823368714
1.5228	-1.5098273468963839
1.5237	-1.5172386501948307
1.5242	-1.5256228851912816
1.5247	-1.5299228309390607
1.5255	-1.576842013152712
1.526	-1.6164433136972278
1.5264	-1.6379683940413625
1.5274	-1.6749518938450176
1.5279	-1.6872998641541603
1.5283	-1.7275003497749837
1.5294	-1.748918898463498
1.5299	-1.734787907543635
1.5305	-1.7305038942625117
1.5315	-1.7063752199829407
1.532	-1.6881999975956048
1.5325	-1.6538651339749466
1.5333	-1.6084493424289559
1.5338	-1.5771548481474267
1.5342	-1.5578027013249
1.535	-1.5629247013732523
1.5355	-1.5943068263743276
1.536	-1.5589028994840137
1.5365	-1.5459641654219252
1.5375	-1.5216741716838187
1.538	-1.529571164565361
1.5386	-1.5325013048876028
1.5395	-1.5351059666736089
1.54	-1.5445016272251744
1.5405	-1.5969165391356466
1.5414	-1.6333028854157479
1.5419	-1.6879831655968203
1.5423	-1.7084704655417893
1.5433	-1.7128569939921334
1.5437	-1.6878995408717685
1.5441	-1.6368453343741751
1.5446	-1.6003609215767662
1.5454	-1.6130142055960361
1.5459	-1.5775618391784818
1.5464	-1.5697130290835692
1.5468	-1.5885726176925345
1.5478	-1.599345996994939
1.5483	-1.6404837083865142
1.5488	-1.6703987751989184
1.5497	-1.6501254515922341
1.5502	-1.6823216998603745
1.5511	-1.6960857271334666
1.5516	-1.7269415875388505
1.5525	-1.7488287133745872
1.553	-1.7528774194590169
1.5535	-1.7405560863433673
1.5545	-1.7315924047115994
1.555	-1.681372331854687
1.5555	-1.6182880026115969
1.5564	-1.5470441143443765
1.5569	-1.5284498331837433
1.5573	-1.4885868546725312
1.5583	-1.4652604466382124
1.5587	-1.4493500099775922
1.5592	-1.4342650987561998
1.5601	-1.4572389361301532
1.5606	-1.4465322882276683
1.5611	-1.431127508117013
1.5621	-1.4586400866068974
1.5631	-1.4729001675523343
1.5636	-1.4880722303685467
1.5641	-1.5227240520280874
1.565	-1.6119892501493793
1.5655	-1.659749583756212
1.5659	-1.6547792312297804
1.5668	-1.6482508103024145
1.5673	-1.6942491749601307
1.5678	-1.7042138118338541
1.5688	-1.7247133275301008
1.5693	-1.68198335068506
1.5702	-1.6803595284328532
1.5707	-1.6971622741923058
1.5711	-1.7041879429286715
1.572	-1.6455872462787076
1.5725	-1.6154736404685615
1.5729	-1.5994993183417283
1.5739	-1.5613241750436768
1.5743	-1.5378645134795206
1.5748	-1.5154530016934469
1.5757	-1.487137262406021
1.5761	-1.4767748527546845
1.5766	-1.4901248015046695
1.577	-1.4942722935785078
1.5779	-1.4651258891951477
1.5784	-1.4676807478694698
1.5788	-1.4882136847883016
1.5793	-1.5026116472019357
1.5803	-1.5399287626284663
1.5808	-1.582768924369486
1.5813	-1.6370362798850164
1.5823	-1.7062792506356899
1.5827	-1.7598678918521222
1.5831	-1.793099573233372
1.5836	-1.7981516553424786
1.5845	-1.790455902211544
1.585	-1.782142874391508
1.5854	-1.73937808275623
1.5864	-1.725360102831076
1.5868	-1.6818448998889945
1.5873	-1.6483963960446357
1.5878	-1.669882975119435
1.5888	-1.6725596707757784
1.5892	-1.6583879353300568
1.5898	-1.6719569724633898
1.5907	-1.6795012714436652
1.5911	-1.7079032888873869
1.592	-1.6832195371263174
1.5924	-1.611090211799413
1.5934	-1.5957105975364372
1.5939	-1.5864959530684923
1.5943	-1.5776071500859383
1.5953	-1.5918706313516784
1.5957	-1.5870907385363446
1.5962	-1.6375047409060823
1.5971	-1.7033686275827464
1.5976	-1.7172916225330548
1.5981	-1.7275017642206276
1.5991	-1.6918940453468763
1.5995	-1.659930942137699
1.6	-1.668212899398217
1.6009	-1.6808833862792905
1.6014	-1.67089756360414
1.6018	-1.6591513326722722
1.6028	-1.6797920854543353
1.6037	-1.687641577770046
1.6042	-1.6884636913342748
1.6045	-1.6390245663990695
1.6055	-1.6284152551530278
1.6059	-1.6318077121187202
1.6064	-1.5963143970444982
1.6068	-1.534479213284094
1.6078	-1.5407597911846045
1.6083	-1.5204465913805365
1.6087	-1.528549549210697
1.6097	-1.4960484581586042
1.6101	-1.486621773670296
1.6107	-1.5152472066507336
1.6116	-1.574661165031771
1.6125	-1.5927101361560418
1.6129	-1.6254725175902234
1.6134	-1.6516130528163824
1.6142	-1.681571532807196
1.6146	-1.6842542209272071
1.6151	-1.6854253954027127
1.6157	-1.6374038339279717
1.6166	-1.6147625621306334
1.617	-1.6198216080572587
1.6175	-1.6148454475879603
1.6185	-1.5890967599125378
1.619	-1.608774969940518
1.6194	-1.6419513019395475
1.6203	-1.684668304263676
1.6207	-1.6692954531440196
1.6217	-1.6365171579835984
1.6221	-1.6139181039640456
1.6225	-1.606387338161127
1.6234	-1.5831199931882933
1.624	-1.567142196239096
1.6245	-1.5464263540079892
1.6254	-1.59780054410745
1.6259	-1.6278144870070828
1.6264	-1.6493627864368992
1.6273	-1.6649453900094624
1.6277	-1.6708243038624149
1.6282	-1.6579391641577006
1.6291	-1.6507634709680579
1.6296	-1.621774892543052
1.63	-1.6050171475677004
1.631	-1.5913433200239906
1.6315	-1.5838840443857527
1.632	-1.5400592334479817
1.6328	-1.5262183402798912
1.6334	-1.5119697136657375
1.6338	-1.5172876201350862
1.6348	-1.5057994809064854
1.6352	-1.4921852835667246
1.6356	-1.4691259740403997
1.6367	-1.4817386428271628
1.6371	-1.4941935716705965
1.638	-1.507099995510182
1.6384	-1.4960151934133303
1.6389	-1.5041645939289519
1.6398	-1.4872655806623392
1.6403	-1.4476562239545467
1.6408	-1.4206247255851945
1.6417	-1.4180327447013499
1.6422	-1.4080353725716024
1.6426	-1.4339362996920337
1.6435	-1.4490080930175695
1.644	-1.5012695325592007
1.6445	-1.571162918890197
1.6449	-1.6415541945853551
1.6459	-1.6225543624782757
1.6464	-1.6356002952083626
1.6469	-1.6124990432490782
1.6478	-1.5941824641203013
1.6482	-1.5459772828789464
1.6487	-1.4976906493813917
1.6492	-1.4622680582994076
1.6502	-1.4760608235438772
1.6507	-1.4573628203866273
1.6511	-1.470573714562309
1.652	-1.4836602197480588
1.6525	-1.5396786713756998
1.6529	-1.6115429760113982
1.6537	-1.6316771701951693
1.6541	-1.6564063007482333
1.6546	-1.6625626977758672
1.6555	-1.6465355727601376
1.656	-1.6410487050118923
1.6565	-1.5698352762619217
1.6569	-1.5283085468914053
1.6579	-1.5241982849148958
1.6584	-1.5032734027764802
1.6589	-1.5027603835872472
1.6598	-1.5140462723741561
1.6602	-1.543294118682366
1.6607	-1.6318493453093652
1.6612	-1.6532239239390851
1.6621	-1.6832776700996037
1.6626	-1.68929412129543
1.6635	-1.6972891426329595
1.6645	-1.6823709564306755
1.665	-1.655423760529553
1.6654	-1.5950851858707276
1.6663	-1.5530310262085574
1.6668	-1.5111336389902237
1.6673	-1.492685402523637
1.6682	-1.4652954083561083
1.6687	-1.447262901033092
1.6691	-1.4241738124519001
1.67	-1.44158104394658
1.6705	-1.4860003109117104
1.6709	-1.4918046507526674
1.6717	-1.5370137901112817
1.6721	-1.5731739804131128
1.6726	-1.6073016403449414
1.6735	-1.652368021767478
1.6739	-1.657709130993259
1.6744	-1.6574722826364097
1.6749	-1.669073545149708
1.6759	-1.6489957145663807
1.6764	-1.6538822456296987
1.6769	-1.6294131920972192
1.6774	-1.589193268995307
1.6784	-1.581574829892865
1.6789	-1.5698547794825872
1.6793	-1.5748021284519735
1.6798	-1.5576341853355924
1.6807	-1.57275927181113
1.6812	-1.579130076522931
1.6816	-1.5914563107980688
1.6825	-1.5978457199257445
1.683	-1.5947658185795832
1.6834	-1.6032800712499429
1.6843	-1.6798459442114226
1.6849	-1.7107379708590298
1.6854	-1.755121963979006
1.6863	-1.759682429327667
1.6867	-1.7573261840575405
1.6873	-1.7376580500737755
1.6881	-1.7180829563967193
1.6885	-1.6515692075779305
1.689	-1.5868112066672642
1.6899	-1.517774429655757
1.6904	-1.4899411029435452
1.6909	-1.4608906040470606
1.6919	-1.4765619905061227
1.6923	-1.469442878706351
1.6928	-1.4679597181284663
1.6936	-1.5228814361810692
1.6941	-1.5899564687909795
1.6945	-1.6083085361088307
1.6949	-1.6335248821897375
1.696	-1.6193010938519596
1.6964	-1.6063009416501994
1.6974	-1.6014136458027624
1.6979	-1.5756236709657039
1.6988	-1.528750087926043
1.6992	-1.5274655389286136
1.6997	-1.562716194156304
1.7002	-1.6127659664405152
1.7012	-1.653580492892764
1.7016	-1.6748571143474738
1.702	-1.6874517468167083
1.7025	-1.7310211710093448
1.7034	-1.779636450974033
1.7038	-1.7827322127896306
1.7043	-1.778811726390665
1.7047	-1.7693709598812917
1.7057	-1.7416513406920904
1.7061	-1.7177703374434257
1.7065	-1.704156529016575
1.707	-1.6698607430589962
1.7079	-1.6689457021922578
1.7085	-1.6478272465291233
1.7089	-1.6385283842195986
1.7099	-1.6597903229237576
1.7104	-1.6524375470308024
1.7108	-1.6388027858467635
1.7117	-1.6438711656633986
1.7121	-1.6089717885636734
1.7126	-1.6105192989692074
1.7136	-1.588908602652428
1.714	-1.579579626898725
1.7145	-1.5973414235697807
1.7155	-1.6108130552977946
1.716	-1.605286313257586
1.7164	-1.649411605056978
1.7173	-1.6871012982925893
1.7177	-1.7284379213581518
1.7182	-1.7714799390958214
1.7191	-1.7895890295429555
1.7196	-1.801066185528769
1.72	-1.820681366757952
1.721	-1.8284535631580119
1.7214	-1.829925700623712
1.7219	-1.849898872896153
1.7223	-1.8757410104816374
1.7231	-1.8769602196706021
1.7236	-1.9021464528428638
1.7241	-1.9256944182271292
1.7249	-1.8963600919460832
1.7254	-1.852377601256418
1.7259	-1.8252271561899307
1.7269	-1.7820334827779332
1.7273	-1.760973187507025
1.7278	-1.734183202895772
1.7288	-1.7337956508062446
1.7293	-1.7439325235893817
1.7298	-1.7875699417232
1.7308	-1.7834418920038841
1.7313	-1.787815427658946
1.7317	-1.7903319959028186
1.7322	-1.8038187001425239
1.7331	-1.7897691422282376
1.7336	-1.7843778730924513
1.7345	-1.7791983625230012
1.7349	-1.81479071533456
1.7354	-1.8204839586583628
1.7363	-1.8480732452638504
1.7367	-1.8319467620339052
1.7371	-1.8145747653217281
1.738	-1.8055989792952913
1.7385	-1.804277382997714
1.739	-1.8086211720767402
1.7394	-1.8054019964074526
1.7403	-1.789665927360335
1.7408	-1.813688438590176
1.7413	-1.821342220967006
1.7422	-1.787637249556614
1.7427	-1.7347559065204743
1.7432	-1.708521472568566
1.7437	-1.706947691851412
1.7446	-1.7186214114773912
1.745	-1.7092784633755091
1.7455	-1.7064861731819996
1.7465	-1.7401183651229368
1.7469	-1.7650796097241706
1.7474	-1.7337329346960624
1.7483	-1.7102059677819226
1.7487	-1.6979380017904349
1.7492	-1.6962840855815857
1.7501	-1.685991121956411
1.7506	-1.7021474994825219
1.751	-1.7215113282471683
1.7515	-1.7546700123005432
1.7525	-1.7417032210404708
1.7531	-1.7425449988705504
1.7535	-1.76776281691503
1.754	-1.8200861182695554
1.755	-1.8688702435677917
1.7554	-1.9098321620459562
1.7558	-1.947480273605568
1.7567	-1.9969220719129122
1.7572	-1.991043983550727
1.7577	-1.9955285828195508
1.7586	-1.971370256525753
1.759	-1.9314136706323282
1.7594	-1.9042262837648338
1.7595	-1.8842862351663359
1.7596	-1.882464636490666
1.7598	-1.8932485974042035
1.7602	-1.8330717630707767
1.7605	-1.8037000383688628
1.7609	-1.8101994527626453
1.761	-1.8164257074937802
1.7614	-1.8099884372027586
1.7615	-1.8263144306587027
1.7618	-1.8349168560505675
1.7624	-1.865571686425284
1.7629	-1.8576947631902818
1.763	-1.8589000606472617
1.7634	-1.8492048127461254
1.7636	-1.8716028201272639
1.7641	-1.8306887415700128
1.7643	-1.8311722143417508
1.7644	-1.820053884744381
1.7647	-1.8493889724027968
1.7649	-1.815768710662536
1.7653	-1.8141523373863384
1.7656	-1.7702905127381174
1.7657	-1.7837911730306044
1.7662	-1.8003972364722043
1.7666	-1.8321101260694979
1.767	-1.849100331454947
1.7672	-1.8518372324322274
1.7679	-1.8778343270991045
1.7681	-1.8804402334035375
1.7682	-1.902469459480769
1.7684	-1.8935183232483437
1.7689	-1.8696198091872855
1.769	-1.8344206990135843
1.7694	-1.8562591261782335
1.7699	-1.8027550596579067
1.7704	-1.7869534027149603
1.771	-1.769502004256296
1.7712	-1.730475662717731
1.7717	-1.6903448352963542
1.772	-1.7116666774324796
1.7721	-1.7329881168560197
1.773	-1.7413075893597807
1.7734	-1.7694818679559305
1.7738	-1.754620982511188
1.774	-1.7415905614694138
1.7746	-1.7827458684320707
1.7748	-1.7775434320141987
1.7752	-1.7509164571421842
1.7758	-1.7648641577509443
1.7763	-1.7441983188712968
1.7767	-1.7474488894204347
1.7772	-1.7976864169760458
1.7774	-1.7525364846019846
1.7776	-1.7453073283944998
1.7777	-1.7588205117741174
1.7785	-1.7594286601317821
1.7786	-1.8086315578317935
1.7791	-1.8208145966982265
1.7796	-1.8429826221514185
1.78	-1.9121760616243522
1.7806	-1.9101722690011542
1.7807	-1.9301485527888074
1.781	-1.9564730511020416
1.7814	-1.9159427329711043
1.7817	-1.9344080247313267
1.7818	-1.9117910527701891
1.7827	-1.9166519275193306
1.7828	-1.9457679046426735
1.7832	-1.9343919464555126
1.7837	-1.9242218652197212
1.7838	-1.964452638475841
1.7845	-1.9432232403976797
1.7849	-1.9393195664171858
1.785	-1.9347453969380852
1.7854	-1.929579664698204
1.7855	-1.9178755670046033
1.7859	-1.9366517030218071
1.7861	-1.9108240990574543
1.7868	-1.9280217241855946
1.7871	-1.9327863347071943
1.7872	-1.9013689350312217
1.7881	-1.9114623152325017
1.7883	-1.89084008618368
1.7905	-1.8772439826881497
1.7908	-1.8745059523315415
1.792	-1.8844672373228526
1.7924	-1.8716871912853394
1.7932	-1.8969192078055475
1.7942	-1.8836750099590827
1.7943	-1.9201064115351363
1.7963	-1.935488340630267
1.7972	-1.9808972548212727
1.7977	-1.9614736809785942
1.798	-1.975235539565523
1.7982	-1.9567731089267593
1.7992	-1.9504549192022762
1.8	-1.9307724288697625
1.801	-1.8743171475211644
1.802	-1.8056463689579216
1.8022	-1.8162349924975048
1.8029	-1.836555978398241
1.8049	-1.8533260496198167
1.8059	-1.8633299320327494
1.8068	-1.8711229636364117
1.807	-1.851658154421077
1.808	-1.8379775556335338
1.8086	-1.8073022786430875
1.8095	-1.7990468457875142
1.8102	-1.7497355411568478
1.8112	-1.70423277532143
1.8113	-1.703206442948274
1.8123	-1.7277394039351808
1.8137	-1.802391628031843
1.8145	-1.8311997794259938
1.8155	-1.8038635346036676
1.8166	-1.8451688451411636
1.8173	-1.9096983495591706
1.8188	-1.9501512350372585
1.8195	-1.9763486654260565
1.8197	-1.9386510864505664
1.82	-1.920344443650583
1.8206	-1.908793823834215
1.8211	-1.9178427560266609
1.8212	-1.867549264476897
1.8216	-1.8259505957738635
1.8223	-1.8095950859709142
1.8231	-1.8092483186625936
1.8232	-1.8221680963722724
1.8236	-1.819503390577265
1.824	-1.8125660136144939
1.8241	-1.8301082341807313
1.8243	-1.7992313160021138
1.8247	-1.8302985909027831
1.8251	-1.8863748726290208
1.8252	-1.883081679446682
1.827	-1.8995277652524805
1.8275	-1.9251934625092488
1.8286	-1.9747704124290144
1.8298	-2.037888056686889
1.8321	-2.044267603404866
1.8325	-1.993547550088836
1.8333	-2.026353531920516
1.8344	-2.0477540165581805
1.8354	-2.031374026239898
1.8365	-1.9987468565247197
1.8374	-1.9745241914057814
1.8382	-1.9384926757019605
1.8384	-1.952693978206057
1.8403	-1.9441831673329413
1.8412	-1.958858334122448
1.842	-1.9667844089227082
1.8438	-1.9614400076246081
1.8439	-1.9483163223033007
1.8448	-1.9050290160486532
1.8458	-1.9062328315462362
1.8467	-1.8891455127875911
1.8479	-1.8636713459695537
1.8496	-1.8625331862889638
1.8498	-1.8433949455605647
1.8508	-1.8345299483454869
1.8511	-1.946751282547375
1.8517	-1.953956453217296
1.8522	-1.9874625628694764
1.8525	-2.001147405520713
1.8531	-2.011397480027242
1.8533	-2.03873153594555
1.8538	-2.0746087725351843
1.854	-2.0241614158677494
1.8541	-2.0388310332961863
1.8542	-2.0185276788673274
1.8544	-2.020116921216853
1.8546	-2.0035374023883885
1.8547	-2.0010324076072394
1.8548	-1.9777293781382743
1.855	-1.9894638858195972
1.8551	-1.9859105714796093
1.8552	-1.9808935528029181
1.8556	-1.9990573558115177
1.856	-2.05371574995214
1.8563	-2.094090751676119
1.8565	-2.155856640149009
1.8568	-2.1852535531042907
1.8571	-2.1930199939869586
1.8572	-2.2210794985792166
1.8573	-2.223662240615923
1.8578	-2.1656452791012875
1.858	-2.1329808157730707
1.8581	-2.086821823177717
1.8582	-2.0397655136708153
1.8583	-2.057956021697869
1.8607	-2.042611060477135
1.8663	-2.0565908502598713
1.8684	-2.097392590775773
1.869	-2.133725551036509
1.8717	-2.1481417212926686
1.8772	-2.1901136556957965
1.88	-2.1688227399396798
1.8824	-2.1870150119223823
1.8828	-2.164784738367576
1.8883	-2.1793352458396904
1.8912	-2.1575456861621816
1.894	-2.1432283909056777
1.8995	-2.131626560948519
1.8996	-2.139134937573922
1.9024	-2.1522625212257966
1.9053	-2.1631383401032283
1.9081	-2.165791523892862
1.9139	-2.1708220892153025
1.9168	-2.200685275260465
1.9198	-2.2544331121369745
1.9258	-2.3093682157734885
1.9288	-2.347670978765767
1.9348	-2.4030403514839875
1.9377	-2.406118086594209
1.9408	-2.4192912514677176
1.9421	-2.412761547560974
1.9467	-2.3796994783637944
1.9498	-2.333504538705852
1.9529	-2.2974433386301065
1.9561	-2.263593790525447
1.9626	-2.2900784589658425
1.9657	-2.3322270655402084
1.9661	-2.370297946741238
1.969	-2.4071563892743524
1.9756	-2.455774118495513
1.9789	-2.5075383394920374
1.9821	-2.5642116687243526
1.9886	-2.5709677072614987
1.99	-2.582702271824107
1.9919	-2.5824163161112286
1.995	-2.5688640623409382
2.0015	-2.555803417705001
2.0046	-2.515284092446549
2.0079	-2.491106810258357
2.0109	-2.4812717813597303
2.0145	-2.478230253099329
2.0179	-2.4934755367015233
2.0214	-2.5087038013495153
2.0282	-2.5020220063594927
2.0318	-2.518165342548149
2.0354	-2.562878782849367
2.0419	-2.5501865500943928
2.0425	-2.562513504711967
2.0462	-2.6099840757516843
2.0497	-2.6475970915897293
2.0536	-2.676884990926938
2.0546	-2.6793017778760757
2.0616	-2.626476533082654
2.0649	-2.6425499111372823
2.0658	-2.618831233639921
2.0699	-2.5745246401470294
2.0731	-2.5397173943980667
2.0776	-2.5192224590162215
2.0814	-2.5297750971500776
2.0847	-2.564485293403418
2.0848	-2.5711449250184364
2.0895	-2.6258858229123914
2.0907	-2.661310854243965
2.0915	-2.675708019168293
2.092	-2.6981818085197133
