# temperature (K),delta c44/c44 (1e-5)
1.300059793814432929e+00,-2.204648452291471550e+00
1.300318367346938953e+00,-2.201718844676851639e+00
1.300575257731958700e+00,-2.196329289407084051e+00
1.300834374999999987e+00,-2.196268297610429965e+00
1.301093684210526513e+00,-2.201085326068606296e+00
1.301514736842105169e+00,-2.220918651717681769e+00
1.301935789473684268e+00,-2.231733089406149340e+00
1.302251578947368316e+00,-2.230141003370589736e+00
1.302567368421052585e+00,-2.225079996824513628e+00
1.302883157894736854e+00,-2.221225929083508355e+00
1.303198947368421123e+00,-2.219999827657026525e+00
1.303620000000000001e+00,-2.223017889886003573e+00
1.303935789473684048e+00,-2.219272048709159950e+00
1.304251578947368539e+00,-2.210795491876041741e+00
1.304462105263157756e+00,-2.212768029508476175e+00
1.304777894736842248e+00,-2.218002339344634422e+00
1.305147872340425730e+00,-2.222942046520054227e+00
1.305573404255319314e+00,-2.229616812589205299e+00
1.305998936170212898e+00,-2.220643511884515586e+00
1.306424468085106483e+00,-2.206122219742031820e+00
1.306637234042553386e+00,-2.199510769937536026e+00
1.306902105263157976e+00,-2.197140020438803631e+00
1.307168085106382938e+00,-2.199038555378599824e+00
1.307540000000000147e+00,-2.188359920214481669e+00
1.307804255319148679e+00,-2.179565151375296050e+00
1.308123404255319366e+00,-2.173542165887740296e+00
1.308442553191489388e+00,-2.171770939756700880e+00
1.308655319148936069e+00,-2.172367604862580404e+00
1.308974468085106313e+00,-2.165207826919548495e+00
1.309293617021276557e+00,-2.160833653591492265e+00
1.309719148936170141e+00,-2.141870671334655363e+00
1.309932978723404196e+00,-2.135080801843460829e+00
1.310358510638297780e+00,-2.131117490327877118e+00
1.310571276595744683e+00,-2.133868774869293272e+00
1.310835789473684398e+00,-2.135718184867208436e+00
1.311151578947368446e+00,-2.128752765904460276e+00
1.311516666666666664e+00,-2.112815217215311403e+00
1.311829166666666602e+00,-2.098187309165267855e+00
1.312245833333333334e+00,-2.082236817316963418e+00
1.312506185567010375e+00,-2.092097568711695388e+00
1.312870833333333431e+00,-2.099243691263807499e+00
1.313183333333333369e+00,-2.102599220346404785e+00
1.313495833333333307e+00,-2.088968966950455197e+00
1.313863157894736844e+00,-2.081575260041903519e+00
1.314178947368421113e+00,-2.093958003189579031e+00
1.314494736842105382e+00,-2.094320931946956676e+00
1.314705263157894821e+00,-2.093421427074443564e+00
1.315072916666666591e+00,-2.089948482115543182e+00
1.315385416666666751e+00,-2.097540762137854564e+00
1.315802083333333483e+00,-2.112134632227237852e+00
1.316114583333333421e+00,-2.125069298137685081e+00
1.316427083333333359e+00,-2.130924860086088835e+00
1.316635416666666503e+00,-2.134669043903030694e+00
1.316947916666666663e+00,-2.132793023094312179e+00
1.317205154639175202e+00,-2.136276090059616273e+00
1.317514432989690842e+00,-2.136895375338430991e+00
1.317873469387755181e+00,-2.136712350356431589e+00
1.318128865979381281e+00,-2.141401198645725312e+00
1.318438144329896922e+00,-2.149921431187257426e+00
1.318747422680412340e+00,-2.160400751966264021e+00
1.319006250000000158e+00,-2.167087427414714718e+00
1.319318750000000096e+00,-2.167790068303585560e+00
1.319735416666666827e+00,-2.171951646905621036e+00
1.319943749999999971e+00,-2.177974885718371389e+00
1.320256250000000131e+00,-2.178795006690349645e+00
1.320517525773196033e+00,-2.182646541851094746e+00
1.320777083333333435e+00,-2.182562104950133808e+00
1.321089583333333373e+00,-2.189747051209154804e+00
1.321402083333333310e+00,-2.194764781956179522e+00
1.321818750000000042e+00,-2.197333882039955277e+00
1.322081052631578935e+00,-2.196525451994787215e+00
1.322396842105263204e+00,-2.187089992848605835e+00
1.322607368421052421e+00,-2.181853063031204965e+00
1.322870212765957287e+00,-2.176802620678938816e+00
1.323295744680850872e+00,-2.182202566777112551e+00
1.323667368421052482e+00,-2.192575292637513051e+00
1.324088421052631359e+00,-2.185479504700422293e+00
1.324404210526315850e+00,-2.186527187242148340e+00
1.324614736842105289e+00,-2.188223222289281900e+00
1.324984042553191577e+00,-2.185922948294206414e+00
1.325250537634408587e+00,-2.180158809616095983e+00
1.325680645161290139e+00,-2.180490917622964986e+00
1.326003225806451580e+00,-2.177319686494032069e+00
1.326325806451613021e+00,-2.180372072106381953e+00
1.326594680851063801e+00,-2.180789458826261296e+00
1.326970967741935459e+00,-2.186174112427454741e+00
1.327293548387096678e+00,-2.185449835674313945e+00
1.327616129032258119e+00,-2.192573615928866904e+00
1.328102173913043416e+00,-2.206166682823025305e+00
1.328370967741935527e+00,-2.206790148840531263e+00
1.328639361702127708e+00,-2.215693550752461771e+00
1.328908602150537632e+00,-2.221761155875388916e+00
1.329174468085106531e+00,-2.231212097804924355e+00
1.329443010752688226e+00,-2.237752623535632868e+00
1.329819148936170148e+00,-2.246452446474028086e+00
1.330300000000000038e+00,-2.248852373590260356e+00
1.330622580645161257e+00,-2.239849390958909670e+00
1.330837634408602144e+00,-2.237844729582519232e+00
1.331160215053763585e+00,-2.237756562465705645e+00
1.331482795698924582e+00,-2.238740330772090559e+00
1.331912903225806355e+00,-2.239593237037377449e+00
1.332178723404255249e+00,-2.239741959877679989e+00
1.332497872340425493e+00,-2.245442747228413971e+00
1.332763157894736761e+00,-2.248483837200315971e+00
1.333081052631578833e+00,-2.252449974547019451e+00
1.333396842105263103e+00,-2.248518566159735776e+00
1.333817894736841980e+00,-2.242866743562089926e+00
1.334133684210526472e+00,-2.242084821474231937e+00
1.334554736842105349e+00,-2.250809867966015787e+00
1.334816666666666762e+00,-2.246694823926832285e+00
1.335027083333333309e+00,-2.245799795028526447e+00
1.335389690721649592e+00,-2.243135578058685908e+00
1.335802061855670075e+00,-2.243834547172721905e+00
1.336111340206185494e+00,-2.245842458008035614e+00
1.336420618556701134e+00,-2.246424984460620777e+00
1.336729896907216553e+00,-2.247689609916518449e+00
1.336885416666666826e+00,-2.250528725502724203e+00
1.337197916666666542e+00,-2.249816572323313224e+00
1.337460000000000093e+00,-2.249748393723045137e+00
1.337881052631578971e+00,-2.245941963513463868e+00
1.338141666666666785e+00,-2.248071952050469946e+00
1.338403157894736850e+00,-2.246771254418848507e+00
1.338666666666666671e+00,-2.234242193365897577e+00
1.338929473684210558e+00,-2.224611797938751856e+00
1.339192708333333259e+00,-2.217665556687325346e+00
1.339505208333333419e+00,-2.206813513551112660e+00
1.339871578947368524e+00,-2.201928272259800590e+00
1.340134374999999878e+00,-2.199233444467592946e+00
1.340446875000000260e+00,-2.199265861028266045e+00
1.340655208333333404e+00,-2.197132736265632769e+00
1.340967708333333341e+00,-2.196044421727203044e+00
1.341280208333333279e+00,-2.189395977826444906e+00
1.341541052631578967e+00,-2.182485963444891652e+00
1.342067368421052675e+00,-2.176755260575120587e+00
1.342435106382978693e+00,-2.159467923304901227e+00
1.342647872340425597e+00,-2.150824786929431909e+00
1.342967021276595840e+00,-2.141766918165725286e+00
1.343392553191489203e+00,-2.140087294527863726e+00
1.343767741935483651e+00,-2.129738692843663461e+00
1.344090322580645092e+00,-2.119407908157299847e+00
1.344412903225806533e+00,-2.114769551666855651e+00
1.344735483870967752e+00,-2.110802721524032588e+00
1.345058064516128971e+00,-2.112200660504389926e+00
1.345380645161290412e+00,-2.107583164775026052e+00
1.345649999999999791e+00,-2.093069114992260005e+00
1.346032967032967154e+00,-2.089590868093631038e+00
1.346309999999999896e+00,-2.086062000837656694e+00
1.346699999999999786e+00,-2.079577432010057514e+00
1.346812359550561666e+00,-2.078440361756193511e+00
1.347149438202247085e+00,-2.070145426008984213e+00
1.347539999999999960e+00,-2.065856608387457882e+00
1.347984444444444430e+00,-2.053039081011164946e+00
1.348262637362637184e+00,-2.051217722079649253e+00
1.348702197802197800e+00,-2.055512334340312552e+00
1.348866666666666658e+00,-2.054000682775187325e+00
1.349144943820224762e+00,-2.054701946346551455e+00
1.349482022471910181e+00,-2.053833762967335996e+00
1.349873333333333258e+00,-2.049371147439714491e+00
1.350206666666666555e+00,-2.053856863636188912e+00
1.350540000000000074e+00,-2.060863825939627247e+00
1.350984444444444543e+00,-2.063363079746542095e+00
1.351428888888889013e+00,-2.069127808164963334e+00
1.352034065934065943e+00,-2.078661222761871485e+00
1.352363736263736183e+00,-2.094412455233051862e+00
1.352636956521738876e+00,-2.112370642918343755e+00
1.352907526881720335e+00,-2.116361907137368270e+00
1.353180434782608410e+00,-2.123712490827576183e+00
1.353506521739130442e+00,-2.128400531775489934e+00
1.353775268817204225e+00,-2.124712318561419178e+00
1.354420430107526663e+00,-2.123462375374628675e+00
1.354743010752688104e+00,-2.117024694874739321e+00
1.355009574468085232e+00,-2.125240478460071802e+00
1.355280645161290431e+00,-2.125440645405572759e+00
1.355553260869565069e+00,-2.128962227895954129e+00
1.355822580645161368e+00,-2.132156410070120245e+00
1.356194680851063872e+00,-2.136076416935030586e+00
1.356456842105262961e+00,-2.134599417456427339e+00
1.356718749999999751e+00,-2.128193286004773199e+00
1.356874226804123618e+00,-2.127710155854590113e+00
1.357183505154639036e+00,-2.129856289704990413e+00
1.357492783505154677e+00,-2.132668181260248819e+00
1.357802061855669873e+00,-2.143701531186855025e+00
1.358214432989690801e+00,-2.155336260327989528e+00
1.358523711340206663e+00,-2.161895793351481743e+00
1.358832989690721860e+00,-2.162204536576905589e+00
1.358986734693877541e+00,-2.161680580276915009e+00
1.359240404040404249e+00,-2.165249203739188832e+00
1.359543434343434276e+00,-2.169351502135982823e+00
1.359900000000000109e+00,-2.171839862442767277e+00
1.360257731958762761e+00,-2.162112596291141831e+00
1.360515625000000339e+00,-2.157157731810662948e+00
1.360777319587629153e+00,-2.151538825897151952e+00
1.361036458333333421e+00,-2.147244979345966698e+00
1.361348958333333359e+00,-2.138696382339882351e+00
1.361661458333333519e+00,-2.129422785861950551e+00
1.362078125000000028e+00,-2.116613788819602160e+00
1.362390624999999966e+00,-2.104668755797725943e+00
1.362703125000000126e+00,-2.106993327010489025e+00
1.362911458333333270e+00,-2.102721897421773622e+00
1.363223958333333208e+00,-2.093400960725097182e+00
1.363536458333333146e+00,-2.091144563425204161e+00
1.363848958333333528e+00,-2.096305865374482380e+00
1.364265624999999815e+00,-2.100150658597468745e+00
1.364578125000000197e+00,-2.099870358729006625e+00
1.364942268041236861e+00,-2.095638706573334176e+00
1.365204166666666552e+00,-2.088565951972746859e+00
1.365620833333333506e+00,-2.083938238907795615e+00
1.366037499999999794e+00,-2.078679760717561109e+00
1.366349999999999953e+00,-2.086162487632335250e+00
1.366662500000000113e+00,-2.095569963715829154e+00
1.366871875000000180e+00,-2.096931075742220152e+00
1.367134736842104958e+00,-2.098684977747481195e+00
1.367400000000000171e+00,-2.103216765720357539e+00
1.367719148936170415e+00,-2.105283885559918744e+00
1.368144680851063999e+00,-2.094046317224310449e+00
1.368463829787234243e+00,-2.090326254401889905e+00
1.368782978723404486e+00,-2.089257651742832067e+00
1.368995744680851390e+00,-2.091815279626136004e+00
1.369314893617021189e+00,-2.082747048823106351e+00
1.369634042553191433e+00,-2.072305794272915058e+00
1.369896842105263080e+00,-2.070405884243863071e+00
1.370368749999999913e+00,-2.088919385746329738e+00
1.370578124999999980e+00,-2.092393937498944645e+00
1.370890625000000140e+00,-2.100578112763159311e+00
1.371098958333333284e+00,-2.106211550755002104e+00
1.371411458333333444e+00,-2.112037623299731326e+00
1.371775789473683949e+00,-2.119416008302954957e+00
1.372302105263157435e+00,-2.137675261545687988e+00
1.372617894736841926e+00,-2.139647457500829741e+00
1.372933684210526195e+00,-2.140919178714928872e+00
1.373144210526315412e+00,-2.144360415943754372e+00
1.373408510638298052e+00,-2.153301711746534952e+00
1.373727659574468518e+00,-2.149825526473585935e+00
1.374102150537634293e+00,-2.152217804087520836e+00
1.374424731182795734e+00,-2.166780219902261884e+00
1.374747311827956953e+00,-2.171303969101897380e+00
1.375015957446808823e+00,-2.171789229564737411e+00
1.375229787234042655e+00,-2.170133506812803148e+00
1.375603225806451668e+00,-2.167762833017992996e+00
1.375925806451612887e+00,-2.169409429363970521e+00
1.376355913978494661e+00,-2.164799719284403956e+00
1.376678494623656102e+00,-2.164508027194912199e+00
1.376998947368421211e+00,-2.168458588222299532e+00
1.377211578947368453e+00,-2.163929125145982901e+00
1.377474468085106318e+00,-2.159587875464321627e+00
1.377793617021276784e+00,-2.158798171324196602e+00
1.378219148936170146e+00,-2.163320517922402431e+00
1.378644680851063953e+00,-2.166981840568139361e+00
1.379016842105263096e+00,-2.166935533262789981e+00
1.379282978723403996e+00,-2.172134703945147294e+00
1.379550537634408380e+00,-2.175008399334292797e+00
1.379819565217391464e+00,-2.180782205826991227e+00
1.380254347826086914e+00,-2.179362545242364391e+00
1.380632258064516060e+00,-2.176516094547621627e+00
1.380954838709677279e+00,-2.171792243867785022e+00
1.381169892473118610e+00,-2.167957787640535816e+00
1.381492473118279607e+00,-2.160049060938084686e+00
1.381815053763441048e+00,-2.163125779003969296e+00
1.382187234042553170e+00,-2.164347288472999953e+00
1.382506382978723858e+00,-2.163313875612605575e+00
1.382931914893616998e+00,-2.164591934185245314e+00
1.383196842105263391e+00,-2.165999973871103546e+00
1.383409473684210633e+00,-2.168913641686041061e+00
1.383675531914893675e+00,-2.177871806164891400e+00
1.383941052631578961e+00,-2.177693763182517728e+00
1.384362105263157838e+00,-2.169216700781570140e+00
1.384783157894736938e+00,-2.158301439596957305e+00
1.385151041666666805e+00,-2.165158062418233609e+00
1.385414736842105254e+00,-2.178350184918124377e+00
1.385676041666666691e+00,-2.183129083223290579e+00
1.385988541666667073e+00,-2.183004432334219480e+00
1.386405208333333361e+00,-2.178942753015648215e+00
1.386717708333333521e+00,-2.167374719155093388e+00
1.387030208333333237e+00,-2.149040746784348421e+00
1.387238541666666380e+00,-2.145975003572371254e+00
1.387551041666666762e+00,-2.140734434596336833e+00
1.387808247422680052e+00,-2.139276723136997571e+00
1.388117525773195915e+00,-2.140001777369807456e+00
1.388632989690721464e+00,-2.141041844297978614e+00
1.388942268041237105e+00,-2.144855172798500131e+00
1.389198979591836913e+00,-2.145383371630017688e+00
1.389457731958762876e+00,-2.140526005136731413e+00
1.389662886597937907e+00,-2.139978497610847352e+00
1.389870103092783804e+00,-2.132736154995088729e+00
1.390282474226804288e+00,-2.126683317099787196e+00
1.390591752577319706e+00,-2.133447040860002364e+00
1.390901030927835125e+00,-2.140594480405550115e+00
1.391107216494845034e+00,-2.146998132205045540e+00
1.391416494845360896e+00,-2.163383895206669738e+00
1.391725773195876537e+00,-2.170182228637810962e+00
1.392035051546391733e+00,-2.169545422302966209e+00
1.392447422680412217e+00,-2.169661926841247812e+00
1.392756701030927857e+00,-2.167989838765455257e+00
1.393015625000000091e+00,-2.170348767146369262e+00
1.393223958333333456e+00,-2.172780987065456415e+00
1.393483505154639479e+00,-2.169775614697437849e+00
1.393792783505154675e+00,-2.170647042362666923e+00
1.394205154639175159e+00,-2.174939959521661414e+00
1.394617525773195865e+00,-2.175794800231729997e+00
1.395029896907216571e+00,-2.167637335276877408e+00
1.395236082474226924e+00,-2.170675705449685911e+00
1.395493749999999977e+00,-2.172602032189715260e+00
1.395806249999999915e+00,-2.181687393327882418e+00
1.396222916666666647e+00,-2.186160875524736813e+00
1.396485263157894785e+00,-2.195346648813468526e+00
1.396801052631579276e+00,-2.210566164111956056e+00
1.397116842105263101e+00,-2.221778549537337888e+00
1.397327368421052096e+00,-2.226738045512482334e+00
1.397643157894737032e+00,-2.231935495717161988e+00
1.398014893617021137e+00,-2.234812453544487987e+00
1.398440425531915166e+00,-2.238834099424522606e+00
1.398759574468084965e+00,-2.236745865426989610e+00
1.399078723404255209e+00,-2.229053960490063879e+00
1.399291489361702112e+00,-2.235341580978978726e+00
1.399505319148936389e+00,-2.243167791964879587e+00
1.399770526315789354e+00,-2.246568244765917655e+00
1.400086315789473845e+00,-2.256776345815641349e+00
1.400612631578947109e+00,-2.258782359350023583e+00
1.400877659574468082e+00,-2.254398117370911336e+00
1.401090425531914985e+00,-2.252880006662048018e+00
1.401465591397849320e+00,-2.244470351803098396e+00
1.401788172043010761e+00,-2.243578815145176097e+00
1.402110752688172202e+00,-2.242921138589672125e+00
1.402540860215053975e+00,-2.240959651841851752e+00
1.402917021276596010e+00,-2.242236454200305928e+00
1.403183157894736688e+00,-2.241214815300583751e+00
1.403448936170212935e+00,-2.236917573340841958e+00
1.403768085106383179e+00,-2.231450303831805648e+00
1.404087234042552979e+00,-2.226468514401838128e+00
1.404619148936170125e+00,-2.207605571116521670e+00
1.404938297872340147e+00,-2.203396915573789361e+00
1.405257446808510613e+00,-2.192123853188513660e+00
1.405470212765957516e+00,-2.182954821870376705e+00
1.405838947368420966e+00,-2.160202668965064188e+00
1.406154736842105235e+00,-2.142605817039872296e+00
1.406625000000000014e+00,-2.131455340896429185e+00
1.406937499999999952e+00,-2.131885414465739537e+00
1.407198947368420994e+00,-2.133112674044525203e+00
1.407409473684210655e+00,-2.134236963164405143e+00
1.407725263157894480e+00,-2.139977036055457305e+00
1.407985416666666767e+00,-2.134550372286009967e+00
1.408353684210526202e+00,-2.119474702726154902e+00
1.408618085106382756e+00,-2.117735163861299341e+00
1.408937234042553444e+00,-2.121315418982366641e+00
1.409256382978723021e+00,-2.126289279631463636e+00
1.409415789473683844e+00,-2.129277090514198889e+00
1.409731578947368558e+00,-2.126986663747487682e+00
1.410047368421052827e+00,-2.126529956541855615e+00
1.410468421052631705e+00,-2.121519154059063883e+00
1.410731250000000214e+00,-2.118167570956303702e+00
1.411043749999999930e+00,-2.122220267777172431e+00
1.411252040816326714e+00,-2.122517940341452025e+00
1.411458333333333259e+00,-2.123767040489608515e+00
1.411770833333333419e+00,-2.114050071339964809e+00
1.412243157894736978e+00,-2.107194477673842936e+00
1.412558947368421025e+00,-2.103632611837474187e+00
1.412822340425531786e+00,-2.097578777668622774e+00
1.413090322580645042e+00,-2.092266248467886225e+00
1.413413186813186728e+00,-2.089172445052719151e+00
1.413742857142857190e+00,-2.089936915043764998e+00
1.414072527472527430e+00,-2.095800484960074872e+00
1.414457777777777814e+00,-2.111435750761962105e+00
1.414791111111111110e+00,-2.121863956802041429e+00
1.415124444444444407e+00,-2.125735102596974180e+00
1.415346666666666531e+00,-2.130606856676603655e+00
1.415625842696629277e+00,-2.140312428638728726e+00
1.415907954545454484e+00,-2.150606450517511092e+00
1.416476136363636451e+00,-2.161766410748702238e+00
1.416817045454545454e+00,-2.157842980117502751e+00
1.417213483146067432e+00,-2.154172639967192548e+00
1.417438202247190970e+00,-2.148043652318576857e+00
1.417887640449438269e+00,-2.133483371491674774e+00
1.418499999999999872e+00,-2.124068128645037135e+00
1.418884615384615300e+00,-2.115417260320116011e+00
1.419214285714285761e+00,-2.103654287865880157e+00
1.419543956043955779e+00,-2.101185830377175989e+00
1.419873626373626241e+00,-2.099471926110251463e+00
1.420151111111111142e+00,-2.094329285631882698e+00
1.420595555555555611e+00,-2.088526451913001125e+00
1.421102247191011303e+00,-2.080661171840268775e+00
1.421439325842696721e+00,-2.088797638309278781e+00
1.421605555555555567e+00,-2.094502092747062338e+00
1.421887640449438273e+00,-2.099687802253614510e+00
1.422165555555555461e+00,-2.100202067210938495e+00
1.422609999999999930e+00,-2.099277059083569874e+00
1.422943333333333227e+00,-2.098588832574074914e+00
1.423159782608695689e+00,-2.095296043583669388e+00
1.423429032258064719e+00,-2.095510215910438401e+00
1.423589361702127798e+00,-2.098446284339518630e+00
1.423908510638297820e+00,-2.105977083866367394e+00
1.424177419354838658e+00,-2.109036247902588812e+00
1.424552127659574285e+00,-2.107524802796396202e+00
1.424820430107526681e+00,-2.100342439280806772e+00
1.425250537634408676e+00,-2.093821329102880213e+00
1.425519148936170044e+00,-2.090419113191265055e+00
1.425785263157894445e+00,-2.090527819383035890e+00
1.426101052631578936e+00,-2.092034023059094583e+00
1.426578723404255289e+00,-2.092435111774110457e+00
1.426897872340425755e+00,-2.099096782456108645e+00
1.427217021276595776e+00,-2.108849218487622412e+00
1.427377419354838528e+00,-2.112523548775081306e+00
1.427700000000000191e+00,-2.119115211049128700e+00
1.427970652173912836e+00,-2.126814519417608462e+00
1.428296739130435089e+00,-2.135646783517218594e+00
1.428680219780219751e+00,-2.143828641779100597e+00
1.429119780219780367e+00,-2.148778199772104269e+00
1.429394565217391389e+00,-2.149620999902476459e+00
1.429779120879120624e+00,-2.150089004742467225e+00
1.430052173913043623e+00,-2.155287726660541026e+00
1.430325274725274820e+00,-2.162401366829320271e+00
1.430707608695651833e+00,-2.176437320446785506e+00
1.431033695652173865e+00,-2.180518871764007827e+00
1.431417582417582324e+00,-2.183279758943172499e+00
1.431581521739130336e+00,-2.186225105673146096e+00
1.431907608695652145e+00,-2.191834655416127209e+00
1.432342391304347373e+00,-2.192311366995346678e+00
1.432777173913043711e+00,-2.196609690044499352e+00
1.433211956521738939e+00,-2.193569631417800814e+00
1.433539130434782649e+00,-2.189902567723161830e+00
1.433814285714285708e+00,-2.189286395384605566e+00
1.434035164835164800e+00,-2.187254363317179706e+00
1.434364835164835039e+00,-2.187055733431740201e+00
1.434747826086956612e+00,-2.193923027017139926e+00
1.435073913043478422e+00,-2.200498626398507795e+00
1.435508695652174316e+00,-2.214950258834114116e+00
1.435726086956521597e+00,-2.223671376092670293e+00
1.436052173913043406e+00,-2.226232575245013834e+00
1.436430107526881939e+00,-2.223536651747898496e+00
1.436810869565217308e+00,-2.236480883343974657e+00
1.437136956521739117e+00,-2.235125284206417984e+00
1.437407526881720798e+00,-2.228527871391816184e+00
1.437622580645161019e+00,-2.224586607108745895e+00
1.437890425531915151e+00,-2.221704660576889534e+00
1.438209574468085394e+00,-2.226540737594262076e+00
1.438685263157894578e+00,-2.239933965161022833e+00
1.439106315789474122e+00,-2.242256296967058304e+00
1.439422105263157947e+00,-2.237787294432937113e+00
1.439632631578947164e+00,-2.237215513286205049e+00
1.439948421052631433e+00,-2.227853991112796805e+00
1.440264210526315702e+00,-2.225276405172229133e+00
1.440523958333333354e+00,-2.218965280498061077e+00
1.440940624999999864e+00,-2.202012910504949961e+00
1.441200000000000037e+00,-2.191729808928180478e+00
1.441560204081632657e+00,-2.177458809960232777e+00
1.441818556701030651e+00,-2.172111655013227338e+00
1.442127835051546292e+00,-2.169287322785033556e+00
1.442437113402061932e+00,-2.164936467545152343e+00
1.442849484536082194e+00,-2.163637556797109340e+00
1.443158762886598279e+00,-2.166674058357240362e+00
1.443418749999999973e+00,-2.176649956457068491e+00
1.443573195876288739e+00,-2.176982493628796700e+00
1.443830612244897837e+00,-2.176941495964423101e+00
1.444136734693877377e+00,-2.170978210395170915e+00
1.444393814432989753e+00,-2.164478526735151842e+00
1.444705263157894937e+00,-2.154898076842001853e+00
1.445021052631579206e+00,-2.145211022650302279e+00
1.445336842105263253e+00,-2.129597453009440144e+00
1.445547368421052692e+00,-2.124930973986326244e+00
1.445811702127659748e+00,-2.123323962209909155e+00
1.446130851063829770e+00,-2.125718527000641345e+00
1.446450000000000236e+00,-2.120678258290360052e+00
1.446769148936170035e+00,-2.114037358419661672e+00
1.447033333333333172e+00,-2.113931371849254504e+00
1.447355913978494835e+00,-2.119777373772402829e+00
1.447570967741935055e+00,-2.124249417981110000e+00
1.447893548387096718e+00,-2.128720239738810971e+00
1.448268478260869907e+00,-2.123230580494607445e+00
1.448703260869565135e+00,-2.111754287013250408e+00
1.449029347826087166e+00,-2.117424391913292681e+00
1.449519354838709306e+00,-2.115067355403511318e+00
1.449845054945055001e+00,-2.120665421989780697e+00
1.450174725274725018e+00,-2.120230965946448443e+00
1.450504395604395702e+00,-2.132842753645706413e+00
1.451053846153846250e+00,-2.155849814646764173e+00
1.451383516483516267e+00,-2.158972370925172690e+00
1.451713186813186951e+00,-2.163645102362339756e+00
1.452042857142856969e+00,-2.174542885508307322e+00
1.452482417582417806e+00,-2.181066718645097158e+00
1.452819101123595358e+00,-2.185160608170163332e+00
1.453156179775280998e+00,-2.187265365780713733e+00
1.453434444444444473e+00,-2.180249052322011050e+00
1.453767777777777548e+00,-2.176463912671608547e+00
1.454101111111111067e+00,-2.179892983898832792e+00
1.454376923076923234e+00,-2.186576526136059684e+00
1.454649999999999999e+00,-2.189152048677659224e+00
1.455134408602150708e+00,-2.196510601834150478e+00
1.455405434782608642e+00,-2.204687747471987258e+00
1.455731521739130230e+00,-2.208459359222834983e+00
1.455892473118279629e+00,-2.204536619780545603e+00
1.456215053763441070e+00,-2.197890628585504214e+00
1.456482978723403932e+00,-2.199335228789206287e+00
1.456908510638298182e+00,-2.197827163469721512e+00
1.457227659574468426e+00,-2.190784902973845316e+00
1.457595789473684178e+00,-2.184399930169228732e+00
1.457911578947368447e+00,-2.172730954766363354e+00
1.458227368421052494e+00,-2.155998155364786228e+00
1.458489583333333561e+00,-2.144992035983030565e+00
1.458855789473684439e+00,-2.136767830481546504e+00
1.459171578947368708e+00,-2.130050692075688090e+00
1.459487368421052755e+00,-2.128114117818269424e+00
1.459697894736842194e+00,-2.131975247208100388e+00
1.459909473684210424e+00,-2.127211943874631306e+00
1.460330526315789523e+00,-2.115661885585649049e+00
1.460751578947368401e+00,-2.098888673126858784e+00
1.461067368421052448e+00,-2.096478704027337159e+00
1.461330851063830316e+00,-2.095551179692904054e+00
1.461597849462365151e+00,-2.088796445835667814e+00
1.461812903225806481e+00,-2.082731940705633278e+00
1.462135483870968145e+00,-2.077576415713350055e+00
1.462404255319148749e+00,-2.077855173079250051e+00
1.462774736842105350e+00,-2.079855226009510893e+00
1.463039361702127561e+00,-2.080477104582818093e+00
1.463358510638297805e+00,-2.091843283636582118e+00
1.463625806451612776e+00,-2.092300504986202903e+00
1.463948387096774217e+00,-2.088309737143162259e+00
1.464270967741935214e+00,-2.086497028744898952e+00
1.464758695652173870e+00,-2.085747984496264529e+00
1.465084782608695679e+00,-2.082158096987873463e+00
1.465301086956522170e+00,-2.080683120709802658e+00
1.465574193548387028e+00,-2.087181254547712861e+00
1.465844565217391038e+00,-2.088763664570545853e+00
1.466279347826087376e+00,-2.078129914509388776e+00
1.466822826086956466e+00,-2.073602468526511977e+00
1.467148913043478498e+00,-2.076113582949079994e+00
1.467474999999999641e+00,-2.069190493307577761e+00
1.467801086956521450e+00,-2.071808083964107539e+00
1.468127173913043704e+00,-2.075779233380256716e+00
1.468453260869565291e+00,-2.078941938455873828e+00
1.468888043478261185e+00,-2.078874848837494849e+00
1.469162637362637192e+00,-2.080891242905543059e+00
1.469602197802197807e+00,-2.082240828890024709e+00
1.469766304347826402e+00,-2.085131483601044611e+00
1.470092391304347545e+00,-2.093569624345558378e+00
1.470473626373626219e+00,-2.101337149233696966e+00
1.470913186813186391e+00,-2.108080677228930444e+00
1.471242857142857297e+00,-2.113109475619548761e+00
1.471463736263736610e+00,-2.115739778507574442e+00
1.471735869565216959e+00,-2.119607219851148638e+00
1.471953260869564906e+00,-2.123802400641615851e+00
1.472279347826086937e+00,-2.126553295818382594e+00
1.472605434782608524e+00,-2.132489767178487483e+00
1.472984946236558956e+00,-2.131991478671895202e+00
1.473307526881720397e+00,-2.128355512782063919e+00
1.473523655913978159e+00,-2.116576322846593250e+00
1.473953763440860376e+00,-2.112982232841129182e+00
1.474222826086956761e+00,-2.112928170670376193e+00
1.474439130434782808e+00,-2.117200756137522344e+00
1.474873913043478257e+00,-2.129937014037619036e+00
1.475199999999999623e+00,-2.134721514277170940e+00
1.475522826086956396e+00,-2.140803957066018892e+00
1.475740217391304343e+00,-2.147329586966416848e+00
1.476174999999999571e+00,-2.159879673725604299e+00
1.476501086956522046e+00,-2.170127685148969920e+00
1.476935869565217052e+00,-2.179176625178415261e+00
1.477261956521739084e+00,-2.184724765297406890e+00
1.477588043478260671e+00,-2.192185168938831641e+00
1.477806521739130075e+00,-2.198413608570763955e+00
1.478081318681318868e+00,-2.215568352226593873e+00
1.478520879120879483e+00,-2.220443527829812691e+00
1.478794565217391055e+00,-2.219674950482489528e+00
1.479172043010753113e+00,-2.227723644818171422e+00
1.479659782608695684e+00,-2.228760520078030272e+00
1.479877173913043631e+00,-2.229491017558404842e+00
1.480151648351648364e+00,-2.223835646963801871e+00
1.480426086956521337e+00,-2.215504162140709887e+00
1.480919780219780213e+00,-2.207099053224967022e+00
1.481194565217390791e+00,-2.199073299994714237e+00
1.481467032967032971e+00,-2.200226472500528718e+00
1.481796703296703432e+00,-2.198667168711843090e+00
1.482016483516483074e+00,-2.200654449301943316e+00
1.482292222222222122e+00,-2.201012536852334112e+00
1.482736666666666370e+00,-2.196640161568641947e+00
1.483181111111111061e+00,-2.202972109479225171e+00
1.483458241758242258e+00,-2.209130026650424128e+00
1.483787912087911831e+00,-2.215449925683549814e+00
1.484007692307692361e+00,-2.213392789924411463e+00
1.484390217391304834e+00,-2.208481831990467548e+00
1.484660215053763110e+00,-2.208222910422826590e+00
1.485197849462365882e+00,-2.207635731980082561e+00
1.485520430107526879e+00,-2.202819113687002339e+00
1.485893617021276647e+00,-2.190685253337816274e+00
1.486106382978723994e+00,-2.182168076491298070e+00
1.486531914893617135e+00,-2.180109459498011493e+00
1.486851063829787378e+00,-2.179452906900791742e+00
1.487276595744681185e+00,-2.172765069469340116e+00
1.487702127659574325e+00,-2.173199343653885229e+00
1.487965263157895013e+00,-2.165169077726221580e+00
1.488175789473684230e+00,-2.154486816715498687e+00
1.488491578947368055e+00,-2.158933315629344651e+00
1.488807368421052990e+00,-2.166826281482428840e+00
1.489228421052631424e+00,-2.159142405371448525e+00
1.489489583333333256e+00,-2.154226502737083049e+00
1.489753684210526341e+00,-2.156199252043582426e+00
1.490015624999999844e+00,-2.160128800229724533e+00
1.490223958333333654e+00,-2.163983142837093254e+00
1.490536458333333369e+00,-2.161349432641968438e+00
1.490793814432989750e+00,-2.156868607501547519e+00
1.491206185567010234e+00,-2.147482625077064000e+00
1.491463265306122166e+00,-2.144381899238768430e+00
1.491769387755101928e+00,-2.138945245732990053e+00
1.491973469387755102e+00,-2.133134163024950070e+00
1.492228282828282904e+00,-2.131877734031051297e+00
1.492531313131312931e+00,-2.129988706619150296e+00
1.492834343434343847e+00,-2.130289122980100647e+00
1.493238383838383587e+00,-2.123288900740105678e+00
1.493541414141413837e+00,-2.123238874787721997e+00
1.493844444444444530e+00,-2.130061665851039177e+00
1.494046464646464623e+00,-2.140772123898793566e+00
1.494450505050505029e+00,-2.157115298367130674e+00
1.494753535353535501e+00,-2.154822006574869331e+00
1.495108163265306045e+00,-2.155727143463007422e+00
1.495414285714286029e+00,-2.151636724262130151e+00
1.495720408163265125e+00,-2.149409396471732236e+00
1.495975757575757736e+00,-2.152819974305515416e+00
1.496230612244898062e+00,-2.153107822208277788e+00
1.496435416666666685e+00,-2.149957840836929535e+00
1.496695789473684313e+00,-2.149347138107911448e+00
1.497062765957446917e+00,-2.155262416680041149e+00
1.497326881720430380e+00,-2.155279099682982480e+00
1.497649462365591377e+00,-2.159026680488275396e+00
1.497864516129032264e+00,-2.165026743844722379e+00
1.498187096774193261e+00,-2.164841053999966736e+00
1.498509677419354924e+00,-2.163556851281078774e+00
1.498939784946236919e+00,-2.159655219652606206e+00
1.499262365591397472e+00,-2.162405616250830054e+00
1.499529787234042733e+00,-2.161701219198402857e+00
1.499795698924731413e+00,-2.158583078828084201e+00
1.500118279569892410e+00,-2.164750906769156380e+00
1.500440860215054073e+00,-2.173728916830561353e+00
1.500763440860215070e+00,-2.186180070527585784e+00
1.501193548387097065e+00,-2.199959486073736592e+00
1.501838709677419281e+00,-2.223464006273553561e+00
1.502053763440859946e+00,-2.231443057499345350e+00
1.502591397849462274e+00,-2.241444376843082509e+00
1.502913978494623493e+00,-2.245846601035723200e+00
1.503344086021505710e+00,-2.262429795852330283e+00
1.503666666666666707e+00,-2.268810363768518634e+00
1.503989247311828148e+00,-2.263087554190025497e+00
1.504204301075268813e+00,-2.255885260810509330e+00
1.504526881720429810e+00,-2.240774324822591534e+00
1.504849462365591251e+00,-2.237755119483692656e+00
1.505329787234042316e+00,-2.222901745795767603e+00
1.505648936170212560e+00,-2.223153868245116627e+00
1.505968085106383247e+00,-2.230600690621161064e+00
1.506287234042553269e+00,-2.231346454325672912e+00
1.506499999999999506e+00,-2.230202393054981691e+00
1.506706249999999914e+00,-2.226770572613472776e+00
1.506963917525773189e+00,-2.229748816884951967e+00
1.507323469387755077e+00,-2.225636043438809608e+00
1.507577777777778127e+00,-2.226875370221845785e+00
1.507880808080807933e+00,-2.227136004590202667e+00
1.508133000000000168e+00,-2.223716184550149855e+00
1.508385858585858497e+00,-2.223497680749483507e+00
1.508640816326530576e+00,-2.227396406107636562e+00
1.508946938775510560e+00,-2.228509323864108271e+00
1.509355102040816243e+00,-2.221851604387546253e+00
1.509661224489795783e+00,-2.218470477454729917e+00
1.509865306122449402e+00,-2.213340572033330567e+00
1.510069387755101911e+00,-2.208942457222351941e+00
1.510323711340206154e+00,-2.212110966361947373e+00
1.510632989690721573e+00,-2.212176133878256401e+00
1.511045360824742056e+00,-2.213207953488956381e+00
1.511354639175257919e+00,-2.205620892642170983e+00
1.511663917525772671e+00,-2.203054422381848454e+00
1.511973195876288534e+00,-2.194467975383839864e+00
1.512179381443298887e+00,-2.190604215255561371e+00
1.512488659793814305e+00,-2.189068784069307494e+00
1.512746875000000157e+00,-2.188418390188609397e+00
1.513163541666666445e+00,-2.182608439420141710e+00
1.513580208333333177e+00,-2.179630957070719965e+00
1.513840000000000297e+00,-2.176567675097682564e+00
1.514050526315789513e+00,-2.169747372639656113e+00
1.514366315789474005e+00,-2.158696642218048467e+00
1.514787368421052660e+00,-2.148387115734474939e+00
1.515208421052631760e+00,-2.150233969858316829e+00
1.515629473684210637e+00,-2.146054517838835274e+00
1.515945263157894463e+00,-2.143644453181416054e+00
1.516155789473684123e+00,-2.139984814316829631e+00
1.516471578947368393e+00,-2.134212317934336411e+00
1.516787368421052440e+00,-2.127790391225929501e+00
1.517052127659574534e+00,-2.125728765453054780e+00
1.517477659574468341e+00,-2.133211755929971254e+00
1.517903191489361925e+00,-2.141110800089939481e+00
1.518222340425531725e+00,-2.140592824727141075e+00
1.518435106382978628e+00,-2.140021986300885359e+00
1.518697894736842358e+00,-2.141532668989503563e+00
1.519068085106382915e+00,-2.147240552518418166e+00
1.519493617021276721e+00,-2.145644725544664233e+00
1.519812765957446965e+00,-2.145259122384486794e+00
1.520075789473684491e+00,-2.147973560535612947e+00
1.520286315789473930e+00,-2.150716052912828413e+00
1.520547916666666666e+00,-2.143085641326693658e+00
1.520810526315789613e+00,-2.135039066694141230e+00
1.521181914893617204e+00,-2.140813843488427626e+00
1.521501063829787448e+00,-2.132283310588148240e+00
1.521766666666666490e+00,-2.128088387568947581e+00
1.522091397849462346e+00,-2.130914106962575438e+00
1.522361956521738779e+00,-2.133291199056945420e+00
1.522634408602150824e+00,-2.132602391616986726e+00
1.522956989247312265e+00,-2.128239375411185463e+00
1.523387096774193594e+00,-2.124788889322471341e+00
1.523709677419355035e+00,-2.126381704346811397e+00
1.524084042553191187e+00,-2.131643704446329224e+00
1.524244086021505185e+00,-2.138221843119298082e+00
1.524566666666666626e+00,-2.149054266607806074e+00
1.524889247311827845e+00,-2.158139026441655339e+00
1.525266304347826507e+00,-2.159232752033354075e+00
1.525701086956521291e+00,-2.159942518064654315e+00
1.526135869565217851e+00,-2.171625163894925326e+00
1.526353260869565576e+00,-2.178857482119013422e+00
1.526679347826086941e+00,-2.181536635773573263e+00
1.527165591397849687e+00,-2.183043636903193807e+00
1.527595698924731016e+00,-2.187011685465715338e+00
1.527918279569892679e+00,-2.182294731818120948e+00
1.528240860215053898e+00,-2.183300940766470966e+00
1.528403260869565017e+00,-2.184128058698821651e+00
1.528729347826087048e+00,-2.184793531529790389e+00
1.529000000000000359e+00,-2.182374233717533585e+00
1.529489130434782629e+00,-2.197300180723036789e+00
1.529815217391304660e+00,-2.197322049859403936e+00
1.530141304347825804e+00,-2.198789574768132749e+00
1.530467391304347835e+00,-2.196655055794255240e+00
1.530685869565217461e+00,-2.199816980417404810e+00
1.530956989247311828e+00,-2.202179256837820009e+00
1.531387096774193601e+00,-2.197994624193579938e+00
1.531709677419354598e+00,-2.196136159302256363e+00
1.531976595744680480e+00,-2.181015619525625393e+00
1.532240000000000046e+00,-2.167495026884619591e+00
1.532450526315789485e+00,-2.160184007829638375e+00
1.532766315789473532e+00,-2.152329040914504166e+00
1.533082105263157802e+00,-2.151004982134349763e+00
1.533560638297872147e+00,-2.144780773451366418e+00
1.533879787234042391e+00,-2.146855165654086406e+00
1.534201063829787159e+00,-2.150708865732477992e+00
1.534413829787233841e+00,-2.155686047421841778e+00
1.534732978723404306e+00,-2.159664582190509385e+00
1.535052127659574550e+00,-2.159154869238815611e+00
1.535370212765957643e+00,-2.158791510889550569e+00
1.535743010752688376e+00,-2.151547391064970949e+00
1.536065591397849373e+00,-2.142991952214211793e+00
1.536280645161290703e+00,-2.144979983775939569e+00
1.536603225806451700e+00,-2.150512534404771969e+00
1.536873913043478090e+00,-2.152055628988242209e+00
1.537308695652174206e+00,-2.143516938466913491e+00
1.537634782608695350e+00,-2.149825984308663340e+00
1.537960869565217381e+00,-2.155394057577111777e+00
1.538340860215053896e+00,-2.151259204938155811e+00
1.538555913978494560e+00,-2.140180531267278585e+00
1.538878494623655557e+00,-2.128049497694595171e+00
1.539252127659574310e+00,-2.113646553103038617e+00
1.539626881720429719e+00,-2.112580934637760421e+00
1.539895652173913332e+00,-2.111208797497270417e+00
1.540221739130434253e+00,-2.110215015365052071e+00
1.540493548387096734e+00,-2.113400046718129310e+00
1.540923655913978951e+00,-2.113564486830843858e+00
1.541246236559139504e+00,-2.111820834341160413e+00
1.541676344086021722e+00,-2.112413501433232366e+00
1.542106451612903051e+00,-2.124380865704844634e+00
1.542374468085106143e+00,-2.129131042552157016e+00
1.542644086021505823e+00,-2.135732827081898044e+00
1.542966666666666820e+00,-2.136535551918797626e+00
1.543234042553191410e+00,-2.137373146424998538e+00
1.543659574468085216e+00,-2.131327629433614756e+00
1.543926881720429911e+00,-2.123390543910716133e+00
1.544193617021276665e+00,-2.128161027503481240e+00
1.544512765957446909e+00,-2.126784975461417204e+00
1.544831914893617153e+00,-2.115555395777656500e+00
1.545257446808510959e+00,-2.104543270137518185e+00
1.545574468085106012e+00,-2.109974607669565572e+00
1.545838947368420868e+00,-2.112350659883533766e+00
1.546104255319148857e+00,-2.114309254115122716e+00
1.546370526315789196e+00,-2.108935569592012449e+00
1.546636170212765782e+00,-2.103887446221026192e+00
1.546900000000000386e+00,-2.103961877011793824e+00
1.547215789473684211e+00,-2.101746692621536905e+00
1.547636842105263311e+00,-2.087686114621160716e+00
1.547952631578947358e+00,-2.082987734823690040e+00
1.548268421052631183e+00,-2.082965710481828214e+00
1.548478947368421066e+00,-2.091918585811241460e+00
1.548900000000000388e+00,-2.118900034141332434e+00
1.549215789473684213e+00,-2.129391411435326287e+00
1.549582291666666833e+00,-2.129698658248786014e+00
1.549894791666666549e+00,-2.125168883859967384e+00
1.550103124999999915e+00,-2.122152443914981035e+00
1.550363917525773294e+00,-2.119323750788297378e+00
1.550677894736842255e+00,-2.115885653199942595e+00
1.551098947368421133e+00,-2.129441162942840027e+00
1.551519999999999788e+00,-2.134674435511735080e+00
1.551835789473684057e+00,-2.139131886066409027e+00
1.552151578947368549e+00,-2.141077720193617751e+00
1.552414583333333375e+00,-2.143121394558414661e+00
1.552677894736841813e+00,-2.142078378846617781e+00
1.552993684210526304e+00,-2.143090683858674073e+00
1.553309473684210351e+00,-2.140414125819809499e+00
1.553730526315789451e+00,-2.144189291776198658e+00
1.553991666666666660e+00,-2.137234861560922905e+00
1.554304166666666598e+00,-2.117377187485979473e+00
1.554512500000000186e+00,-2.107629985416887841e+00
1.554825000000000124e+00,-2.108308567734227701e+00
1.555241666666666633e+00,-2.116305900977366594e+00
1.555657291666666664e+00,-2.110056351280995557e+00
1.555917525773195642e+00,-2.108409922006596826e+00
1.556226804123711505e+00,-2.111471869559987002e+00
1.556432989690721636e+00,-2.111414293245877261e+00
1.556742268041237054e+00,-2.109479959402091875e+00
1.557051546391752694e+00,-2.109678015603760670e+00
1.557311458333333398e+00,-2.111000195936922452e+00
1.557678947368421163e+00,-2.112880407658014104e+00
1.557994736842105210e+00,-2.106336642717805407e+00
1.558310526315789479e+00,-2.108837109590130154e+00
1.558521052631578696e+00,-2.108278114706062745e+00
1.558836842105262965e+00,-2.102906311911535653e+00
1.559099999999999930e+00,-2.101589989616527543e+00
1.559525531914893737e+00,-2.103087873204908309e+00
1.559844680851064203e+00,-2.107100296423465746e+00
1.560108421052631478e+00,-2.116738864848765722e+00
1.560424210526315969e+00,-2.128603483609636360e+00
1.560685416666666825e+00,-2.136891842637584471e+00
1.560997916666666541e+00,-2.135197445397386318e+00
1.561310416666666923e+00,-2.137381579134177034e+00
1.561727083333333210e+00,-2.140630500778387901e+00
1.562039583333333370e+00,-2.158616010514279537e+00
1.562508247422680796e+00,-2.186145646356445926e+00
1.562768750000000040e+00,-2.194052805783967219e+00
1.563081249999999978e+00,-2.199130494148266113e+00
1.563393750000000137e+00,-2.206627727786428572e+00
1.563810416666666647e+00,-2.214977419609221343e+00
1.564122916666666585e+00,-2.221067111805550276e+00
1.564539583333333317e+00,-2.226998252744925022e+00
1.564747916666666683e+00,-2.224252063448193262e+00
1.565060416666666621e+00,-2.222391149398828869e+00
1.565322105263157626e+00,-2.222253143989227020e+00
1.565689583333333301e+00,-2.230696500797781034e+00
1.566002083333333239e+00,-2.240430771379678720e+00
1.566314583333333177e+00,-2.244322800912273763e+00
1.566522916666666765e+00,-2.245671116160841141e+00
1.566786315789473916e+00,-2.248399012784341178e+00
1.567102105263157741e+00,-2.246701505165987101e+00
1.567362499999999992e+00,-2.245878453558246335e+00
1.567723711340206494e+00,-2.245719122709385118e+00
1.568032989690721690e+00,-2.248912068546709442e+00
1.568342268041237109e+00,-2.241159206552972627e+00
1.568548453608247240e+00,-2.235994078383956918e+00
1.568857731958762880e+00,-2.231513138276161712e+00
1.569013541666666400e+00,-2.228492765964400935e+00
1.569326041666666782e+00,-2.225713407275202727e+00
1.569742708333333736e+00,-2.232129248014474765e+00
1.570055208333333452e+00,-2.231927757386594102e+00
1.570471874999999962e+00,-2.224753879336625495e+00
1.570680208333333328e+00,-2.224311067526914876e+00
1.570992708333333043e+00,-2.213594606599793124e+00
1.571305208333333425e+00,-2.205374410142431074e+00
1.571775789473684348e+00,-2.199334662735963786e+00
1.572091578947368395e+00,-2.186453030056640934e+00
1.572356382978723488e+00,-2.160484305203980604e+00
1.572569148936170169e+00,-2.155922871611547720e+00
1.572888297872340191e+00,-2.156624742295546238e+00
1.573207446808510435e+00,-2.150857777521871128e+00
1.573632978723404019e+00,-2.137731397913415599e+00
1.574058510638297825e+00,-2.143412136722485872e+00
1.574484042553191410e+00,-2.155538134624982671e+00
1.574696808510638091e+00,-2.163368612408981484e+00
1.575015957446808557e+00,-2.170379525688318711e+00
1.575281052631579026e+00,-2.180771830297743019e+00
1.575545744680850957e+00,-2.179499111658723898e+00
1.575971276595744985e+00,-2.168939431430644049e+00
1.576290425531915007e+00,-2.164034681508046898e+00
1.576555789473684133e+00,-2.165882732356719131e+00
1.576871578947368624e+00,-2.163866094304928822e+00
1.577292631578947280e+00,-2.160893785773968290e+00
1.577608421052631327e+00,-2.157728296970049975e+00
1.578029473684210870e+00,-2.154882463208946941e+00
1.578345263157894696e+00,-2.161591620020620663e+00
1.578661052631578965e+00,-2.170948662073358015e+00
1.578871578947368404e+00,-2.173134343194692786e+00
1.579082105263157843e+00,-2.181006994254913955e+00
1.579342708333333123e+00,-2.188934194008122169e+00
1.579759375000000077e+00,-2.203723620463298172e+00
1.580071874999999793e+00,-2.208717302059842513e+00
1.580384375000000174e+00,-2.208455410378115324e+00
1.580696874999999890e+00,-2.209434363998470818e+00
1.581009374999999828e+00,-2.212806046153745321e+00
1.581321874999999766e+00,-2.222364493459744850e+00
1.581634375000000148e+00,-2.220718161290450965e+00
1.581994845360825019e+00,-2.211348767784298452e+00
1.582252040816326755e+00,-2.201774608113787668e+00
1.582558163265306295e+00,-2.206247434795951534e+00
1.582762244897959469e+00,-2.198292299466841015e+00
1.583017525773195988e+00,-2.193820436874956314e+00
1.583326804123711185e+00,-2.202605746507390716e+00
1.583739175257731668e+00,-2.217898554542182765e+00
1.584151546391752596e+00,-2.218707808125490288e+00
1.584460824742268015e+00,-2.216089047508620347e+00
1.584718367346938495e+00,-2.220927956828522731e+00
1.584976288659794008e+00,-2.222076012324188277e+00
1.585234374999999973e+00,-2.212795172624298257e+00
1.585441666666666416e+00,-2.213330523616785506e+00
1.585858333333333148e+00,-2.216150859500364056e+00
1.586170833333333308e+00,-2.210221003182620159e+00
1.586483333333333690e+00,-2.213523544119003983e+00
1.586691666666666833e+00,-2.214865222386654509e+00
1.587004166666666771e+00,-2.212840975166034063e+00
1.587316666666666931e+00,-2.216910389842216222e+00
1.587629166666666647e+00,-2.224792107393372298e+00
1.588149999999999951e+00,-2.226828667060225087e+00
1.588462500000000110e+00,-2.227295656624757036e+00
1.588671874999999956e+00,-2.221611480368364422e+00
1.588882291666666724e+00,-2.215091535557312419e+00
1.589194791666666662e+00,-2.209216795156680124e+00
1.589507291666667044e+00,-2.186127182617374487e+00
1.589923958333333331e+00,-2.168016083699961793e+00
1.590340625000000285e+00,-2.163436633915126972e+00
1.590705154639175056e+00,-2.158003884595293798e+00
1.590965625000000161e+00,-2.152559748780080273e+00
1.591278124999999877e+00,-2.141611083754126010e+00
1.591590625000000037e+00,-2.145820918271617916e+00
1.592007291666666546e+00,-2.154483400991208164e+00
1.592319791666666484e+00,-2.161661624639999779e+00
1.592632291666666644e+00,-2.160181708859204797e+00
1.592840624999999788e+00,-2.158943288645343461e+00
1.593100000000000183e+00,-2.159382994092224450e+00
1.593409278350515379e+00,-2.157505656103529290e+00
1.593924742268041594e+00,-2.150115079618722724e+00
1.594234020618556791e+00,-2.147447943282617455e+00
1.594543298969072209e+00,-2.148704263259326730e+00
1.594852577319587850e+00,-2.137766042206844297e+00
1.595009375000000063e+00,-2.134088703021402189e+00
1.595269072164948287e+00,-2.135446420984325577e+00
1.595526530612245253e+00,-2.128402698215913436e+00
1.595934693877550936e+00,-2.124277671153539160e+00
1.596240816326530920e+00,-2.128140063302658369e+00
1.596546938775510238e+00,-2.121923988101108272e+00
1.596802020202020111e+00,-2.115015200536743745e+00
1.597006185567010350e+00,-2.114430540793342583e+00
1.597315463917526213e+00,-2.101035523733631560e+00
1.597624742268041187e+00,-2.091674091768442434e+00
1.598037113402061893e+00,-2.089057573476791330e+00
1.598346391752577311e+00,-2.088567040745018311e+00
1.598604081632652996e+00,-2.090227183068833927e+00
1.598808163265306392e+00,-2.092323172989901892e+00
1.599062886597938160e+00,-2.090273420745349053e+00
1.599372164948453356e+00,-2.093186495896694588e+00
1.599887628865979350e+00,-2.101529953902154801e+00
1.600196907216494768e+00,-2.099592774278610463e+00
1.600454166666666511e+00,-2.099640594340607791e+00
1.600715463917525616e+00,-2.100028607188094032e+00
1.600975000000000037e+00,-2.105174059803802233e+00
1.601287499999999975e+00,-2.107465357279864282e+00
1.601600000000000135e+00,-2.096630506494879143e+00
1.602120833333333216e+00,-2.087962268079824213e+00
1.602433333333333154e+00,-2.092944314254030047e+00
1.602745833333333314e+00,-2.110022075935934716e+00
1.602903157894736808e+00,-2.111415881657243254e+00
1.603218947368420855e+00,-2.112320279469390716e+00
1.603484042553191324e+00,-2.110909740252012057e+00
1.603909574468084687e+00,-2.114795773821089853e+00
1.604335106382978715e+00,-2.118700079537795045e+00
1.604654255319148737e+00,-2.122667699475520031e+00
1.604813684210526281e+00,-2.126321326681301027e+00
1.605129473684210772e+00,-2.130476260808292110e+00
1.605550526315789428e+00,-2.146049532435530427e+00
1.605971578947368306e+00,-2.158171783186975112e+00
1.606287368421052575e+00,-2.164441969094260898e+00
1.606603157894736844e+00,-2.174338746547872514e+00
1.606868085106383015e+00,-2.182868103159573803e+00
1.607027368421052538e+00,-2.189225998900338865e+00
1.607343157894736807e+00,-2.194033578242610361e+00
1.607658947368421076e+00,-2.192995536816666480e+00
1.608185263157894562e+00,-2.191020128608416329e+00
1.608606315789473662e+00,-2.191423396782828714e+00
1.608922105263158153e+00,-2.200037493696309188e+00
1.609132631578947370e+00,-2.205402477925625604e+00
1.609392708333333255e+00,-2.210203059791848279e+00
1.609705208333333415e+00,-2.212158255443038790e+00
1.610121874999999925e+00,-2.202708024375033435e+00
1.610434374999999863e+00,-2.195166342560018524e+00
1.610692783505154546e+00,-2.185718738415060258e+00
1.610900000000000221e+00,-2.182105555497527938e+00
1.611160416666666650e+00,-2.180498898631738403e+00
1.611472916666666810e+00,-2.193459873920151182e+00
1.611993750000000114e+00,-2.188071363965346627e+00
1.612306250000000274e+00,-2.187815066925119734e+00
1.612618749999999990e+00,-2.180112536505632637e+00
1.612827083333333356e+00,-2.173282946768363644e+00
1.613035416666666721e+00,-2.167840171429548768e+00
1.613295876288659780e+00,-2.165047872035942067e+00
1.613605154639175199e+00,-2.164498047911764367e+00
1.614017525773196127e+00,-2.166003952444315761e+00
1.614326804123711323e+00,-2.158308680843655125e+00
1.614636082474226741e+00,-2.155267204763164468e+00
1.614893877551020429e+00,-2.159361882551301459e+00
1.615151546391752735e+00,-2.161951821432808618e+00
1.615460824742267931e+00,-2.158833666269706075e+00
1.615873195876288637e+00,-2.147404102932529479e+00
1.616234375000000112e+00,-2.141455621084586980e+00
1.616546874999999828e+00,-2.136439226787411716e+00
1.616806185567010168e+00,-2.134727851038036750e+00
1.617012371134020965e+00,-2.129575882673420573e+00
1.617269791666666734e+00,-2.137362779369994747e+00
1.617582291666666450e+00,-2.143826163355281977e+00
1.618103124999999975e+00,-2.139088410912059590e+00
1.618415624999999913e+00,-2.136433506392334092e+00
1.618728124999999851e+00,-2.137106961388676396e+00
1.618936458333332995e+00,-2.134972175838270037e+00
1.619248958333333155e+00,-2.132245447520900061e+00
1.619561458333333093e+00,-2.138378163771545992e+00
1.619873958333333475e+00,-2.142723899626681749e+00
1.620290624999999984e+00,-2.153767759637870149e+00
1.620603124999999922e+00,-2.164337197823989811e+00
1.620862886597938202e+00,-2.171649629304538642e+00
1.621017708333333474e+00,-2.176785112860819105e+00
1.621434374999999761e+00,-2.167608899897500940e+00
1.621746875000000143e+00,-2.172231844739481943e+00
1.622163541666666431e+00,-2.177856765291874552e+00
1.622580208333333163e+00,-2.181832733648762623e+00
1.622840206185567125e+00,-2.186304383728987499e+00
1.623046391752577255e+00,-2.189244158387435579e+00
1.623355670103092674e+00,-2.193185287485150958e+00
1.623664948453608092e+00,-2.197715369976901201e+00
1.624029166666666413e+00,-2.196360464313642069e+00
1.624291578947368198e+00,-2.205794775079793268e+00
1.624607368421052467e+00,-2.209846801460169097e+00
1.624872340425532302e+00,-2.206412171165104574e+00
1.625085106382978761e+00,-2.199761369223526941e+00
1.625404255319149005e+00,-2.191432358004316239e+00
1.625723404255319249e+00,-2.189540844624328297e+00
1.626202105263157671e+00,-2.192120602540191587e+00
1.626517894736842162e+00,-2.181989416649166014e+00
1.626782978723404272e+00,-2.173069128518371862e+00
1.626995744680851175e+00,-2.168013541380786613e+00
1.627208510638297634e+00,-2.161422517737336513e+00
1.627527659574467878e+00,-2.156173727912672256e+00
1.627846808510638121e+00,-2.158899913284877847e+00
1.628272340425531928e+00,-2.169468240663200653e+00
1.628537634408601997e+00,-2.161648133257922488e+00
1.628914893617021242e+00,-2.150553561662768232e+00
1.629290322580644768e+00,-2.145485377994302389e+00
1.629720430107527207e+00,-2.144400068930405023e+00
1.630150537634408536e+00,-2.136186305311573719e+00
1.630473118279569755e+00,-2.126136869822503606e+00
1.630795698924731640e+00,-2.122310628639816787e+00
1.631063829787233965e+00,-2.120981117593939480e+00
1.631276595744680868e+00,-2.121354494189899409e+00
1.631702127659574453e+00,-2.122998733737560872e+00
1.632021276595744697e+00,-2.119188545194274464e+00
1.632553191489362066e+00,-2.110682388120681985e+00
1.632872340425532309e+00,-2.099788703796825473e+00
1.633191489361701887e+00,-2.090892603245225523e+00
1.633404255319149234e+00,-2.082062620864682412e+00
1.633829787234042152e+00,-2.073987429769302615e+00
1.634091578947368451e+00,-2.072438504344447541e+00
1.634456250000000166e+00,-2.063929229763846962e+00
1.634768750000000104e+00,-2.055817351195282860e+00
1.635025773195876164e+00,-2.057699516786263949e+00
1.635231958762886295e+00,-2.060299216512897935e+00
1.635541237113401936e+00,-2.061464758224922811e+00
1.635850515463917576e+00,-2.060518032902463936e+00
1.636262886597937838e+00,-2.055720041386368546e+00
1.636572164948453256e+00,-2.060450386551913482e+00
1.636777319587628954e+00,-2.070548675693487883e+00
1.637035416666666521e+00,-2.082216436444981333e+00
1.637243749999999887e+00,-2.087574109704136927e+00
1.637502061855670155e+00,-2.092690616813441817e+00
1.637761458333333309e+00,-2.090035777962062191e+00
1.638178124999999818e+00,-2.084787048351885108e+00
1.638490624999999978e+00,-2.084471559927593365e+00
1.638749484536082601e+00,-2.091613001554569529e+00
1.639008163265306184e+00,-2.099354862891252615e+00
1.639264948453608373e+00,-2.099689933276327469e+00
1.639574226804123791e+00,-2.097199082822487792e+00
1.639883505154639209e+00,-2.091724566830804655e+00
1.640245833333333181e+00,-2.088165749688072559e+00
1.640558333333333563e+00,-2.087846084399596069e+00
1.640870833333333501e+00,-2.094767312047166374e+00
1.641026315789473777e+00,-2.095029938641530531e+00
1.641342105263157602e+00,-2.089074319079750275e+00
1.641763157894737146e+00,-2.082875315391650162e+00
1.642289473684210632e+00,-2.089637095671370126e+00
1.642710526315789510e+00,-2.094060828908830718e+00
1.643026315789473779e+00,-2.098805800735562332e+00
1.643185106382978544e+00,-2.105570594056538791e+00
1.643504255319149232e+00,-2.105955867282746308e+00
1.643823404255319254e+00,-2.103483271406562771e+00
1.644195698924731275e+00,-2.102343745819958531e+00
1.644518279569892494e+00,-2.105993305849282571e+00
1.644840860215053491e+00,-2.095719684673740257e+00
1.645164516129032473e+00,-2.082471494567032178e+00
1.645435869565217368e+00,-2.074526316726667208e+00
1.645761956521738734e+00,-2.074258829523950354e+00
1.646305434782608712e+00,-2.085689106196943143e+00
1.646580219780219734e+00,-2.085549007753342732e+00
1.646853260869565627e+00,-2.083053558690389995e+00
1.647071739130434809e+00,-2.078667237524688183e+00
1.647289130434782312e+00,-2.073773248586785023e+00
1.647561290322580918e+00,-2.070564703589599098e+00
1.647883870967742359e+00,-2.078028981877414694e+00
1.648421505376343799e+00,-2.076533601943781449e+00
1.648744086021505462e+00,-2.079174569050025845e+00
1.649066666666666459e+00,-2.066618404887373472e+00
1.649389247311828122e+00,-2.058574948090871271e+00
1.649711827956989563e+00,-2.059752887208451178e+00
1.650034408602150338e+00,-2.067078544735567291e+00
1.650513829787234155e+00,-2.085452956110732892e+00
1.650832978723403954e+00,-2.088878474064103319e+00
1.651152127659574198e+00,-2.092585558107613153e+00
1.651362765957447243e+00,-2.094053633970269779e+00
1.651681914893616820e+00,-2.095475160923278679e+00
1.652107446808510627e+00,-2.101819034565186595e+00
1.652532978723404211e+00,-2.100474945044946473e+00
1.652852127659574455e+00,-2.100989813569622555e+00
1.653171276595744921e+00,-2.099221043068893788e+00
1.653276595744680666e+00,-2.097382465504043836e+00
1.653595744680850910e+00,-2.100765494034569691e+00
1.653914893617021820e+00,-2.101594558168148996e+00
1.654234042553191619e+00,-2.102028882848440805e+00
1.654602105263157874e+00,-2.110403073912705985e+00
1.654868085106382836e+00,-2.124957203509010739e+00
1.655133684210525979e+00,-2.139169219862327775e+00
1.655344210526315418e+00,-2.153317342083391317e+00
1.655659999999999910e+00,-2.165491080462484508e+00
1.655975789473684179e+00,-2.162444208530862166e+00
1.656447916666666798e+00,-2.156587402616360283e+00
1.656760416666666513e+00,-2.156668102007032850e+00
1.657019587628865809e+00,-2.157905029378452966e+00
1.657225773195876606e+00,-2.157197350529797664e+00
1.657535051546391802e+00,-2.170937137696228536e+00
1.657844329896907221e+00,-2.176397274411655314e+00
1.658359793814433214e+00,-2.189663005296424103e+00
1.658669072164948632e+00,-2.189684223396256346e+00
1.658978350515464051e+00,-2.193161573051042090e+00
1.659287628865979247e+00,-2.198631294353994292e+00
1.659493814432989600e+00,-2.195118853914044266e+00
1.659906185567010306e+00,-2.192649586186338428e+00
1.660215463917525724e+00,-2.191033808351677603e+00
1.660627835051546430e+00,-2.198443311843150116e+00
1.660937113402061405e+00,-2.195431317751414202e+00
1.661246391752577267e+00,-2.194407246215412943e+00
1.661399999999999766e+00,-2.199244793160106681e+00
1.661706122448979528e+00,-2.205846934375295554e+00
1.662012244897959068e+00,-2.198107247867795877e+00
1.662420408163265417e+00,-2.191986985647381481e+00
1.662726530612244735e+00,-2.193572498960435269e+00
1.663032653061224497e+00,-2.196533508661012934e+00
1.663286868686868925e+00,-2.201415437585127144e+00
1.663488888888888795e+00,-2.202802323655680183e+00
1.663791919191919044e+00,-2.198693363954699276e+00
1.664094949494949738e+00,-2.208355201693239955e+00
1.664498989898989700e+00,-2.207869517520663294e+00
1.664750000000000174e+00,-2.207931668769731459e+00
1.665050000000000141e+00,-2.205841902667120547e+00
1.665300000000000002e+00,-2.198213466269216543e+00
1.665550000000000086e+00,-2.191218539725491077e+00
1.665850000000000275e+00,-2.190499866284897568e+00
1.666149999999999798e+00,-2.186758193945506967e+00
1.666550000000000198e+00,-2.168603565181986159e+00
1.666849999999999943e+00,-2.165784407135650902e+00
1.667149999999999688e+00,-2.164259429868797824e+00
1.667350000000000110e+00,-2.163272014059068660e+00
1.667650000000000077e+00,-2.152494081271263848e+00
1.667949999999999600e+00,-2.142041756921934770e+00
1.668249999999999789e+00,-2.127386876508344571e+00
1.668649999999999745e+00,-2.125765486146064198e+00
1.668949999999999712e+00,-2.129297476420434432e+00
1.669200000000000461e+00,-2.136681367384406727e+00
1.669402020202020109e+00,-2.139534529500469517e+00
1.669705050505050359e+00,-2.141027356934536385e+00
1.669958163265306439e+00,-2.138784194439981245e+00
1.670366326530612122e+00,-2.136376812063365271e+00
1.670672448979592106e+00,-2.127633359189704976e+00
1.670978571428571424e+00,-2.127160985094949552e+00
1.671284693877550964e+00,-2.122592466517557952e+00
1.671488775510204139e+00,-2.119530214201432727e+00
1.671794897959183457e+00,-2.116537209413146492e+00
1.672101020408162997e+00,-2.120189696584662276e+00
1.672509183673469346e+00,-2.109282997451262354e+00
1.672815306122448664e+00,-2.103129252512058844e+00
1.673121428571428648e+00,-2.101628191189926831e+00
1.673376767676767685e+00,-2.099611624423699752e+00
1.673631632653061363e+00,-2.098165770671487795e+00
1.673937755102040681e+00,-2.094995746153474947e+00
1.674447959183673396e+00,-2.090765076409990986e+00
1.674704123711340031e+00,-2.085447515605915125e+00
1.675116494845360737e+00,-2.079252592272154754e+00
1.675374489795918187e+00,-2.089831539404784166e+00
1.675631958762886731e+00,-2.090708198675597984e+00
1.675941237113402149e+00,-2.091872395988455313e+00
1.676250515463917345e+00,-2.096375992839551561e+00
1.676662886597938273e+00,-2.105973405296529322e+00
1.676972164948453692e+00,-2.102891637638054867e+00
1.677281443298969110e+00,-2.104251071864076561e+00
1.677487628865979463e+00,-2.107451171869040962e+00
1.677796907216495104e+00,-2.102651854052321578e+00
1.678106185567010300e+00,-2.103607863715958981e+00
1.678415463917525718e+00,-2.105201268807570969e+00
1.678827835051546202e+00,-2.103821835941467100e+00
1.679087499999999844e+00,-2.096008801691686685e+00
1.679346391752577050e+00,-2.097767722605302865e+00
1.679655670103092469e+00,-2.100862219455337243e+00
1.679913265306122394e+00,-2.101306584211295458e+00
1.680219387755102156e+00,-2.092496792028992303e+00
1.680627551020408061e+00,-2.089402178216567485e+00
1.680933673469387601e+00,-2.083899437987538406e+00
1.681239795918367363e+00,-2.074972329787489578e+00
1.681443877551020094e+00,-2.073723365159090726e+00
1.681749999999999856e+00,-2.075767885795261503e+00
1.682056122448979840e+00,-2.083423525655914599e+00
1.682362244897959158e+00,-2.090064244899009882e+00
1.682770408163265508e+00,-2.099719747608951081e+00
1.683076530612245048e+00,-2.099995386293740829e+00
1.683332989690721648e+00,-2.093201696958731262e+00
1.683539175257732001e+00,-2.093653612996138946e+00
1.683951546391752485e+00,-2.091901986166368133e+00
1.684260824742268126e+00,-2.093197829288844680e+00
1.684621428571428936e+00,-2.095831899663018749e+00
1.684927551020408032e+00,-2.105826943138311869e+00
1.685233673469388016e+00,-2.103515856850768806e+00
1.685488888888888814e+00,-2.102250004419370377e+00
1.685743877551020509e+00,-2.105987463085492450e+00
1.686050000000000049e+00,-2.107713771569049044e+00
1.686356122448979811e+00,-2.104827747627591172e+00
1.686764285714285716e+00,-2.095893204972457013e+00
1.687070408163265478e+00,-2.089293817868615122e+00
1.687376530612244796e+00,-2.078105601861446328e+00
1.687580612244897749e+00,-2.078238064291843656e+00
1.687886734693877733e+00,-2.082060678521656882e+00
1.688294897959183416e+00,-2.076304316696732322e+00
1.688703061224489765e+00,-2.083184538470113534e+00
1.688957575757576102e+00,-2.086362255935675591e+00
1.689260606060605907e+00,-2.091934924442171884e+00
1.689513000000000043e+00,-2.094929098724814587e+00
1.689765656565656915e+00,-2.092997015835603936e+00
1.690068686868686498e+00,-2.095217829460656045e+00
1.690371717171717192e+00,-2.092679633461069777e+00
1.690728571428571581e+00,-2.096843656535781086e+00
1.691034693877550898e+00,-2.113398948406727484e+00
1.691340816326530883e+00,-2.118285138523975597e+00
1.691544897959183613e+00,-2.114598194341672066e+00
1.691851020408162931e+00,-2.112316721544767351e+00
1.692157142857142915e+00,-2.101641747508667724e+00
1.692463265306122455e+00,-2.100193964669633040e+00
1.692871428571428583e+00,-2.109332343006954158e+00
1.693177551020408345e+00,-2.112458462055676112e+00
1.693430303030303063e+00,-2.115400054774789762e+00
1.693632323232322934e+00,-2.115056924052554521e+00
1.693935353535353849e+00,-2.123555517396352066e+00
1.694238383838383655e+00,-2.123937093214421257e+00
1.694642424242424505e+00,-2.119954490273432857e+00
1.694945454545454755e+00,-2.113699387161523280e+00
1.695248484848484560e+00,-2.109668005796276891e+00
1.695554545454545536e+00,-2.107622007302110134e+00
1.695757731958763115e+00,-2.102302309127672686e+00
1.696067010309278311e+00,-2.105394170590741965e+00
1.696325000000000083e+00,-2.109030447563169375e+00
1.696741666666666815e+00,-2.118267308986284903e+00
1.697001052631579077e+00,-2.124803133862578797e+00
1.697316842105263346e+00,-2.124272120845590361e+00
1.697527368421052563e+00,-2.117592283016678234e+00
1.697843157894736388e+00,-2.106722020368999360e+00
1.698158947368421323e+00,-2.095276832340234208e+00
1.698529787234042576e+00,-2.083497095980647806e+00
1.698848936170212376e+00,-2.081711416687087368e+00
1.699115053763440741e+00,-2.072527698847937749e+00
1.699437634408601738e+00,-2.065994764666141403e+00
1.699652688172043069e+00,-2.069061486440607833e+00
1.699921739130435094e+00,-2.066136340920647019e+00
1.700303225806451213e+00,-2.071067157319754770e+00
1.700790217391304759e+00,-2.067185668229909901e+00
1.701061538461538625e+00,-2.066088164811511696e+00
1.701391208791208864e+00,-2.082938421883184343e+00
1.701666666666666439e+00,-2.096309192134890864e+00
1.702056179775280897e+00,-2.113437735377927229e+00
1.702393258426966316e+00,-2.120731693743436619e+00
1.702842696629213393e+00,-2.112658622888762050e+00
1.703122727272727177e+00,-2.108377509505827252e+00
1.703521348314606554e+00,-2.103884336663121690e+00
1.703747126436781612e+00,-2.095187192097553996e+00
1.704206896551724082e+00,-2.074265430459557802e+00
1.704551724137931323e+00,-2.064916036962912038e+00
1.705069767441860007e+00,-2.065068198102704589e+00
1.705304651162790508e+00,-2.064896388645672154e+00
1.705653488372092630e+00,-2.065833326335794862e+00
1.705942528735631791e+00,-2.064002541690646453e+00
1.706344318181818087e+00,-2.062573933018596151e+00
1.706912500000000055e+00,-2.076219025095301873e+00
1.707252272727272757e+00,-2.078801548864938731e+00
1.707536781609195531e+00,-2.087477341750535231e+00
1.707766666666666877e+00,-2.092930510347996709e+00
1.708054651162790982e+00,-2.105602696045418831e+00
1.708403488372092882e+00,-2.118507564238534258e+00
1.708984883720930492e+00,-2.109353904094688481e+00
1.709273563218390635e+00,-2.097822797112811166e+00
1.709562790697674473e+00,-2.095674541929628099e+00
1.709795348837209072e+00,-2.089376269091934191e+00
1.710313793103448443e+00,-2.098912444134885202e+00
1.710600000000000120e+00,-2.090497451335983303e+00
1.711054545454545828e+00,-2.080142195360130231e+00
1.711335955056179969e+00,-2.083521332657291669e+00
1.711673033707865388e+00,-2.076144563555569533e+00
1.711838888888889132e+00,-2.076238140644903307e+00
1.712115384615384928e+00,-2.071396025144169428e+00
1.712562921348314671e+00,-2.059105735905121914e+00
1.713012359550561525e+00,-2.064610114383423678e+00
1.713460674157303298e+00,-2.068835186675132221e+00
1.713741111111111159e+00,-2.067773263216131863e+00
1.713964444444444180e+00,-2.072238509200187373e+00
1.714244943820224742e+00,-2.088768396717342934e+00
1.714638636363636115e+00,-2.084593496711783178e+00
1.715035955056180006e+00,-2.080038296241068174e+00
1.715260674157303544e+00,-2.082206875575601135e+00
1.715597752808988741e+00,-2.078904745095877526e+00
1.715822471910112501e+00,-2.076764179292880375e+00
1.716159550561797920e+00,-2.085003926681128661e+00
1.716443181818182007e+00,-2.084038759799183627e+00
1.716897727272727048e+00,-2.072687278119791365e+00
1.717294382022471755e+00,-2.070463852405544980e+00
1.717685555555555688e+00,-2.075336334454819021e+00
1.717907777777778033e+00,-2.078801449895745446e+00
1.718075280898876622e+00,-2.078586806028000833e+00
1.718411235955056293e+00,-2.085169322400333591e+00
1.718860674157303370e+00,-2.086669889111191889e+00
1.719254545454545369e+00,-2.094189152409849264e+00
1.719592045454545248e+00,-2.092018066168230384e+00
1.719819318181817769e+00,-2.086662455011611073e+00
1.720273863636363476e+00,-2.083047938814753586e+00
1.720559770114942433e+00,-2.088723383433710001e+00
1.720965116279069340e+00,-2.085496860122122875e+00
1.721374117647059165e+00,-2.070387267469826487e+00
1.721609638554216781e+00,-2.064653040883675406e+00
1.721850602409638276e+00,-2.068636617553693213e+00
1.722151190476190807e+00,-2.077529320948073188e+00
1.722447058823529664e+00,-2.077964017287261989e+00
1.722979761904762208e+00,-2.069817665685295793e+00
1.723457142857142799e+00,-2.077049586491632294e+00
1.723755294117646830e+00,-2.084878467769908372e+00
1.723992941176470950e+00,-2.085576663491619964e+00
1.724407142857142805e+00,-2.084539053340772607e+00
1.724884523809523840e+00,-2.097829154063419743e+00
1.725181176470587552e+00,-2.101182630035820953e+00
1.725592857142856928e+00,-2.105894361944840476e+00
1.725891566265060240e+00,-2.104443388633500334e+00
1.726311904761904659e+00,-2.106637942851263823e+00
1.727026190476189882e+00,-2.105145011297136382e+00
1.727327710843373110e+00,-2.111531305217676735e+00
1.727631707317072607e+00,-2.112341807762360357e+00
1.727997560975609748e+00,-2.108358813172966251e+00
1.728300000000000169e+00,-2.100792573082049586e+00
1.728598809523809621e+00,-2.095101556595434289e+00
1.728959756097560918e+00,-2.106450676217090034e+00
1.729326829268292398e+00,-2.122994143447358262e+00
1.729753012048192762e+00,-2.133997728178748332e+00
1.729993975903614700e+00,-2.132944811113050676e+00
1.730355421686746942e+00,-2.130527678594421381e+00
1.730714457831325381e+00,-2.125484954348029198e+00
1.731191566265060100e+00,-2.122837806976614505e+00
1.731431325301204804e+00,-2.128004874620716080e+00
1.731670588235294295e+00,-2.128750209705587704e+00
1.732023529411764740e+00,-2.118581847268291352e+00
1.732379518072288738e+00,-2.114757578174034869e+00
1.732680952380952322e+00,-2.130257799793628948e+00
1.733160714285714166e+00,-2.146119214902030947e+00
1.733517857142857554e+00,-2.142508079501593166e+00
1.733994047619047185e+00,-2.143865846149534349e+00
1.734352380952381312e+00,-2.140236762355236966e+00
1.734648235294117713e+00,-2.131602345641574026e+00
1.735118823529411713e+00,-2.130270193033155568e+00
1.735471764705882158e+00,-2.127786400677958767e+00
1.735880232558139058e+00,-2.123865664581223722e+00
1.736051724137930963e+00,-2.119036640618547906e+00
1.736518823529411559e+00,-2.109828564501277537e+00
1.736871764705882670e+00,-2.119516335883544489e+00
1.737342352941176671e+00,-2.130797040665062259e+00
1.737749999999999906e+00,-2.135458420543981273e+00
1.737984883720929963e+00,-2.141059257101916025e+00
1.738333720930232529e+00,-2.153065768739427455e+00
1.738625882352941465e+00,-2.155446226980501923e+00
1.738860000000000072e+00,-2.156248657498250676e+00
1.739267441860464780e+00,-2.145439041897632571e+00
1.739557647058823653e+00,-2.138072351053545539e+00
1.739852325581395354e+00,-2.142392536135911296e+00
1.740145882352940987e+00,-2.149315902066705419e+00
1.740498823529412098e+00,-2.160816146023107454e+00
1.740734117647058543e+00,-2.169039006899468269e+00
1.741205882352941048e+00,-2.172559563082458567e+00
1.741558823529411715e+00,-2.170489870817092992e+00
1.741853488372093306e+00,-2.164462197499960716e+00
1.742147058823529937e+00,-2.161051592065779570e+00
1.742322619047619314e+00,-2.158556584808744905e+00
1.742858823529411794e+00,-2.127160635748332140e+00
1.743152380952380565e+00,-2.116986639024335926e+00
1.743628571428571750e+00,-2.120436321896403964e+00
1.743989285714285575e+00,-2.126451287306077020e+00
1.744286746987951942e+00,-2.130714658808260165e+00
1.744768674698795152e+00,-2.137902326927288321e+00
1.745191463414634381e+00,-2.155069742410744116e+00
1.745557317073170633e+00,-2.161752029783388984e+00
1.746045121951219192e+00,-2.172835054250365161e+00
1.746408536585365878e+00,-2.176800347254923995e+00
1.746709638554216459e+00,-2.175361860379521062e+00
1.747129761904762102e+00,-2.162450920205656324e+00
1.747844047619047547e+00,-2.148183408747704970e+00
1.748136470588235625e+00,-2.143470295743997500e+00
1.748489411764705848e+00,-2.145206768093619321e+00
1.748780232558138970e+00,-2.152764256530609543e+00
1.749297701149425066e+00,-2.142668113425048926e+00
1.749586046511627746e+00,-2.138013673014633742e+00
1.749873563218390826e+00,-2.137375911410275275e+00
1.750159090909090942e+00,-2.135191057484539190e+00
1.750563218390804643e+00,-2.126968809335258115e+00
1.750847727272726972e+00,-2.114523662320932473e+00
1.751136781609195170e+00,-2.113268057772097919e+00
1.751531818181818245e+00,-2.115139132643716557e+00
1.751872727272727470e+00,-2.116985867287879408e+00
1.752099999999999991e+00,-2.124156786447038314e+00
1.752328409090909256e+00,-2.126935503954914264e+00
1.752552222222221623e+00,-2.124967236340210786e+00
1.752885555555555586e+00,-2.136257413535733729e+00
1.753219999999999779e+00,-2.147517800495266194e+00
1.753553333333332853e+00,-2.151927158330868117e+00
1.753830769230769304e+00,-2.144143871246806832e+00
1.753996666666666426e+00,-2.141570581399409257e+00
1.754494505494505363e+00,-2.140329820429678787e+00
1.754824175824176047e+00,-2.135127863978875329e+00
1.755153846153845842e+00,-2.122214480342534237e+00
1.755483516483516748e+00,-2.110967548448944520e+00
1.755923076923076476e+00,-2.120891177877525902e+00
1.756142857142857006e+00,-2.124561927844990983e+00
1.756469230769230894e+00,-2.125211730743926442e+00
1.756798901098900689e+00,-2.126444070718719548e+00
1.757348351648351681e+00,-2.125091755973242957e+00
1.757678021978021921e+00,-2.119008361051237355e+00
1.758007692307691938e+00,-2.113518154416419215e+00
1.758284444444444317e+00,-2.103826504506957296e+00
1.758617777777777835e+00,-2.091305916464129666e+00
1.759008988764045212e+00,-2.091617089137933760e+00
1.759399999999999631e+00,-2.097007699124040503e+00
1.759674725274725349e+00,-2.102106380805940145e+00
1.759951111111111466e+00,-2.099574840243751517e+00
1.760284444444444540e+00,-2.103428904677461908e+00
1.760562921348314713e+00,-2.108528682059792825e+00
1.760842222222222420e+00,-2.106933922167919526e+00
1.761177272727272758e+00,-2.100618537525413831e+00
1.761573033707865221e+00,-2.089952155981982251e+00
1.761910112359550640e+00,-2.078483416973356590e+00
1.762022471910112520e+00,-2.077239715535598386e+00
1.762359550561797938e+00,-2.073266169300775452e+00
1.762696629213483135e+00,-2.062205797769307569e+00
1.763090909090909042e+00,-2.060857809717671074e+00
1.763431818181818267e+00,-2.054387819587322639e+00
1.763773863636363792e+00,-2.051078775213319272e+00
1.764001136363636313e+00,-2.050606816741084693e+00
1.764342045454545760e+00,-2.063634610205245856e+00
1.764796590909090801e+00,-2.065647753306581347e+00
1.765136363636363503e+00,-2.065088953775046754e+00
1.765533333333333399e+00,-2.061759946775319818e+00
1.765878160919540418e+00,-2.054376977639829072e+00
1.766337931034482445e+00,-2.048759699280338076e+00
1.766623863636363589e+00,-2.054144772176734968e+00
1.767078409090909297e+00,-2.060370559231008869e+00
1.767532954545454560e+00,-2.068610653883918626e+00
1.767873863636363785e+00,-2.080865132862812938e+00
1.768269662921348129e+00,-2.097447834722137472e+00
1.768554545454545490e+00,-2.102746730550710819e+00
1.768950561797752785e+00,-2.099648222243188478e+00
1.769347727272727377e+00,-2.102692320435256779e+00
1.769688636363636602e+00,-2.096561019000593884e+00
1.769970786516853911e+00,-2.096799805235583847e+00
1.770253409090909003e+00,-2.096652080973398835e+00
1.770594318181818005e+00,-2.092244221065271859e+00
1.770986516853932491e+00,-2.101764249181652833e+00
1.771318681318681199e+00,-2.107301707288724568e+00
1.771648351648351660e+00,-2.117252342059332992e+00
1.771978021978021900e+00,-2.123467739604673277e+00
1.772249999999999659e+00,-2.127341969611072248e+00
1.772467391304347384e+00,-2.123345681378567384e+00
1.772741758241758392e+00,-2.133245651399864329e+00
1.773015217391304299e+00,-2.130729127650989430e+00
1.773501075268817173e+00,-2.119314718725416213e+00
1.773823655913978836e+00,-2.118882098854188545e+00
1.774145161290322514e+00,-2.111771853390083997e+00
1.774360215053763179e+00,-2.100871261513763244e+00
1.774631521739130635e+00,-2.092811744241232397e+00
1.774957608695651778e+00,-2.093717725314659273e+00
1.775444086021505274e+00,-2.097259408783759937e+00
1.775711702127659164e+00,-2.094948406899265425e+00
1.776030851063829852e+00,-2.088510884585736971e+00
1.776190322580645464e+00,-2.086379352853006797e+00
1.776512903225806017e+00,-2.080417751710450514e+00
1.776835483870967458e+00,-2.069329112436750329e+00
1.777158064516129343e+00,-2.053225272170192905e+00
1.777695698924731005e+00,-2.043129992864445299e+00
1.778018279569892890e+00,-2.032052040375753599e+00
1.778286170212765915e+00,-2.031700331048814867e+00
1.778498936170212374e+00,-2.031869626332320156e+00
1.778765591397849288e+00,-2.029297447294661882e+00
1.779140425531914760e+00,-2.035990456087831912e+00
1.779620430107527129e+00,-2.040170506048959442e+00
1.779943010752688126e+00,-2.039440836056655826e+00
1.780210638297871961e+00,-2.045072029627739596e+00
1.780423404255319308e+00,-2.049821617538138074e+00
1.780742553191489552e+00,-2.050966965099293660e+00
1.781061702127659352e+00,-2.049144026657140127e+00
1.781541935483871075e+00,-2.045903423010031918e+00
1.781864516129032294e+00,-2.045158306494403888e+00
1.782187096774193735e+00,-2.041253885281092639e+00
1.782402150537634622e+00,-2.048509857767394582e+00
1.782669148936170123e+00,-2.045775812817240524e+00
1.782988297872340366e+00,-2.037162993368927033e+00
1.783364516129032351e+00,-2.037287389054159625e+00
1.783635869565217247e+00,-2.043530950557395531e+00
1.784015053763441161e+00,-2.045584660528879883e+00
1.784284042553191618e+00,-2.045283465103174159e+00
1.784604255319149013e+00,-2.049218621967310305e+00
1.784872043010752751e+00,-2.049514764845927317e+00
1.785302150537634303e+00,-2.047847361524499643e+00
1.785624731182795966e+00,-2.055620379400580955e+00
1.785947311827956963e+00,-2.056975944335579509e+00
1.786215957446808167e+00,-2.057068433825095966e+00
1.786535106382979077e+00,-2.057498204888427829e+00
1.786854255319149098e+00,-2.064361348805176632e+00
1.787121505376343844e+00,-2.070701710851305499e+00
1.787551612903225839e+00,-2.063691811529890785e+00
1.787874193548386836e+00,-2.061907627445275004e+00
1.788304301075269054e+00,-2.057047523758118945e+00
1.788626881720430273e+00,-2.061930374002547417e+00
1.788893617021276361e+00,-2.067568249275195225e+00
1.789161290322580644e+00,-2.067626047643351228e+00
1.789537234042552827e+00,-2.073675195659597570e+00
1.789962765957447077e+00,-2.081928166706470851e+00
1.790281914893616877e+00,-2.084093708696479030e+00
1.790494680851063558e+00,-2.084712598833697417e+00
1.790813829787234246e+00,-2.085213757212915908e+00
1.791132978723404268e+00,-2.076881012592753262e+00
1.791455319148936409e+00,-2.078703134178591316e+00
1.791774468085106431e+00,-2.082319532194501388e+00
1.792199999999999793e+00,-2.076206033094948111e+00
1.792361290322580514e+00,-2.071146552283112729e+00
1.792683870967742177e+00,-2.071149849574897672e+00
1.792954347826086758e+00,-2.079204413039175581e+00
1.793223655913978476e+00,-2.074793182121585033e+00
1.793597872340425337e+00,-2.076706335625964073e+00
1.793917021276595358e+00,-2.077377946961971755e+00
1.794290322580645247e+00,-2.086468579895483622e+00
1.794505376344085912e+00,-2.078962341368143285e+00
1.794773404255319171e+00,-2.069917912827138107e+00
1.795092553191489637e+00,-2.066853862596549352e+00
1.795464516129032129e+00,-2.057547345435922104e+00
1.795733695652174111e+00,-2.054908288858469767e+00
1.796114285714285552e+00,-2.052614618507363708e+00
1.796334065934065860e+00,-2.049838214079984233e+00
1.796663736263736544e+00,-2.045916037814862865e+00
1.796885714285714197e+00,-2.046087958376357374e+00
1.797435164835164745e+00,-2.055380693361337219e+00
1.797874725274724916e+00,-2.061776817542373408e+00
1.798204395604395378e+00,-2.068341880940383959e+00
1.798424175824175686e+00,-2.063071458622906640e+00
1.798698888888889069e+00,-2.053431403474570871e+00
1.798976923076923251e+00,-2.059767945146781187e+00
1.799526373626373577e+00,-2.055564715355737704e+00
1.799856043956044038e+00,-2.044787267118565399e+00
1.800185714285714722e+00,-2.032291650152981521e+00
1.800407692307691931e+00,-2.032849829853915047e+00
1.800907777777777552e+00,-2.036561681841407179e+00
1.801188764044943769e+00,-2.043552149078290192e+00
1.801584090909090996e+00,-2.044409654850373848e+00
1.801985057471264140e+00,-2.048778487687948680e+00
1.802271590909090726e+00,-2.048596908779250825e+00
1.802441379310344871e+00,-2.046814921669653842e+00
1.802729545454545335e+00,-2.055320080033491870e+00
1.803014942528735398e+00,-2.065281883521359330e+00
1.803474712643678091e+00,-2.068616993215836697e+00
1.803821176470588261e+00,-2.063738646934701215e+00
1.804116279069767348e+00,-2.050815086779911312e+00
1.804348837209302392e+00,-2.051548967124412481e+00
1.804640000000000466e+00,-2.063397562567943933e+00
1.804992941176470911e+00,-2.062995727248287281e+00
1.805348192771084603e+00,-2.066490166448988308e+00
1.805649999999999533e+00,-2.058669434614880167e+00
1.806068674698795062e+00,-2.057566105901987186e+00
1.806491463414634291e+00,-2.052481590504580566e+00
1.806732926829268449e+00,-2.048451895897669406e+00
1.807098780487804479e+00,-2.045989947498139117e+00
1.807648148148148115e+00,-2.037048060696815988e+00
1.808079999999999909e+00,-2.024315368692385153e+00
1.808393827160494016e+00,-2.024310100528712741e+00
1.808890123456790011e+00,-2.018446826928939508e+00
1.809198750000000189e+00,-2.007846154322423526e+00
1.809764556962025095e+00,-2.003828251742624023e+00
1.810084615384615292e+00,-2.003664403705895491e+00
1.810598717948717962e+00,-1.995601431782457302e+00
1.810987179487179466e+00,-1.976601977256238651e+00
1.811562025316455937e+00,-1.955607887267607037e+00
1.811876250000000299e+00,-1.957603860812335617e+00
1.812376250000000244e+00,-1.964996020543401611e+00
1.812686419753086753e+00,-1.975589869855139957e+00
1.812997500000000262e+00,-1.969336913837691716e+00
1.813428395061728260e+00,-1.963763286732795432e+00
1.813802469135802564e+00,-1.953935148477870198e+00
1.814051851851852248e+00,-1.952597358283791218e+00
1.814545679012345536e+00,-1.961663902302890561e+00
1.814793827160493755e+00,-1.959721607426912371e+00
1.815411111111110865e+00,-1.965270577016422049e+00
1.815648192771084135e+00,-1.962267614758740342e+00
1.816064285714285687e+00,-1.967088237362332404e+00
1.816419047619047822e+00,-1.971525985514879231e+00
1.816595294117646864e+00,-1.971595746410540029e+00
1.816833734939758971e+00,-1.977060528921350313e+00
1.817073493975903675e+00,-1.977564586501932453e+00
1.817374390243902793e+00,-1.969752581225437504e+00
1.817919277108433596e+00,-1.970055882595221464e+00
1.818160240963855756e+00,-1.968355596702351384e+00
1.818521686746987776e+00,-1.961614914105600072e+00
1.818945121951219601e+00,-1.953700633020811317e+00
1.819189024390243770e+00,-1.948427611309422325e+00
1.819734939759036552e+00,-1.942053506244984407e+00
1.819974698795181034e+00,-1.939687827644843710e+00
1.820152439024389945e+00,-1.939634798875907284e+00
1.820459036144578491e+00,-1.945479395721597005e+00
1.820758536585365572e+00,-1.942221402943182351e+00
1.821123170731707264e+00,-1.942939279757789350e+00
1.821733749999999930e+00,-1.941520378919771250e+00
1.822172151898733938e+00,-1.941278314335737498e+00
1.822488461538461557e+00,-1.935473990533582711e+00
1.822744871794871990e+00,-1.932800157809758668e+00
1.823130769230769443e+00,-1.933470808847028710e+00
1.823519230769230726e+00,-1.938785868295461734e+00
1.824032051282051592e+00,-1.944905336880158542e+00
1.824419230769231071e+00,-1.941631894465817076e+00
1.824675641025641060e+00,-1.942459949765786398e+00
1.825388311688311838e+00,-1.937800384418817634e+00
1.825782666666666776e+00,-1.936044857987597956e+00
1.826243421052631932e+00,-1.928996795728318503e+00
1.826698701298701266e+00,-1.925404045050381763e+00
1.827020512820512810e+00,-1.930148808479472011e+00
1.827403846153845990e+00,-1.939687707411083428e+00
1.828041025641025996e+00,-1.946881972295898544e+00
1.828426923076923005e+00,-1.951211275833297787e+00
1.828688157894736932e+00,-1.959560179415873904e+00
1.829014285714285482e+00,-1.963504490079941212e+00
1.829402597402597364e+00,-1.973656380037884794e+00
1.829922077922077950e+00,-1.973447957286842191e+00
1.830309090909090886e+00,-1.975854428197969748e+00
1.830560759493670808e+00,-1.975490342493316565e+00
1.831008974358974140e+00,-1.975795473491011478e+00
1.831265384615384573e+00,-1.982169717357204375e+00
1.831521794871794784e+00,-1.979648549071844066e+00
1.831903846153846160e+00,-1.978505667837563431e+00
1.832349367088607517e+00,-1.976432003141517457e+00
1.832663749999999592e+00,-1.977660495609283808e+00
1.832978481012658145e+00,-1.979696720985138381e+00
1.833356790123456870e+00,-1.988023997930122633e+00
1.833974074074073979e+00,-2.011518526361790737e+00
1.834344444444444333e+00,-2.027841502051256573e+00
1.834714814814814687e+00,-2.033507810994334086e+00
1.834839506172839307e+00,-2.033990822230924866e+00
1.835273750000000037e+00,-2.035501912186116868e+00
1.835651250000000179e+00,-2.039069877314981571e+00
1.836151250000000346e+00,-2.057340684783112827e+00
1.836651249999999846e+00,-2.064599926473456026e+00
1.837022499999999781e+00,-2.061274426938854543e+00
1.837333333333333041e+00,-2.063016005778064432e+00
1.837644999999999751e+00,-2.063064906385852382e+00
1.838147500000000267e+00,-2.052314790107530929e+00
1.838459259259259237e+00,-2.053812031576637054e+00
1.838704819277108937e+00,-2.062695223663142396e+00
1.839009756097560677e+00,-2.063795612732511220e+00
1.839376829268292379e+00,-2.059534723394874423e+00
1.839871250000000291e+00,-2.063030123266153648e+00
1.840246249999999861e+00,-2.062141290054972487e+00
1.840686419753086334e+00,-2.065373627534215828e+00
1.840935802469135796e+00,-2.069269900186122335e+00
1.841243902439024804e+00,-2.068673981709368004e+00
1.841609756097560613e+00,-2.062572462245571892e+00
1.842036144578313328e+00,-2.049917740875377259e+00
1.842397590361445570e+00,-2.041426957045264334e+00
1.842817857142857063e+00,-2.029776236127659672e+00
1.843173809523809714e+00,-2.029656262391225763e+00
1.843530952380951771e+00,-2.027908560323107956e+00
1.843951807228915607e+00,-2.009798993023433678e+00
1.844313253012047849e+00,-1.994822178060474016e+00
1.844793975903614713e+00,-1.978789503895864943e+00
1.845090476190476059e+00,-1.973883209608697786e+00
1.845559302325580964e+00,-1.965630945381288130e+00
1.845905813953488295e+00,-1.957359906534654304e+00
1.846254651162790861e+00,-1.942318069225236643e+00
1.846603488372093649e+00,-1.930790286843250048e+00
1.846955813953488290e+00,-1.926442861910683924e+00
1.847189534883720841e+00,-1.919570372818041104e+00
1.847538372093023851e+00,-1.907445428951049182e+00
1.847764772727272575e+00,-1.899999999999999911e+00
1.848221590909091105e+00,-1.907712978322616770e+00
1.848508045977011571e+00,-1.907792793630244788e+00
1.848909090909091057e+00,-1.905179655151678864e+00
1.849141860465116194e+00,-1.908575631988700172e+00
1.849486363636363428e+00,-1.920571562788938147e+00
1.849883146067416106e+00,-1.924406738625146662e+00
1.850110112359550474e+00,-1.927951000856587438e+00
1.850391111111111098e+00,-1.931577059575704469e+00
1.850669662921348602e+00,-1.933036448046495659e+00
1.851006741573033576e+00,-1.932813060744244416e+00
1.851343820224718995e+00,-1.940511309507692905e+00
1.851679775280898888e+00,-1.952453642961991420e+00
1.852072727272727093e+00,-1.963972431629754656e+00
1.852357471264367783e+00,-1.972220508819452212e+00
1.852645348837209216e+00,-1.977688277282096729e+00
1.852880232558139495e+00,-1.977736903682477010e+00
1.853287058823529510e+00,-1.971726224536713312e+00
1.853581395348837146e+00,-1.964187450543831481e+00
1.854162790697674756e+00,-1.955608707787192202e+00
1.854452873563218418e+00,-1.961983152472611902e+00
1.854740909090909051e+00,-1.976116657387191555e+00
1.855087209302325846e+00,-1.986474481231584210e+00
1.855436046511627746e+00,-2.003863661903678484e+00
1.855957471264367831e+00,-2.013328672900634331e+00
1.856302298850574406e+00,-2.021260071915266465e+00
1.856532183908045752e+00,-2.022727886467119873e+00
1.856877011494252772e+00,-2.028998097849502802e+00
1.857398837209302433e+00,-2.052053237472244440e+00
1.857871428571428396e+00,-2.069422604547554112e+00
1.858228571428571563e+00,-2.072152238538860658e+00
1.858525301204819291e+00,-2.073161466725040647e+00
1.858827380952380759e+00,-2.063557286004820579e+00
1.859066666666666867e+00,-2.052441744459232886e+00
1.859365060240963929e+00,-2.033751525692406137e+00
1.859726506024096393e+00,-2.022720169906078169e+00
1.860148780487805187e+00,-2.009536088094700634e+00
1.860514634146341439e+00,-2.003203630383108447e+00
1.860757317073170602e+00,-2.001741732840830679e+00
1.861001219512195659e+00,-2.001775812805882904e+00
1.861307407407407633e+00,-1.995974703343908585e+00
1.861739024390244301e+00,-1.995044601620727720e+00
1.862285542168674590e+00,-1.975236967184809123e+00
1.862760000000000193e+00,-1.967404126589817004e+00
1.863051162790697823e+00,-1.972414145937616770e+00
1.863518604651162924e+00,-1.983614631040415688e+00
1.863867441860465046e+00,-1.993446019294897065e+00
1.864278823529411877e+00,-1.998072327468875864e+00
1.864749411764706322e+00,-1.989082926429905918e+00
1.865041860465116219e+00,-1.985357233793815901e+00
1.865506976744186085e+00,-1.970606885523864094e+00
1.865919999999999801e+00,-1.959204333050051927e+00
1.866334523809524137e+00,-1.954826006193854937e+00
1.866748235294117597e+00,-1.958460947164563315e+00
1.867101176470588264e+00,-1.961315764872970435e+00
1.867274418604651487e+00,-1.965560098941281808e+00
1.867623255813953831e+00,-1.969325312274923689e+00
1.867847727272726965e+00,-1.975910613834203300e+00
1.868188636363636412e+00,-1.973717027208389929e+00
1.868584269662921127e+00,-1.976643614821647965e+00
1.868861111111111306e+00,-1.979861313800518330e+00
1.869194444444444381e+00,-1.989603243277444200e+00
1.869470329670329445e+00,-1.994723446376544418e+00
1.869800000000000129e+00,-2.004056888356825272e+00
1.870180434782608758e+00,-2.006508688431348109e+00
1.870397826086956705e+00,-2.009136559935238875e+00
1.870777419354838766e+00,-2.008615262909390964e+00
1.870994623655913847e+00,-2.002270452600225514e+00
1.871319354838709703e+00,-2.008581226224328997e+00
1.871641935483870700e+00,-2.007617974849165599e+00
1.872021739130435014e+00,-2.023700130082537463e+00
1.872293406593406706e+00,-2.030491792945943175e+00
1.872567777777777609e+00,-2.029334454160281798e+00
1.872957142857143209e+00,-2.020272694288276938e+00
1.873123333333333251e+00,-2.014163479693237058e+00
1.873456666666666548e+00,-2.003546161480667553e+00
1.873790000000000289e+00,-1.994313238228468732e+00
1.874122222222222245e+00,-1.998629253382552928e+00
1.874398876404494318e+00,-2.006444946701619880e+00
1.874735955056179737e+00,-2.009679186284610175e+00
1.874960674157303053e+00,-2.014461585121353426e+00
1.875298876404494441e+00,-2.022501629524140476e+00
1.875690909090909075e+00,-2.028923094654462744e+00
1.876032954545454823e+00,-2.034296808283247326e+00
1.876316091954022491e+00,-2.034817306523196478e+00
1.876716279069767346e+00,-2.030836186428357504e+00
1.876948837209302168e+00,-2.028770464746836755e+00
1.877475294117646687e+00,-2.016874019971910403e+00
1.877769767441860305e+00,-2.014305996761531770e+00
1.878296470588235456e+00,-2.010485927287089858e+00
1.878590476190475922e+00,-2.006583138977173775e+00
1.878947619047619089e+00,-2.006469796583614684e+00
1.879246987951806780e+00,-2.015530993832372886e+00
1.879728915662650657e+00,-2.033609772616082445e+00
1.880152439024389777e+00,-2.041693164116301418e+00
1.880574698795180577e+00,-2.049314184312360343e+00
1.880936144578313485e+00,-2.050847233000187231e+00
1.881297590361445726e+00,-2.053414796868222147e+00
1.881721951219511801e+00,-2.057216017175585332e+00
1.882206097560975344e+00,-2.047676067401132727e+00
1.882628915662650781e+00,-2.051020347647728226e+00
1.882926190476190031e+00,-2.045105216035933537e+00
1.883222352941176680e+00,-2.042148431068155023e+00
1.883575294117646903e+00,-2.044696840214582867e+00
1.884045882352940904e+00,-2.054980250771879735e+00
1.884568604651162937e+00,-2.049576878074198749e+00
1.884747058823529331e+00,-2.049960084112025349e+00
1.885099999999999998e+00,-2.038795694889602661e+00
1.885452941176470443e+00,-2.034552079854928586e+00
1.885688235294117332e+00,-2.032211503429979249e+00
1.886096511627907146e+00,-2.040422863439536716e+00
1.886443023255813811e+00,-2.038946552396343037e+00
1.886844827586206863e+00,-2.037379791010319519e+00
1.887132954545454488e+00,-2.020314307502856899e+00
1.887361363636363754e+00,-2.016162549431994577e+00
1.887648275862068958e+00,-2.021070844094479124e+00
1.887993103448275534e+00,-2.027862780361931350e+00
1.888336781609195159e+00,-2.025841296326638563e+00
1.888566666666666949e+00,-2.034195427484067231e+00
1.888911494252873746e+00,-2.037986101994775368e+00
1.889084090909090685e+00,-2.036311680812269653e+00
1.889652272727272653e+00,-2.021830760243255476e+00
1.889939080459770215e+00,-2.015176922378348223e+00
1.890398850574712908e+00,-2.018907369193606804e+00
1.890743678160919483e+00,-2.025033664441328263e+00
1.891028409090909301e+00,-2.029956101834071269e+00
1.891369318181818082e+00,-2.019576926386388305e+00
1.891595454545454524e+00,-2.012933933141309417e+00
1.891937500000000050e+00,-2.013730328944290715e+00
1.892505681818182017e+00,-2.016333703120979148e+00
1.892789655172413710e+00,-2.024476965167826492e+00
1.893134482758620507e+00,-2.029297894378008671e+00
1.893422093023255703e+00,-2.030962103556090526e+00
1.893831764705882659e+00,-2.031431920362966270e+00
1.894247619047619180e+00,-2.028396089659032064e+00
1.894484883720930268e+00,-2.027162251301618756e+00
1.894949999999999690e+00,-2.032092313609545897e+00
1.895298837209302700e+00,-2.034213348311423086e+00
1.895530232558139572e+00,-2.034209139858939253e+00
1.895879069767441694e+00,-2.031253449733231520e+00
1.896285057471264635e+00,-2.027709385197705494e+00
1.896574418604651147e+00,-2.032645409594574737e+00
1.897038372093023062e+00,-2.055777747152423007e+00
1.897214117647058718e+00,-2.062770028943271772e+00
1.897506976744185669e+00,-2.052678467143168373e+00
1.897915294117647145e+00,-2.036178427067101726e+00
1.898209523809523569e+00,-2.028134993412894271e+00
1.898743529411764497e+00,-2.007556714279627563e+00
1.899155813953487870e+00,-2.001777241642049621e+00
1.899449411764706053e+00,-1.999173549139151351e+00
1.899743023255813679e+00,-2.001293817661912389e+00
1.899976744186046229e+00,-2.001152036941815204e+00
