# temperature (K),delta c33/c33 (1e-5)
1.300101086956521712e+00,-2.359168726882984402e+00
1.300318478260869659e+00,-2.356468230483252047e+00
1.300644565217391246e+00,-2.350463462886481558e+00
1.301079347826087140e+00,-2.350712847079333034e+00
1.301461538461538447e+00,-2.351164838290017212e+00
1.301791208791208909e+00,-2.356784704657249652e+00
1.302230769230769303e+00,-2.358092174492124382e+00
1.302395652173913065e+00,-2.358614021047925835e+00
1.302667032967033123e+00,-2.357909599536272882e+00
1.302940217391304500e+00,-2.359111890614280505e+00
1.303266304347826088e+00,-2.357058672416744827e+00
1.303649450549450473e+00,-2.355055650682905899e+00
1.304089010989011088e+00,-2.358932063492283682e+00
1.304308988764044885e+00,-2.364568934590494553e+00
1.304870786516853842e+00,-2.373667973071238890e+00
1.305151136363636333e+00,-2.371068332357843200e+00
1.305605681818181818e+00,-2.368986913567308950e+00
1.305889887640449443e+00,-2.372205655712297023e+00
1.306172727272727263e+00,-2.373673096149971684e+00
1.306513636363636266e+00,-2.374238818782064442e+00
1.306854545454545269e+00,-2.377337190964841529e+00
1.307135955056179633e+00,-2.378337569962243325e+00
1.307531818181818073e+00,-2.378500297822068177e+00
1.307932183908045998e+00,-2.385706996092288534e+00
1.308277011494252795e+00,-2.391862346703106379e+00
1.308566279069767635e+00,-2.390928871226988051e+00
1.308915116279069535e+00,-2.386893055756947213e+00
1.309259090909090872e+00,-2.390107479164937043e+00
1.309769662921348221e+00,-2.393402123746914523e+00
1.310048888888888596e+00,-2.393653894176099861e+00
1.310440449438202037e+00,-2.396705998650295211e+00
1.310610227272727135e+00,-2.400903560920597979e+00
1.311008045977011482e+00,-2.405789053719404436e+00
1.311295454545454708e+00,-2.405312882440154176e+00
1.311695402298850510e+00,-2.404538188153355627e+00
1.312040229885057308e+00,-2.405351892647340506e+00
1.312443023255813968e+00,-2.411011222354594974e+00
1.312733333333333308e+00,-2.418206785203099507e+00
1.313022093023255898e+00,-2.422346395966857191e+00
1.313428735632184097e+00,-2.429964094059124058e+00
1.313832558139534923e+00,-2.431452811679034820e+00
1.314123529411764801e+00,-2.434158313809033469e+00
1.314298837209302295e+00,-2.432330974584352212e+00
1.314531395348837117e+00,-2.429548702642842617e+00
1.314880232558139461e+00,-2.428335578402285311e+00
1.315230232558139534e+00,-2.427755877457220990e+00
1.315811627906976700e+00,-2.426532761776782898e+00
1.316216091954023115e+00,-2.421220231682177371e+00
1.316560919540229690e+00,-2.425523809066047143e+00
1.316905747126436932e+00,-2.423503995528742294e+00
1.317195348837209457e+00,-2.426843747404308527e+00
1.317713793103448161e+00,-2.435651955857819573e+00
1.318111363636363498e+00,-2.438102278609652007e+00
1.318452272727272723e+00,-2.439767487121032197e+00
1.318620224719101008e+00,-2.441561836568756583e+00
1.319069662921348085e+00,-2.439740598759625012e+00
1.319631460674157264e+00,-2.435084924842249698e+00
1.320080898876404341e+00,-2.440459469528405645e+00
1.320471111111111151e+00,-2.441983380584979990e+00
1.320746153846154014e+00,-2.442683512221651920e+00
1.320965934065934100e+00,-2.445930311111685018e+00
1.321238043478260904e+00,-2.450930937926269593e+00
1.321564130434782491e+00,-2.457319517064464165e+00
1.321888043478260721e+00,-2.460076904607159776e+00
1.322322826086956615e+00,-2.460732695559317396e+00
1.322592473118279432e+00,-2.456541370994447693e+00
1.322756521739130386e+00,-2.452935303256753130e+00
1.323026881720430037e+00,-2.454622900566015176e+00
1.323349462365591478e+00,-2.455464792132537433e+00
1.323779569892473029e+00,-2.461109350444547594e+00
1.324044680851063971e+00,-2.461043136371922735e+00
1.324258510638297803e+00,-2.461484904507624361e+00
1.324523157894736958e+00,-2.465063992265488668e+00
1.324733684210526397e+00,-2.465448096049308813e+00
1.325049473684210444e+00,-2.465456499789470346e+00
1.325259999999999883e+00,-2.467513108949966227e+00
1.325628723404255194e+00,-2.474365137581121754e+00
1.325947872340425437e+00,-2.485686029385588469e+00
1.326267021276595681e+00,-2.490608862109139565e+00
1.326533684210526420e+00,-2.494618532256570376e+00
1.326905319148936391e+00,-2.493957250310309792e+00
1.327169473684210343e+00,-2.494561696513674320e+00
1.327695789473684496e+00,-2.499629307483656415e+00
1.328011578947368543e+00,-2.502257757523936199e+00
1.328327368421052590e+00,-2.507331184838060167e+00
1.328590625000000136e+00,-2.507231364627187986e+00
1.328853684210526298e+00,-2.514696379935724924e+00
1.329222340425532112e+00,-2.527147602778204050e+00
1.329488172043010952e+00,-2.527232415722687975e+00
1.329918279569892725e+00,-2.528599196654333525e+00
1.330297826086956681e+00,-2.531387432048654684e+00
1.330623913043478490e+00,-2.530076712393375615e+00
1.330950000000000077e+00,-2.524874368644289824e+00
1.331276086956521665e+00,-2.521912975632256693e+00
1.331602173913043474e+00,-2.522832945640003821e+00
1.331979569892473014e+00,-2.527210730593489441e+00
1.332302150537634455e+00,-2.529111825538115532e+00
1.332570212765957551e+00,-2.531931632327633519e+00
1.332782978723404232e+00,-2.533823341714166233e+00
1.333102127659574476e+00,-2.532886203081452514e+00
1.333421276595744720e+00,-2.532858986905435206e+00
1.333846808510638304e+00,-2.537177520806240594e+00
1.334111578947368537e+00,-2.539890140838348742e+00
1.334532631578947415e+00,-2.543168001655412347e+00
1.334848421052631462e+00,-2.548754627683310847e+00
1.335167368421052769e+00,-2.551298009395398747e+00
1.335483157894736816e+00,-2.553541077350398147e+00
1.335848958333333059e+00,-2.560113005353997551e+00
1.336110526315789526e+00,-2.560854455092425930e+00
1.336426315789473573e+00,-2.561582894940939603e+00
1.336689583333333209e+00,-2.559981663684162356e+00
1.336952631578947503e+00,-2.564988378685530090e+00
1.337268421052631773e+00,-2.566601057988016521e+00
1.337584210526315820e+00,-2.566818987766462890e+00
1.338005263157894698e+00,-2.571648248987008945e+00
1.338321052631578967e+00,-2.573578356346329699e+00
1.338636842105263458e+00,-2.578613977746640806e+00
1.338796808510638314e+00,-2.579126833138407626e+00
1.339115957446808558e+00,-2.575490780105857080e+00
1.339328723404255239e+00,-2.574105814449049401e+00
1.339593684210526270e+00,-2.575609397142507362e+00
1.340066666666666739e+00,-2.584578863700352169e+00
1.340326315789473810e+00,-2.587802655109994188e+00
1.340590624999999925e+00,-2.592379706274915652e+00
1.340905319148936181e+00,-2.596215888633837121e+00
1.341224468085106203e+00,-2.593804177403145950e+00
1.341543617021276447e+00,-2.595073844581008427e+00
1.341969148936170031e+00,-2.598712982648232028e+00
1.342236559139785124e+00,-2.605772186332545814e+00
1.342559139784945899e+00,-2.614084070232897794e+00
1.342774193548387007e+00,-2.616751297103966589e+00
1.343043478260869561e+00,-2.621649969396449453e+00
1.343369565217391370e+00,-2.620644119142721884e+00
1.343913043478260683e+00,-2.614800587026232304e+00
1.344347826086956577e+00,-2.618551039027616767e+00
1.344673913043478164e+00,-2.617580526641179794e+00
1.344836559139785059e+00,-2.615258148266910165e+00
1.345159139784946056e+00,-2.613731982508142870e+00
1.345589247311827830e+00,-2.609069755960268466e+00
1.346072340425531921e+00,-2.605029617441264822e+00
1.346338709677419310e+00,-2.606753768871776789e+00
1.346661290322580751e+00,-2.607172519192078930e+00
1.346876344086021415e+00,-2.607637649504549238e+00
1.347306451612903411e+00,-2.612656173316845631e+00
1.347629032258064408e+00,-2.616600824393302993e+00
1.348008695652173961e+00,-2.614550813381772976e+00
1.348443478260869410e+00,-2.609600768526646686e+00
1.348660869565217357e+00,-2.607089823559010089e+00
1.348878260869565304e+00,-2.606518652212461262e+00
1.349152747252747364e+00,-2.609123558282899769e+00
1.349424999999999875e+00,-2.612952241714174395e+00
1.349805494505494474e+00,-2.614043164834720656e+00
1.350081111111111065e+00,-2.613114719539335162e+00
1.350305555555555648e+00,-2.614069552682768638e+00
1.350638888888888722e+00,-2.613586021031468309e+00
1.350806593406593370e+00,-2.612791575324551197e+00
1.351246153846153986e+00,-2.616691368653903726e+00
1.351575824175824003e+00,-2.618078685190690980e+00
1.352015384615384619e+00,-2.624613964566735014e+00
1.352288043478260926e+00,-2.625682599621215640e+00
1.352614130434782513e+00,-2.622774840845039090e+00
1.352886813186813253e+00,-2.622106248151306662e+00
1.353159782608695627e+00,-2.625407107551063213e+00
1.353594565217391521e+00,-2.636382841208048333e+00
1.354138043478261055e+00,-2.644489510270966903e+00
1.354464130434782643e+00,-2.647487731435030245e+00
1.354790217391304230e+00,-2.653127091718674002e+00
1.355333695652173764e+00,-2.669784890067065763e+00
1.355659782608695796e+00,-2.677963924472921420e+00
1.356043956043956111e+00,-2.681212062133155882e+00
1.356373626373626351e+00,-2.680340281934831648e+00
1.356644565217391296e+00,-2.682836500612245434e+00
1.356970652173913106e+00,-2.686241974370777719e+00
1.357188043478261052e+00,-2.684647454037288661e+00
1.357462637362637281e+00,-2.682096077548340674e+00
1.357792307692307521e+00,-2.688263490604285266e+00
1.358280434782608515e+00,-2.701377492765078436e+00
1.358606521739130324e+00,-2.704846394947672650e+00
1.358822826086956370e+00,-2.700250743628353156e+00
1.358984946236559077e+00,-2.700250252379273075e+00
1.359256521739130141e+00,-2.705239042544199446e+00
1.359582608695652173e+00,-2.712424484232144106e+00
1.359961290322580618e+00,-2.718164130724171734e+00
1.360174736842105325e+00,-2.720310680971547157e+00
1.360490526315789372e+00,-2.728459002555184920e+00
1.360809473684210458e+00,-2.733492929122641524e+00
1.361074468085106348e+00,-2.739030762113761508e+00
1.361393617021276592e+00,-2.746311367686331995e+00
1.361712765957446836e+00,-2.747398543303497309e+00
1.362138297872340420e+00,-2.745586133401312079e+00
1.362512903225806538e+00,-2.749842204449882477e+00
1.362781914893616886e+00,-2.755626326099310575e+00
1.362994680851063789e+00,-2.759248421718904609e+00
1.363260215053763602e+00,-2.761441586120532143e+00
1.363636956521739219e+00,-2.766956747275679973e+00
1.364180434782608753e+00,-2.778267067105973709e+00
1.364506521739130562e+00,-2.778817227082075458e+00
1.364832608695652150e+00,-2.780211288787119095e+00
1.365050000000000097e+00,-2.777139339859874045e+00
1.365376086956521462e+00,-2.777416173923997533e+00
1.365755913978494718e+00,-2.776381033170276069e+00
1.366186021505376491e+00,-2.781002861511300051e+00
1.366508602150537488e+00,-2.783778270781184894e+00
1.366831182795698929e+00,-2.792023028086942471e+00
1.367046236559139594e+00,-2.798631380141527458e+00
1.367420212765957377e+00,-2.804101881544089458e+00
1.367739361702127621e+00,-2.801237805409549253e+00
1.368164893617021205e+00,-2.794147320794957867e+00
1.368540860215053945e+00,-2.799261900673566394e+00
1.368862365591397845e+00,-2.810196741565026191e+00
1.369023404255319321e+00,-2.814391122611110685e+00
1.369290322580645203e+00,-2.815629362705450500e+00
1.369612903225806422e+00,-2.816211790409354432e+00
1.369992391304347690e+00,-2.820025986417782793e+00
1.370318478260869721e+00,-2.819981736361679925e+00
1.370590322580645060e+00,-2.818864426657883282e+00
1.370912903225806501e+00,-2.818342858465781919e+00
1.371127956989247387e+00,-2.817484471040576199e+00
1.371450537634408606e+00,-2.815558156379126320e+00
1.371719565217391246e+00,-2.815348384961511297e+00
1.372154347826086918e+00,-2.821539029681570110e+00
1.372424731182795732e+00,-2.822161461268140492e+00
1.372747311827956951e+00,-2.819102950150734088e+00
1.373015957446808155e+00,-2.819268669542744021e+00
1.373286021505376375e+00,-2.817368538649501986e+00
1.373502150537634581e+00,-2.816662137890958206e+00
1.374039784946236464e+00,-2.809346067049989681e+00
1.374469892473118238e+00,-2.807622043446940996e+00
1.374899999999999789e+00,-2.813351581416414948e+00
1.375115053763440898e+00,-2.814471161145637890e+00
1.375437634408602117e+00,-2.814204613570018054e+00
1.375760215053763558e+00,-2.815881702961869237e+00
1.376190322580645109e+00,-2.823327775020100461e+00
1.376512903225806550e+00,-2.825187880478612357e+00
1.376943010752688101e+00,-2.822212526121183451e+00
1.377158064516128766e+00,-2.820998693263490953e+00
1.377480645161290207e+00,-2.822687874945194686e+00
1.377803225806451426e+00,-2.826249667110085628e+00
1.378074999999999717e+00,-2.831957614395249845e+00
1.378560215053763249e+00,-2.841646366810367308e+00
1.378883870967742009e+00,-2.847641795810704757e+00
1.379098924731182674e+00,-2.851139610621338694e+00
1.379365957446808233e+00,-2.852440680459302769e+00
1.379685106382978921e+00,-2.853089040032503743e+00
1.379895744680851299e+00,-2.856016430277275475e+00
1.380321276595744662e+00,-2.860976076922450151e+00
1.380588172043010653e+00,-2.863739460259909109e+00
1.380910752688172094e+00,-2.869136701211760787e+00
1.381125806451612981e+00,-2.874164396653732467e+00
1.381448387096774422e+00,-2.876868535812068917e+00
1.381717021276595680e+00,-2.881099608053634853e+00
1.382142553191489487e+00,-2.881890905683897941e+00
1.382461702127659953e+00,-2.885252012847896452e+00
1.382780851063829974e+00,-2.888468150382683675e+00
1.383152631578947522e+00,-2.890298604681008410e+00
1.383364210526315752e+00,-2.891897382023795426e+00
1.383730208333333378e+00,-2.896805127817728032e+00
1.384146875000000110e+00,-2.907002433154612486e+00
1.384459374999999826e+00,-2.915673057319972283e+00
1.384771874999999985e+00,-2.921798348444812010e+00
1.385136082474226704e+00,-2.923845208097363813e+00
1.385396874999999861e+00,-2.922479210681252937e+00
1.385762105263157906e+00,-2.920298037315903539e+00
1.386183157894736784e+00,-2.916882554354537138e+00
1.386498947368421053e+00,-2.915378909313081746e+00
1.386814736842105322e+00,-2.917360295822017502e+00
1.387078723404254976e+00,-2.917257939502853503e+00
1.387291489361702324e+00,-2.918183358992964216e+00
1.387560215053763590e+00,-2.918441036683607326e+00
1.387828723404255227e+00,-2.920954220576270188e+00
1.388254255319149033e+00,-2.921260332821742356e+00
1.388573404255318833e+00,-2.922508766724325024e+00
1.388837894736842049e+00,-2.921416234368571452e+00
1.389101041666666703e+00,-2.918233455694816403e+00
1.389364210526315979e+00,-2.918242181560026793e+00
1.389680000000000026e+00,-2.919376892935479084e+00
1.389942708333333554e+00,-2.920258205034218513e+00
1.390359374999999842e+00,-2.920581823120410370e+00
1.390618556701031183e+00,-2.916694842010444599e+00
1.391030927835051223e+00,-2.913858976909535770e+00
1.391237113402061798e+00,-2.916687849463507565e+00
1.391546391752577438e+00,-2.923260832489708250e+00
1.391855670103093079e+00,-2.924548104854191255e+00
1.392428124999999683e+00,-2.927487668681818977e+00
1.392740625000000065e+00,-2.928110486276494395e+00
1.393053124999999781e+00,-2.930370938755318733e+00
1.393261458333332925e+00,-2.931672125698119302e+00
1.393573958333333307e+00,-2.931604865702640783e+00
1.393836842105263152e+00,-2.929855007952572699e+00
1.394257894736842029e+00,-2.930664949555996657e+00
1.394573684210526521e+00,-2.930561198129513656e+00
1.394837234042552776e+00,-2.932384272715845785e+00
1.395103225806451741e+00,-2.933787426120354258e+00
1.395318279569892406e+00,-2.937673068379521801e+00
1.395640860215053847e+00,-2.950937248590987050e+00
1.395855913978494511e+00,-2.955110901421323266e+00
1.396286021505376063e+00,-2.961325242158425741e+00
1.396608602150537726e+00,-2.965113439125675932e+00
1.396880434782608704e+00,-2.967936776677097210e+00
1.397042857142857031e+00,-2.967936427977764691e+00
1.397317391304347511e+00,-2.972123241776336577e+00
1.397587912087912221e+00,-2.973355703709248843e+00
1.398027472527472614e+00,-2.979164026152892220e+00
1.398357142857142854e+00,-2.979707379245392307e+00
1.398743333333333450e+00,-2.981315023125241215e+00
1.399023076923077147e+00,-2.987556395744359161e+00
1.399298888888888870e+00,-2.989519555939113449e+00
1.399743333333333339e+00,-2.988753446209356124e+00
1.400298888888888760e+00,-2.988066806326156399e+00
1.400577528089887780e+00,-2.992074307161487035e+00
1.401026966292135079e+00,-3.005501576091111016e+00
1.401251685393258395e+00,-3.007010961041574504e+00
1.401588764044943813e+00,-3.003618696228324669e+00
1.402203333333333246e+00,-3.013097106322856877e+00
1.402647777777777716e+00,-3.018054936948624700e+00
1.403092222222222185e+00,-3.023595275454581621e+00
1.403368131868131918e+00,-3.018107084133242690e+00
1.403647777777777828e+00,-3.021391492592973016e+00
1.404031868131868199e+00,-3.027440706972333917e+00
1.404309999999999947e+00,-3.028212941487667287e+00
1.404704494382022384e+00,-3.028356800017596662e+00
1.404983333333333251e+00,-3.025187193656623919e+00
1.405259340659340550e+00,-3.028067480381243737e+00
1.405426666666666824e+00,-3.029551914702006243e+00
1.405759999999999899e+00,-3.027713569362662671e+00
1.406093333333333417e+00,-3.029544246307465549e+00
1.406486516853932667e+00,-3.034237255862862082e+00
1.406711235955055983e+00,-3.039274308693129978e+00
1.406991111111111303e+00,-3.045883557596864577e+00
1.407157142857142773e+00,-3.047877591681390275e+00
1.407432222222222196e+00,-3.048576611852142015e+00
1.407654444444444541e+00,-3.046558802741062166e+00
1.407932584269662835e+00,-3.043015263048711283e+00
1.408382022471910133e+00,-3.043387300632374171e+00
1.408662222222222260e+00,-3.041724163673189096e+00
1.409108888888888744e+00,-3.034882495003701219e+00
1.409387640449438317e+00,-3.038429105351178716e+00
1.409724719101123735e+00,-3.047392387594134888e+00
1.410286516853932692e+00,-3.059263447501577637e+00
1.410510112359550483e+00,-3.061227387675616640e+00
1.410903409090909166e+00,-3.055133663449077996e+00
1.411244318181818169e+00,-3.052348708938952715e+00
1.411641379310344835e+00,-3.050191813257112639e+00
1.411986206896551632e+00,-3.045566748748368635e+00
1.412560919540229776e+00,-3.048726694072791954e+00
1.413135632183908141e+00,-3.054286423234759962e+00
1.413421590909091030e+00,-3.062104364882350716e+00
1.413710344827586507e+00,-3.067774130568860613e+00
1.414055172413793082e+00,-3.069906227960629508e+00
1.414338636363636326e+00,-3.074096556326705532e+00
1.414793181818181811e+00,-3.079365214389104377e+00
1.415134090909091036e+00,-3.085758086277953005e+00
1.415415730337078681e+00,-3.084494801777241779e+00
1.415640449438202220e+00,-3.082838481500813188e+00
1.416141111111111295e+00,-3.079604631224002631e+00
1.416415384615384854e+00,-3.076132322034017985e+00
1.416854945054945247e+00,-3.069297333939791095e+00
1.417233695652174053e+00,-3.067915560058984692e+00
1.417503225806451495e+00,-3.072294474283109089e+00
1.417719354838710144e+00,-3.073395524191483208e+00
1.417985106382978477e+00,-3.077572225718538945e+00
1.418197872340425381e+00,-3.081097342223046098e+00
1.418623404255319409e+00,-3.084278024183274347e+00
1.418892473118279485e+00,-3.090286436137126724e+00
1.419160638297872534e+00,-3.101190692318620545e+00
1.419427956989247619e+00,-3.102533951297942405e+00
1.419750537634408616e+00,-3.099014304024779509e+00
1.420073118279570279e+00,-3.096392919413669009e+00
1.420452173913043126e+00,-3.101621848430784922e+00
1.420722580645161104e+00,-3.110260005921370308e+00
1.420936559139785116e+00,-3.113997567365382579e+00
1.421259139784945891e+00,-3.121415438148488430e+00
1.421474193548387221e+00,-3.130173610575244236e+00
1.421742553191489344e+00,-3.138166365771804855e+00
1.422061702127658922e+00,-3.146061172376900306e+00
1.422487234042553395e+00,-3.154772765752774433e+00
1.422806382978723416e+00,-3.162645087831554847e+00
1.423231914893617223e+00,-3.166507840802000207e+00
1.423444680851064126e+00,-3.168686511592842425e+00
1.423870212765957266e+00,-3.179430435542817346e+00
1.424189361702127732e+00,-3.185386788605552688e+00
1.424663157894736631e+00,-3.187522292753222075e+00
1.424978947368420901e+00,-3.187824054178106881e+00
1.425400000000000222e+00,-3.192401867070476573e+00
1.425610526315789661e+00,-3.195876016491310700e+00
1.425926315789473708e+00,-3.202031791144652306e+00
1.426347368421052808e+00,-3.208447016667847596e+00
1.426768421052631242e+00,-3.216514008325218388e+00
1.427084210526316177e+00,-3.224875856348893510e+00
1.427400000000000002e+00,-3.224383049324277106e+00
1.427610526315789441e+00,-3.230462190984716653e+00
1.427875531914893914e+00,-3.238309196104030452e+00
1.428138947368420952e+00,-3.245134450050057850e+00
1.428454736842105000e+00,-3.249560668362655225e+00
1.428820833333333207e+00,-3.257321573385416169e+00
1.429133333333333367e+00,-3.259055229995257541e+00
1.429392783505154529e+00,-3.254015545053825509e+00
1.429598969072165104e+00,-3.258298818999256330e+00
1.429858333333333453e+00,-3.263009714713239529e+00
1.430170833333333391e+00,-3.267371075338971309e+00
1.430531958762886413e+00,-3.266373068741628583e+00
1.430841237113402276e+00,-3.264043499852288477e+00
1.431097959183673440e+00,-3.263751178760414984e+00
1.431404081632652758e+00,-3.261743361759358084e+00
1.431608163265306377e+00,-3.261859738805536590e+00
1.431914285714286139e+00,-3.262403644842867045e+00
1.432220408163265013e+00,-3.257754592595294874e+00
1.432579381443299216e+00,-3.256315979327683241e+00
1.432939583333333156e+00,-3.254056898762586414e+00
1.433252083333333315e+00,-3.257686961438652773e+00
1.433460416666666681e+00,-3.256740076157474739e+00
1.433772916666666619e+00,-3.250595223992585492e+00
1.434033684210526127e+00,-3.244818022259040813e+00
1.434404255319148946e+00,-3.242280325261642560e+00
1.434829787234042531e+00,-3.248521669497884456e+00
1.435148936170212774e+00,-3.254570498559037794e+00
1.435415789473684534e+00,-3.253395915505486347e+00
1.435627956989247167e+00,-3.254568014091535400e+00
1.435950537634408608e+00,-3.256290253599060325e+00
1.436220652173913148e+00,-3.256940914524208086e+00
1.436601098901099105e+00,-3.257006184150644135e+00
1.436930769230769345e+00,-3.253093618627224348e+00
1.437204444444444507e+00,-3.252235170013104693e+00
1.437537777777777803e+00,-3.251301549565899673e+00
1.437924175824176087e+00,-3.250956010140411134e+00
1.438200000000000145e+00,-3.250740944279190359e+00
1.438644444444444614e+00,-3.247811431913462776e+00
1.439035955056179761e+00,-3.252686991388950233e+00
1.439429999999999987e+00,-3.256162543324657044e+00
1.439598876404494465e+00,-3.256388707797599036e+00
1.439935955056179884e+00,-3.258430843935367971e+00
1.440273033707864858e+00,-3.256814221489007011e+00
1.440834831460674037e+00,-3.254364384593573689e+00
1.441284269662921558e+00,-3.254391591501368364e+00
1.441564444444444426e+00,-3.259191267620363597e+00
1.441958426966292173e+00,-3.261313531703417201e+00
1.442295505617977369e+00,-3.264688201849196503e+00
1.442796666666666505e+00,-3.265650774948757551e+00
1.443130000000000024e+00,-3.268362645364740082e+00
1.443513186813186744e+00,-3.268129240610726516e+00
1.443732967032966830e+00,-3.270693872424266235e+00
1.444172527472527445e+00,-3.278385371522175795e+00
1.444386021505376316e+00,-3.286396683358651760e+00
1.444871739130434873e+00,-3.302372430371061984e+00
1.445197826086956683e+00,-3.297638549417287734e+00
1.445523913043478048e+00,-3.299371107149220883e+00
1.445793548387096727e+00,-3.300175197310521114e+00
1.446008602150537614e+00,-3.298918340549623629e+00
1.446275531914893442e+00,-3.297412154224786285e+00
1.446594680851063686e+00,-3.298497060604278275e+00
1.446963157894737062e+00,-3.305505528061952969e+00
1.447227659574468195e+00,-3.308130333570475479e+00
1.447491578947368351e+00,-3.308282751335889227e+00
1.447702105263158012e+00,-3.306185159839582610e+00
1.447965957446808227e+00,-3.302455205703233698e+00
1.448230526315789302e+00,-3.307273274563730769e+00
1.448602127659574412e+00,-3.310722886999460268e+00
1.448814893617021093e+00,-3.312751797940075349e+00
1.449134042553191559e+00,-3.315670323725227853e+00
1.449453191489361581e+00,-3.320968176963681184e+00
1.449717894736842094e+00,-3.326744486960808711e+00
1.449980851063829901e+00,-3.327239083420108212e+00
1.450299999999999701e+00,-3.329545263055250448e+00
1.450725531914893729e+00,-3.336499816617749747e+00
1.451044680851063751e+00,-3.349543129843107980e+00
1.451309677419354793e+00,-3.355524606019408385e+00
1.451524731182795902e+00,-3.354860408082440237e+00
1.451847311827957121e+00,-3.357810394892009942e+00
1.452277419354838450e+00,-3.365074852069630307e+00
1.452707526881720668e+00,-3.371318812975442558e+00
1.453137634408601775e+00,-3.372384770019726474e+00
1.453567741935483992e+00,-3.371130677628317862e+00
1.453890322580644767e+00,-3.372759679347316464e+00
1.454159782608695384e+00,-3.372441847883468569e+00
1.454485869565217415e+00,-3.372138454526451667e+00
1.454864516129031671e+00,-3.378191285506599417e+00
1.455294623655913888e+00,-3.384326569549027663e+00
1.455617204301074885e+00,-3.389539437997731941e+00
1.455832258064515994e+00,-3.394924218738974542e+00
1.456154838709677879e+00,-3.405770713578201381e+00
1.456584946236558764e+00,-3.422624670156123372e+00
1.457015053763440759e+00,-3.423382048631316898e+00
1.457281914893616914e+00,-3.424704409765185975e+00
1.457601063829787158e+00,-3.429579575539440039e+00
1.457815957446808586e+00,-3.435735843350709473e+00
1.458030851063829791e+00,-3.439800670005874750e+00
1.458349999999999813e+00,-3.442517421152758494e+00
1.458612631578947605e+00,-3.442547007996156427e+00
1.458929473684210665e+00,-3.445301454715268274e+00
1.459350526315789542e+00,-3.447813146101486925e+00
1.459615957446808165e+00,-3.451860290457696046e+00
1.459828723404255069e+00,-3.454806768967641606e+00
1.460093684210525655e+00,-3.461264970077650105e+00
1.460409473684210813e+00,-3.464530490341357627e+00
1.460830526315789468e+00,-3.468701739132138417e+00
1.461095744680851238e+00,-3.463254964995385876e+00
1.461308510638297919e+00,-3.460944634501248895e+00
1.461575789473684273e+00,-3.460143289281836232e+00
1.461786021505376398e+00,-3.458990793592918056e+00
1.462108602150537617e+00,-3.457118384807227773e+00
1.462538709677418947e+00,-3.451953943842754668e+00
1.462917391304347614e+00,-3.459374759890366136e+00
1.463190109890109669e+00,-3.464988980990587386e+00
1.463519780219780353e+00,-3.461042732392514143e+00
1.463795555555555294e+00,-3.459285788277351781e+00
1.464073626373626258e+00,-3.457134930261108519e+00
1.464456666666666962e+00,-3.452943644583582383e+00
1.464901111111111209e+00,-3.454343358598617186e+00
1.465234444444444950e+00,-3.452822282945474885e+00
1.465567777777777358e+00,-3.454575345891760740e+00
1.465846067415730314e+00,-3.452593951847148901e+00
1.466183146067415732e+00,-3.449162015866587438e+00
1.466632584269662809e+00,-3.447051422994932057e+00
1.467194382022471766e+00,-3.455532329674053660e+00
1.467477272727272686e+00,-3.457235855986185769e+00
1.467758426966292218e+00,-3.460209314250092483e+00
1.468207865168539294e+00,-3.464673943594208438e+00
1.468544943820224713e+00,-3.465136931220296201e+00
1.469046666666666834e+00,-3.471757990217851031e+00
1.469380000000000130e+00,-3.474844771547541900e+00
1.469654945054945205e+00,-3.477460153734818871e+00
1.469984615384615223e+00,-3.480521723410884505e+00
1.470314285714285685e+00,-3.479761502848992105e+00
1.470643956043955924e+00,-3.483607322009909968e+00
1.471135869565217247e+00,-3.493432190051800834e+00
1.471410989010989212e+00,-3.495129288742249152e+00
1.471682608695652261e+00,-3.501245711401841820e+00
1.471952688172042834e+00,-3.508669131972790733e+00
1.472168817204300817e+00,-3.512692834487869398e+00
1.472598924731183034e+00,-3.524822482795271661e+00
1.472972340425531712e+00,-3.537129775718201863e+00
1.473236842105263289e+00,-3.537226344197754724e+00
1.473503191489361930e+00,-3.542319126337321045e+00
1.473768421052631616e+00,-3.549372688525644026e+00
1.473978947368421055e+00,-3.553848274748458103e+00
1.474294736842105102e+00,-3.558698316092338665e+00
1.474610526315789816e+00,-3.566165039565203809e+00
1.474924210526315616e+00,-3.570624032313562068e+00
1.475239999999999663e+00,-3.576511145489861487e+00
1.475555789473683710e+00,-3.585116639690951512e+00
1.475818750000000179e+00,-3.588581769636697505e+00
1.476131249999999895e+00,-3.601169548442585189e+00
1.476443749999999833e+00,-3.607196835050934247e+00
1.476756249999999993e+00,-3.614496395349454438e+00
1.477172916666666502e+00,-3.625190161033740921e+00
1.477431958762886577e+00,-3.628519295808832368e+00
1.477741237113401773e+00,-3.630345476275878447e+00
1.477947422680412126e+00,-3.629346931855129466e+00
1.478359793814433054e+00,-3.635275452011222708e+00
1.478669072164948251e+00,-3.639877597381014240e+00
1.479081443298969178e+00,-3.644343301369122656e+00
1.479339583333333374e+00,-3.645144089196186155e+00
1.479652083333333534e+00,-3.640253175665293828e+00
1.479964583333333250e+00,-3.637141430626319227e+00
1.480277083333333410e+00,-3.642469075961571434e+00
1.480540000000000189e+00,-3.646798490707715334e+00
1.480910638297872062e+00,-3.647965604960620389e+00
1.481175789473683890e+00,-3.656106012540217165e+00
1.481491578947368160e+00,-3.659082234787213839e+00
1.481807368421052651e+00,-3.660453391875775342e+00
1.482017894736842090e+00,-3.663384283226445159e+00
1.482333684210526137e+00,-3.665157806869002055e+00
1.482649473684210850e+00,-3.662516104726902810e+00
1.483070526315789284e+00,-3.665363935655955530e+00
1.483332291666666691e+00,-3.664623524479451167e+00
1.483644791666666407e+00,-3.664471145435618027e+00
1.483905154639175494e+00,-3.666132761200158630e+00
1.484165624999999933e+00,-3.671679918912087892e+00
1.484582291666666665e+00,-3.674012403542061822e+00
1.484945360824742266e+00,-3.674164367124251207e+00
1.485254639175257463e+00,-3.672977049607355937e+00
1.485667010309278391e+00,-3.666023479435482901e+00
1.485976288659793809e+00,-3.663245976975177509e+00
1.486236458333333177e+00,-3.654532710744459401e+00
1.486548958333333337e+00,-3.655332194706498949e+00
1.486914736842104956e+00,-3.649865284576578439e+00
1.487230526315789225e+00,-3.649093180421447258e+00
1.487546315789473050e+00,-3.650754982975217722e+00
1.487811702127659785e+00,-3.651864855617710237e+00
1.488024468085106466e+00,-3.654461269633193066e+00
1.488292473118279391e+00,-3.654735408520878526e+00
1.488561956521739171e+00,-3.654530050545983233e+00
1.488941758241758118e+00,-3.652607332780217320e+00
1.489217391304347826e+00,-3.654415034736123058e+00
1.489543478260869636e+00,-3.659354307986112609e+00
1.489816129032257797e+00,-3.663885284657527386e+00
1.490086956521739392e+00,-3.666737529758459235e+00
1.490358064516128955e+00,-3.669154123463426842e+00
1.490627659574467856e+00,-3.672229601518668396e+00
1.491159574468085225e+00,-3.676779865463544184e+00
1.491478723404255247e+00,-3.677092956476906593e+00
1.491851578947368751e+00,-3.676386393282536247e+00
1.492117021276595956e+00,-3.675462909857923233e+00
1.492384946236559484e+00,-3.679281821222372351e+00
1.492815053763441036e+00,-3.683057612309759588e+00
1.493352688172042697e+00,-3.700682360549642169e+00
1.493782795698925137e+00,-3.710864378237915595e+00
1.494105376344086133e+00,-3.714491631073646438e+00
1.494374999999999565e+00,-3.717444621879988809e+00
1.494701086956521818e+00,-3.722764261736642322e+00
1.495135869565217268e+00,-3.731895063157194770e+00
1.495461956521739522e+00,-3.738894931723762305e+00
1.495788043478260887e+00,-3.744554565206672958e+00
1.496114130434782474e+00,-3.753515380892568309e+00
1.496274193548387199e+00,-3.755744925807566581e+00
1.496596774193548418e+00,-3.756633203526092313e+00
1.496919354838709193e+00,-3.760140300293354887e+00
1.497290425531915048e+00,-3.763270047534360341e+00
1.497715957446808188e+00,-3.767324158035425530e+00
1.497977894736842064e+00,-3.767871930225819899e+00
1.498188421052631947e+00,-3.766755254901189787e+00
1.498447916666666657e+00,-3.768157688599646615e+00
1.498706185567010518e+00,-3.772160023502244552e+00
1.499066326530611892e+00,-3.782446562102974585e+00
1.499423711340206022e+00,-3.789276080345467701e+00
1.499732989690721885e+00,-3.794594883564210708e+00
1.499940206185567115e+00,-3.799354851505790442e+00
1.500200000000000200e+00,-3.801268218302120694e+00
1.500512500000000138e+00,-3.801738263177942834e+00
1.500825000000000076e+00,-3.799239685364616204e+00
1.501241666666666363e+00,-3.804725456613111678e+00
1.501554166666666523e+00,-3.808946910871836788e+00
1.501866666666666461e+00,-3.812537010357541778e+00
1.502074999999999605e+00,-3.818672113431165638e+00
1.502334020618556254e+00,-3.822068207119644345e+00
1.502643298969072116e+00,-3.827016280872030052e+00
1.502952577319587757e+00,-3.830204904740061700e+00
1.503364948453608241e+00,-3.824527911284195891e+00
1.503674226804123881e+00,-3.822110623901218140e+00
1.503933333333333344e+00,-3.817074936043290734e+00
1.504141666666666710e+00,-3.818595744166357608e+00
1.504504123711340347e+00,-3.825746776642478419e+00
1.504916494845360608e+00,-3.831798136890173456e+00
1.505328865979381314e+00,-3.833280634404445220e+00
1.505638144329896733e+00,-3.836451163448496349e+00
1.505947422680412373e+00,-3.837181046284867669e+00
1.506153608247422504e+00,-3.835769552152583639e+00
1.506462886597938144e+00,-3.840354175146798443e+00
1.506772164948453785e+00,-3.847116498619394864e+00
1.507184536082474491e+00,-3.849427002036996281e+00
1.507443750000000193e+00,-3.850868118875147239e+00
1.507756249999999909e+00,-3.853198211473165546e+00
1.508018947368420903e+00,-3.859371862170945633e+00
1.508229473684210564e+00,-3.860432839462023313e+00
1.508545263157894833e+00,-3.859765023693739749e+00
1.508917021276595438e+00,-3.861838029595495936e+00
1.509342553191489689e+00,-3.867471480652474369e+00
1.509606315789473685e+00,-3.870729187628331402e+00
1.509869791666666572e+00,-3.872363859297625055e+00
1.510078124999999716e+00,-3.871242492530005741e+00
1.510390625000000098e+00,-3.875477667928730607e+00
1.510703124999999813e+00,-3.879812144339004121e+00
1.511119791666666545e+00,-3.877701631974356911e+00
1.511432291666666705e+00,-3.877326748370959475e+00
1.511744791666666643e+00,-3.878105030620708771e+00
1.512057291666666581e+00,-3.874780274455812190e+00
1.512369791666666741e+00,-3.877877981225110293e+00
1.512630526315789536e+00,-3.883845179325637442e+00
1.513051578947368414e+00,-3.889920921018686695e+00
1.513472631578947736e+00,-3.894673386034484430e+00
1.513788421052631783e+00,-3.904067290530487178e+00
1.514052083333333298e+00,-3.913972756272518172e+00
1.514314736842105269e+00,-3.916384756753800378e+00
1.514630526315789316e+00,-3.913738578183331818e+00
1.514946315789473585e+00,-3.914283243118238609e+00
1.515367368421052685e+00,-3.920544446932731741e+00
1.515632978723404412e+00,-3.929950839493532744e+00
1.515952127659574655e+00,-3.938802686119014851e+00
1.516164893617021558e+00,-3.945093645484680778e+00
1.516431182795698662e+00,-3.953035422910950558e+00
1.516753763440860547e+00,-3.959259182441288605e+00
1.517076344086021766e+00,-3.971736225909689999e+00
1.517451063829786895e+00,-3.979796468897344397e+00
1.517772340425531663e+00,-3.986204561318083428e+00
1.518091489361701685e+00,-3.992936726088953669e+00
1.518304255319148588e+00,-4.000648020242248748e+00
1.518517021276595713e+00,-4.008297953997852048e+00
1.518942553191489298e+00,-4.008067861565558054e+00
1.519368085106383104e+00,-4.012404429385972193e+00
1.519687234042552682e+00,-4.014584788339978338e+00
1.520006382978723369e+00,-4.019644851511765538e+00
1.520165591397849569e+00,-4.023102547397874318e+00
1.520595698924730899e+00,-4.022807911705536199e+00
1.520918279569892562e+00,-4.027703176346093983e+00
1.521348387096774113e+00,-4.035157877292619766e+00
1.521778494623655886e+00,-4.046818855905729428e+00
1.522101075268817327e+00,-4.056523736235668309e+00
1.522316129032257992e+00,-4.059624870188622836e+00
1.522691489361701844e+00,-4.057857457990133199e+00
1.522958064516129362e+00,-4.058358180052188402e+00
1.523388172043010913e+00,-4.055713898290406405e+00
1.523818279569892908e+00,-4.057566668445932834e+00
1.524084042553191187e+00,-4.055688654022652884e+00
1.524296808510637868e+00,-4.056964908566333072e+00
1.524615957446808778e+00,-4.059195539261548191e+00
1.524883870967741917e+00,-4.060925184765749485e+00
1.525421505376344466e+00,-4.065736219901595838e+00
1.525687234042553353e+00,-4.061218309823403594e+00
1.525955913978494172e+00,-4.059017542730339656e+00
1.526224468085106478e+00,-4.059586281819332676e+00
1.526439361702127906e+00,-4.055051169274475065e+00
1.526758510638297484e+00,-4.053471770813716901e+00
1.527077659574468393e+00,-4.048644568893366547e+00
1.527503191489361978e+00,-4.050594856162883950e+00
1.527767368421052430e+00,-4.052535705886699979e+00
1.528188421052631529e+00,-4.054005723131094641e+00
1.528398947368421190e+00,-4.052702541936409553e+00
1.528661458333333556e+00,-4.050291731805117479e+00
1.528973958333333272e+00,-4.055344210666705251e+00
1.529390625000000226e+00,-4.063067631083981723e+00
1.529703124999999941e+00,-4.069988321418099630e+00
1.530119791666666673e+00,-4.072984049663464390e+00
1.530275257731958716e+00,-4.073721109614226954e+00
1.530584536082474356e+00,-4.074031884178530127e+00
1.530996907216494840e+00,-4.067756297594488757e+00
1.531409278350515546e+00,-4.076436875985891106e+00
1.531718556701030742e+00,-4.078328976133852812e+00
1.532027835051546605e+00,-4.079885122192120406e+00
1.532337113402061801e+00,-4.084396192299720063e+00
1.532543298969072154e+00,-4.084795454300399697e+00
1.532852577319587573e+00,-4.084322117149733700e+00
1.533108163265306301e+00,-4.087124727458266271e+00
1.533516326530611984e+00,-4.094676169108097952e+00
1.533822448979591968e+00,-4.095052796002991435e+00
1.534128571428571286e+00,-4.095655736423838178e+00
1.534382828282828015e+00,-4.096037766839569549e+00
1.534638775510204001e+00,-4.098139825630170208e+00
1.534891919191919474e+00,-4.102899489276746081e+00
1.535144897959183519e+00,-4.107319852937828308e+00
1.535553061224489868e+00,-4.114056957550034532e+00
1.535807070707070565e+00,-4.114286739070093013e+00
1.536110101010100815e+00,-4.116714670446835811e+00
1.536261224489795740e+00,-4.119884201151990943e+00
1.536567346938775502e+00,-4.127290697769507410e+00
1.536873469387755042e+00,-4.133513203597217078e+00
1.537281632653061392e+00,-4.138084541409374317e+00
1.537587755102040710e+00,-4.136575836385656402e+00
1.537893877551020472e+00,-4.139851604678375097e+00
1.538200000000000456e+00,-4.148237706885410603e+00
1.538404081632652742e+00,-4.153736347808299811e+00
1.538710204081632726e+00,-4.160342180479762675e+00
1.539016326530612488e+00,-4.160815216970818575e+00
1.539373195876288625e+00,-4.158331652198488548e+00
1.539682474226804487e+00,-4.156586995870281243e+00
1.539991752577319462e+00,-4.160465100980466069e+00
1.540301030927835102e+00,-4.164253517137169958e+00
1.540610309278350520e+00,-4.172895039086578883e+00
1.540919587628866383e+00,-4.184332471603847914e+00
1.541383333333333328e+00,-4.184823114527840282e+00
1.541695833333333487e+00,-4.187099752006140818e+00
1.542008333333333425e+00,-4.195821300478094429e+00
1.542269072164948351e+00,-4.199849732764278087e+00
1.542529166666666507e+00,-4.205455005704219040e+00
1.542841666666666667e+00,-4.214034559932579249e+00
1.543154166666666605e+00,-4.220583400411835662e+00
1.543570833333333558e+00,-4.228650610609801852e+00
1.543883333333333496e+00,-4.237515111116162636e+00
1.544195833333333434e+00,-4.244598615324759017e+00
1.544508333333333594e+00,-4.255019900130998067e+00
1.544820833333333310e+00,-4.261455629657731947e+00
1.545133333333333470e+00,-4.265530492320961820e+00
1.545493814432989721e+00,-4.267805018683103135e+00
1.545803092783505139e+00,-4.270807393463366353e+00
1.546112371134020336e+00,-4.279969443818322894e+00
1.546369387755101688e+00,-4.278188329297546666e+00
1.546675510204081450e+00,-4.277501639845655568e+00
1.546981632653061212e+00,-4.277514068887807497e+00
1.547287755102040752e+00,-4.279775358387401418e+00
1.547695918367347101e+00,-4.290023260564511887e+00
1.548002040816326419e+00,-4.295161748571624472e+00
1.548308163265306181e+00,-4.299336012949712682e+00
1.548512244897959356e+00,-4.298640637631192085e+00
1.548818367346938452e+00,-4.301962431605568682e+00
1.549124489795918436e+00,-4.306567589683738539e+00
1.549431632653061275e+00,-4.311717249846592104e+00
1.549737755102040593e+00,-4.314246065319670365e+00
1.549994845360824769e+00,-4.313755154486901944e+00
1.550304123711340187e+00,-4.319225312022592966e+00
1.550510309278350318e+00,-4.323749295071675824e+00
1.550819587628865959e+00,-4.327834738495304201e+00
1.551128865979381377e+00,-4.327104353283301563e+00
1.551440206185566995e+00,-4.331210287724251984e+00
1.551749484536082413e+00,-4.329747552433346414e+00
1.552058762886598053e+00,-4.324658536356492000e+00
1.552317346938775655e+00,-4.327305188325092367e+00
1.552574226804123825e+00,-4.330628546726392081e+00
1.552883505154639021e+00,-4.331705935653510586e+00
1.553192783505154440e+00,-4.334990887645266966e+00
1.553605154639175367e+00,-4.340733826806250306e+00
1.553914432989690564e+00,-4.340716524162068879e+00
1.554223711340205982e+00,-4.341453322650768776e+00
1.554532989690721845e+00,-4.340143672800778063e+00
1.554945360824742329e+00,-4.341053626029792945e+00
1.555254639175257969e+00,-4.348586117158708575e+00
1.555667010309278231e+00,-4.356891749192202568e+00
1.555926041666666704e+00,-4.357606964738351962e+00
1.556342708333333436e+00,-4.360317972905356498e+00
1.556551041666666579e+00,-4.361596907688564784e+00
1.556863541666666739e+00,-4.366046170679977578e+00
1.557176041666666677e+00,-4.370499108666145105e+00
1.557592708333333631e+00,-4.368572376498396359e+00
1.557905208333333347e+00,-4.367285024480255906e+00
1.558217708333333285e+00,-4.366050539102705130e+00
1.558530208333333222e+00,-4.372191233231519369e+00
1.558738541666666366e+00,-4.369850480945799198e+00
1.559051041666666748e+00,-4.366382801772521027e+00
1.559363541666666464e+00,-4.364062121756314916e+00
1.559723711340206265e+00,-4.369170902093215680e+00
1.559979591836734736e+00,-4.372900644452663244e+00
1.560285714285714498e+00,-4.377590287606031971e+00
1.560540404040404061e+00,-4.382188842355998482e+00
1.560897959183673356e+00,-4.384725557326775380e+00
1.561204081632653340e+00,-4.391854310758861679e+00
1.561557575757575478e+00,-4.395819995870678731e+00
1.561811224489795702e+00,-4.397732839107915126e+00
1.562117346938775464e+00,-4.403490077719325768e+00
1.562374226804123634e+00,-4.400449024007641263e+00
1.562580412371133987e+00,-4.396735552963206395e+00
1.562889690721649627e+00,-4.394648857280395227e+00
1.563198969072165045e+00,-4.394484372112292370e+00
1.563611340206185751e+00,-4.396563658621265525e+00
1.563920618556701392e+00,-4.400465946440200504e+00
1.564229896907216588e+00,-4.398158971782660132e+00
1.564487755102040634e+00,-4.399978984167473683e+00
1.564745360824742360e+00,-4.402719684167641923e+00
1.565054639175257556e+00,-4.400229012017004671e+00
1.565363917525772974e+00,-4.396009539371378949e+00
1.565776288659793680e+00,-4.393833349936019594e+00
1.566031632653061001e+00,-4.394536147327059439e+00
1.566287628865979498e+00,-4.399897385201542832e+00
1.566493814432989629e+00,-4.402711365689659040e+00
1.566906185567010334e+00,-4.400616890701291695e+00
1.567318556701031262e+00,-4.405752851083117427e+00
1.567730927835051524e+00,-4.412145503279933934e+00
1.568040206185567165e+00,-4.410777474894872263e+00
1.568349484536082361e+00,-4.406595604925383824e+00
1.568555670103092714e+00,-4.405227049224615499e+00
1.568864948453607910e+00,-4.411408001833635240e+00
1.569174226804123551e+00,-4.417572487072778387e+00
1.569433333333333458e+00,-4.419423716329720087e+00
1.569849999999999968e+00,-4.419177661943960445e+00
1.570162500000000128e+00,-4.421144027386656461e+00
1.570475000000000065e+00,-4.420745464928306667e+00
1.570683333333333209e+00,-4.420733975407337368e+00
1.570995833333333147e+00,-4.420541844039468593e+00
1.571412500000000101e+00,-4.417949345126257477e+00
1.571776288659793908e+00,-4.422156944424974867e+00
1.572085567010309326e+00,-4.423060084216034582e+00
1.572341836734693965e+00,-4.428342412394997929e+00
1.572596969696969493e+00,-4.435405275623187649e+00
1.572852040816326458e+00,-4.437570988922037607e+00
1.573109278350515838e+00,-4.438518694382787011e+00
1.573418556701031035e+00,-4.437048365056827315e+00
1.573830927835051741e+00,-4.441792954547386429e+00
1.574140206185567159e+00,-4.446628033233384514e+00
1.574503125000000336e+00,-4.449671666380718094e+00
1.574711458333333480e+00,-4.450037286503007117e+00
1.574972631578947402e+00,-4.451999699392608534e+00
1.575288421052631671e+00,-4.456419129870837992e+00
1.575709473684210105e+00,-4.460110361773717891e+00
1.576025263157895040e+00,-4.464449928168509274e+00
1.576287500000000064e+00,-4.465199043845834659e+00
1.576495833333333207e+00,-4.465000967921024966e+00
1.576757894736842136e+00,-4.470060542008985394e+00
1.577073684210525961e+00,-4.469825581530465719e+00
1.577389473684210675e+00,-4.469624217454104098e+00
1.577758510638298306e+00,-4.475739453166827531e+00
1.578184042553191446e+00,-4.474793505530758608e+00
1.578503191489361690e+00,-4.476438597967543842e+00
1.578715957446808371e+00,-4.477432725674699299e+00
1.579035106382978615e+00,-4.476111223395449201e+00
1.579406315789473991e+00,-4.473988248512341670e+00
1.579827368421052425e+00,-4.472371078493743823e+00
1.580197872340425524e+00,-4.476728316491163540e+00
1.580517021276595768e+00,-4.473685405232060930e+00
1.580729787234042005e+00,-4.472507653856021115e+00
1.581048936170213137e+00,-4.474783431146795110e+00
1.581368085106382937e+00,-4.477641661646826421e+00
1.581900000000000306e+00,-4.465673282775117769e+00
1.582219148936170106e+00,-4.460093811484054704e+00
1.582538297872340349e+00,-4.453891955193752139e+00
1.582857446808510593e+00,-4.448833725545947360e+00
1.583121052631578873e+00,-4.444776873355262836e+00
1.583436842105262921e+00,-4.435196408597199103e+00
1.583857894736842464e+00,-4.426206462592997326e+00
1.584173684210526512e+00,-4.417465055259389928e+00
1.584435416666666541e+00,-4.408371459149547533e+00
1.584747916666666923e+00,-4.398076854928027579e+00
1.584956250000000066e+00,-4.389711086506969728e+00
1.585316494845360857e+00,-4.375105742044015145e+00
1.585577083333333137e+00,-4.362447130057646838e+00
1.585993750000000091e+00,-4.345165663432613457e+00
1.586306250000000473e+00,-4.328602384955754445e+00
1.586618750000000189e+00,-4.316778406274680790e+00
1.586773195876288955e+00,-4.309347668291310995e+00
1.587082474226804152e+00,-4.292867992877622108e+00
1.587391752577319570e+00,-4.278774072241628090e+00
1.587701030927835211e+00,-4.261807149287150764e+00
1.588058163265305911e+00,-4.247824722269960773e+00
1.588364285714285895e+00,-4.235199464598895069e+00
1.588670408163265435e+00,-4.217755865493128198e+00
1.588874489795918388e+00,-4.208172151255971549e+00
1.589180612244897928e+00,-4.193343332591325634e+00
1.589486734693877468e+00,-4.177751480641600068e+00
1.589894897959183595e+00,-4.151656517219564968e+00
1.590148484848484811e+00,-4.126963195581738297e+00
1.590552525252525218e+00,-4.088977969067237872e+00
1.590754545454545310e+00,-4.070625106979120389e+00
1.591057575757575782e+00,-4.040633890733449363e+00
1.591360606060606475e+00,-4.009825941125045645e+00
1.591663636363636058e+00,-3.983960746362223304e+00
1.592019387755102322e+00,-3.951333816229906315e+00
1.592325510204081418e+00,-3.917535857170745039e+00
1.592631632653061180e+00,-3.881216225454994007e+00
1.592835714285714355e+00,-3.859057998659732647e+00
1.593090721649484731e+00,-3.832276576205492002e+00
1.593399999999999928e+00,-3.801932823017448282e+00
1.593760416666666790e+00,-3.759250455500179999e+00
1.594072916666666728e+00,-3.721763651200620693e+00
1.594385416666666666e+00,-3.682879497917940892e+00
1.594697916666666826e+00,-3.641987157464131375e+00
1.594906249999999970e+00,-3.616993337579844425e+00
1.595218750000000130e+00,-3.577514641029976072e+00
1.595477319587628839e+00,-3.536021982052055979e+00
1.595889690721649545e+00,-3.473357263037473164e+00
1.596198969072164964e+00,-3.429032442744837095e+00
1.596508247422680160e+00,-3.381265865559209161e+00
1.596817525773195579e+00,-3.328251263829307582e+00
1.597076041666666724e+00,-3.286369757170275907e+00
1.597388541666666661e+00,-3.230313584148993833e+00
1.597805208333333171e+00,-3.154839330334374026e+00
1.598221875000000125e+00,-3.070772461555386190e+00
1.598534374999999841e+00,-3.011621354594157474e+00
1.598846875000000223e+00,-2.951096196551902917e+00
1.599159374999999939e+00,-2.887988573231693668e+00
1.599471875000000098e+00,-2.829301517008116829e+00
1.599888541666666386e+00,-2.752932853185786843e+00
1.600201041666666768e+00,-2.697584431226685897e+00
1.600513541666666706e+00,-2.644767855403619361e+00
1.600826041666666422e+00,-2.591254095770315846e+00
1.600984210526315898e+00,-2.563527244967425123e+00
1.601300000000000168e+00,-2.507998235829581368e+00
1.601615789473684215e+00,-2.456117226172304324e+00
1.601982291666666613e+00,-2.398400570137570575e+00
1.602398958333333345e+00,-2.332924468263628537e+00
1.602711458333333283e+00,-2.293773137450571653e+00
1.602919791666666427e+00,-2.267386843278778930e+00
1.603179381443299301e+00,-2.235584579640080616e+00
1.603488659793814497e+00,-2.192475509184689031e+00
1.603747916666666606e+00,-2.155733821847582554e+00
1.604109278350515533e+00,-2.115675527084501795e+00
1.604418556701030951e+00,-2.078873559265138837e+00
1.604727835051546370e+00,-2.039708397199012868e+00
1.604934020618556945e+00,-2.015395817123165845e+00
1.605243298969072141e+00,-1.984156413716167799e+00
1.605552577319587559e+00,-1.964787134814486080e+00
1.606068041237113109e+00,-1.920132695674108936e+00
1.606377319587628971e+00,-1.893234914761993126e+00
1.606686597938144390e+00,-1.865453467455054914e+00
1.606892783505154521e+00,-1.854238909028842253e+00
1.607148979591836557e+00,-1.842170657715159976e+00
1.607455102040816541e+00,-1.828629016791688544e+00
1.607761224489795859e+00,-1.814737613851149067e+00
1.608169387755102209e+00,-1.804745374682078296e+00
1.608475510204081971e+00,-1.797163790149097107e+00
1.608883673469387876e+00,-1.783211749504717281e+00
1.609087755102040607e+00,-1.777688056070427347e+00
1.609393877551020369e+00,-1.765812208171368081e+00
1.609699999999999909e+00,-1.753256603362801203e+00
1.610108163265306258e+00,-1.748273904232818365e+00
1.610414285714285576e+00,-1.745010253299541736e+00
1.610720408163265116e+00,-1.740368613177516233e+00
1.610923000000000327e+00,-1.743041401486996600e+00
1.611175757575757483e+00,-1.741971006609766670e+00
1.611478787878787733e+00,-1.743386156172497481e+00
1.611781818181818426e+00,-1.743711860033907435e+00
1.612137755102040826e+00,-1.747598764072060273e+00
1.612443877551020588e+00,-1.746611550513099909e+00
1.612750000000000128e+00,-1.738766294062098927e+00
1.612954081632652859e+00,-1.735009107930964634e+00
1.613260204081632621e+00,-1.732237570317537223e+00
1.613566326530612605e+00,-1.726818075176979272e+00
1.613819191919191764e+00,-1.724920206211192575e+00
1.614223232323232615e+00,-1.716255463415246707e+00
1.614526262626262865e+00,-1.716376954655561615e+00
1.614829292929292892e+00,-1.716278147420535305e+00
1.615031313131313206e+00,-1.715526251646140476e+00
1.615334343434343456e+00,-1.711258512004885102e+00
1.615637373737373483e+00,-1.706582382235205309e+00
1.616041414141414556e+00,-1.708930916238758480e+00
1.616344444444444139e+00,-1.705301610976315496e+00
1.616596938775510139e+00,-1.705494390009911099e+00
1.616903061224490123e+00,-1.702635201981782309e+00
1.617209183673469219e+00,-1.700936929803767539e+00
1.617515306122448759e+00,-1.694914043418710214e+00
1.617821428571428743e+00,-1.690344524545111415e+00
1.618229591836734427e+00,-1.684083883305502072e+00
1.618535714285714411e+00,-1.679684265860243331e+00
1.618841836734693951e+00,-1.675034007698728900e+00
1.619045918367346681e+00,-1.675419554459256721e+00
1.619352040816326666e+00,-1.678493817379952846e+00
1.619658163265305983e+00,-1.682905450375068668e+00
1.620066326530612111e+00,-1.683386009696568930e+00
1.620372448979591873e+00,-1.681713557887486887e+00
1.620629896907216150e+00,-1.676495660136238630e+00
1.620939175257732012e+00,-1.666345255367039702e+00
1.621145360824742365e+00,-1.662804225285597237e+00
1.621454639175257562e+00,-1.652200939540789726e+00
1.621867010309278267e+00,-1.643883925916926003e+00
1.622224489795918378e+00,-1.641200766006691625e+00
1.622530612244898141e+00,-1.643345501516669582e+00
1.622836734693877681e+00,-1.640047407113421674e+00
1.622990721649484325e+00,-1.636117424580161073e+00
1.623299999999999743e+00,-1.633651193320193151e+00
1.623609278350515384e+00,-1.629408090971264711e+00
1.624021649484535867e+00,-1.624160703261402272e+00
1.624330927835051508e+00,-1.622018993697691203e+00
1.624640206185567370e+00,-1.620993122692680144e+00
1.624949484536082567e+00,-1.622027274310951617e+00
1.625155670103092920e+00,-1.620782910637398766e+00
1.625568041237113404e+00,-1.618034776243583606e+00
1.625877319587628600e+00,-1.613011509552269462e+00
1.626289690721649528e+00,-1.615802056535434517e+00
1.626548958333333461e+00,-1.617873212211884182e+00
1.626807216494845276e+00,-1.615849813827912707e+00
1.627013402061856073e+00,-1.610941959038649784e+00
1.627322680412370826e+00,-1.602617152331260009e+00
1.627631958762886688e+00,-1.599389233415513534e+00
1.628147422680412237e+00,-1.588917309853501658e+00
1.628456701030927656e+00,-1.580272861977400023e+00
1.628765979381443518e+00,-1.575297432993205016e+00
1.629023469387754997e+00,-1.568666482246038552e+00
1.629281443298969068e+00,-1.560640127313162706e+00
1.629590721649484486e+00,-1.552097202661189890e+00
1.629851041666666278e+00,-1.540303494180871313e+00
1.630267708333333232e+00,-1.525757405312208048e+00
1.630526804123711315e+00,-1.516116789852978153e+00
1.630836082474226956e+00,-1.510873646321509112e+00
1.631042268041237309e+00,-1.504579152760031846e+00
1.631454639175257570e+00,-1.494247605100297083e+00
1.631763917525773211e+00,-1.478273089495907744e+00
1.632176288659793917e+00,-1.451580129130673580e+00
1.632485567010309557e+00,-1.428919360661986548e+00
1.632794845360824532e+00,-1.414946490917596167e+00
1.633051020408163412e+00,-1.401728923884127287e+00
1.633255102040816364e+00,-1.390643883549642412e+00
1.633561224489795682e+00,-1.372612314487876128e+00
1.633867346938775444e+00,-1.355619757176882212e+00
1.634226804123711130e+00,-1.332830630666658633e+00
1.634486458333333170e+00,-1.312047815887756874e+00
1.634903124999999902e+00,-1.280797052634416788e+00
1.635111458333333490e+00,-1.264473171680789765e+00
1.635423958333333205e+00,-1.239614251060070282e+00
1.635736458333333587e+00,-1.213189416557850953e+00
1.636153125000000097e+00,-1.166631812328275730e+00
1.636413402061855704e+00,-1.145812480352431662e+00
1.636722680412370901e+00,-1.120097752875446995e+00
1.637031958762886541e+00,-1.092169757142786857e+00
1.637238144329896672e+00,-1.074052723080433980e+00
1.637547422680412534e+00,-1.047151656329498470e+00
1.637856701030927953e+00,-1.019801190579006533e+00
1.638269072164948215e+00,-9.779855911678407843e-01
1.638578350515463633e+00,-9.505519129805082290e-01
1.638836458333333468e+00,-9.256321351419221077e-01
1.639148958333333406e+00,-8.951875406849489902e-01
1.639565625000000137e+00,-8.512299109315886181e-01
1.639823711340206103e+00,-8.272640520776726181e-01
1.640185416666666507e+00,-7.906625176648391928e-01
1.640497916666666667e+00,-7.672173808205705603e-01
1.640810416666666605e+00,-7.376317882105536405e-01
1.641071134020618549e+00,-7.135345381041086066e-01
1.641331249999999686e+00,-6.868103809313883534e-01
1.641643750000000068e+00,-6.615226272671907992e-01
1.641956249999999784e+00,-6.391289989675836836e-01
1.642372916666666738e+00,-6.113977533885561755e-01
1.642685416666666676e+00,-5.848957895532655993e-01
1.642997916666666613e+00,-5.616291028407538466e-01
1.643206250000000201e+00,-5.477057590183405100e-01
1.643518750000000139e+00,-5.215757859483594050e-01
1.643935416666666649e+00,-4.880649507453278524e-01
1.644296907216495018e+00,-4.686034610007119294e-01
1.644501030927834950e+00,-4.568495459740973264e-01
1.644810309278350591e+00,-4.389478296008105240e-01
1.645171428571428507e+00,-4.201559587758503245e-01
1.645428865979381206e+00,-4.026976333013158604e-01
1.645686458333333491e+00,-3.890948722613528643e-01
1.645998958333333206e+00,-3.792913401031699494e-01
1.646415625000000160e+00,-3.617516661134309586e-01
1.646728125000000098e+00,-3.513066230634410703e-01
1.647040625000000036e+00,-3.426069540587160511e-01
1.647248958333333180e+00,-3.400598597893385588e-01
1.647561458333333562e+00,-3.347012530678080688e-01
1.647873958333333277e+00,-3.293135234090658336e-01
1.648290624999999787e+00,-3.233793947362104126e-01
1.648603124999999947e+00,-3.136839361950549687e-01
1.648862886597938004e+00,-3.143689015507495910e-01
1.649172164948453867e+00,-3.126968280770704989e-01
1.649378350515463998e+00,-3.140788412415262409e-01
1.649790721649484482e+00,-3.120247432908489493e-01
1.650099999999999900e+00,-3.094114075360339666e-01
1.650457142857142845e+00,-3.056421131968106719e-01
1.650865306122448972e+00,-2.999999999999999889e-01
1.651171428571428734e+00,-3.056555303338591156e-01
1.651375510204081687e+00,-3.076247676969388611e-01
1.651681632653061005e+00,-3.114655059646904145e-01
1.651987755102040767e+00,-3.093457826407136624e-01
1.652395918367346672e+00,-3.109639220302468088e-01
1.652702040816326434e+00,-3.161498407994399740e-01
1.653008163265306418e+00,-3.182067706610346991e-01
1.653262626262625989e+00,-3.170607307200279945e-01
1.653518367346938689e+00,-3.210540566799597872e-01
1.653824489795918451e+00,-3.254900038352511737e-01
1.654130612244897769e+00,-3.268798436694902998e-01
1.654538775510204118e+00,-3.259131022122542798e-01
1.654741836734693772e+00,-3.269862351778205500e-01
1.655047959183673312e+00,-3.258108454345904903e-01
1.655252040816326708e+00,-3.294723645751153063e-01
1.655558163265306693e+00,-3.318901568253247447e-01
1.655812121212121069e+00,-3.360549686443171091e-01
1.656115151515151540e+00,-3.382073156440590367e-01
1.656519191919191725e+00,-3.400282020566242069e-01
1.656822222222222196e+00,-3.413371068131313413e-01
1.657125252525253112e+00,-3.422547923926507751e-01
1.657327272727272760e+00,-3.414090322608129835e-01
1.657630303030303009e+00,-3.409927077815286811e-01
1.657933333333333481e+00,-3.407771888154527140e-01
1.658288775510203816e+00,-3.442373700082684840e-01
1.658594897959183800e+00,-3.488927393873157978e-01
1.658901020408163340e+00,-3.424302292779414780e-01
1.659207142857142658e+00,-3.416856375313629401e-01
1.659411224489795833e+00,-3.395536377834289521e-01
1.659819387755102182e+00,-3.409207934819364905e-01
1.660125510204081500e+00,-3.425379067326146942e-01
1.660533673469387850e+00,-3.442651893762311843e-01
1.660839795918367168e+00,-3.471282932539732080e-01
1.661145918367346708e+00,-3.435477935857693121e-01
1.661349999999999882e+00,-3.444050850833013655e-01
1.661656122448979644e+00,-3.450275773688364911e-01
1.661962244897959184e+00,-3.443826773692703069e-01
1.662370408163265756e+00,-3.438490011391240886e-01
1.662676530612244852e+00,-3.428256763642376082e-01
1.662934020618556996e+00,-3.433183557223925542e-01
1.663294897959183727e+00,-3.443206505523512262e-01
1.663552577319587611e+00,-3.488594556329326357e-01
1.663861855670103029e+00,-3.484390930046264989e-01
1.664171134020618226e+00,-3.543555026769325544e-01
1.664583505154639154e+00,-3.561240283885139801e-01
1.664838775510204316e+00,-3.528618730891225352e-01
1.665144897959183412e+00,-3.480260991395099923e-01
1.665348979591836587e+00,-3.466916856801935953e-01
1.665655102040816571e+00,-3.463483226116725877e-01
1.665961224489796111e+00,-3.411962843589432248e-01
1.666267346938775429e+00,-3.406164236048179750e-01
1.666675510204082000e+00,-3.487187024716795203e-01
1.666981632653061096e+00,-3.509081168266948714e-01
1.667287755102040636e+00,-3.533493942543226018e-01
1.667491836734694033e+00,-3.546881580053061755e-01
1.667899999999999938e+00,-3.557233278382271879e-01
1.668154545454545223e+00,-3.582077933515545043e-01
1.668558585858585852e+00,-3.635856512025242293e-01
1.668861616161615880e+00,-3.656357491394918169e-01
1.669164646464646795e+00,-3.666900423196720604e-01
1.669366666666666665e+00,-3.674683835459424119e-01
1.669669696969696693e+00,-3.683326698536860677e-01
1.669972727272727386e+00,-3.685105185412052009e-01
1.670275757575757414e+00,-3.718011732287483939e-01
1.670679797979798042e+00,-3.763784603118218719e-01
1.670982828282828514e+00,-3.762285365208861698e-01
1.671285858585858319e+00,-3.785839838661887446e-01
1.671487878787878634e+00,-3.777963760200921950e-01
1.671790909090909549e+00,-3.778099799430959527e-01
1.672093939393939355e+00,-3.823395722641662053e-01
1.672497979797979983e+00,-3.889854421104538273e-01
1.672749999999999959e+00,-3.914135183518746564e-01
1.673049999999999482e+00,-3.909142229241601707e-01
1.673350000000000115e+00,-3.981518363208969014e-01
1.673550000000000093e+00,-3.986286174015500894e-01
1.673849999999999838e+00,-4.048666476564067862e-01
1.674150000000000027e+00,-4.051180606547580831e-01
1.674549999999999761e+00,-4.071185970614902283e-01
1.674849999999999950e+00,-4.100992920599913494e-01
1.675150000000000361e+00,-4.127435600040336716e-01
1.675400000000000222e+00,-4.111677515886183465e-01
1.675649999999999640e+00,-4.128282464344577574e-01
1.675950000000000273e+00,-4.105461690458972468e-01
1.676250000000000018e+00,-4.149401706995723416e-01
1.676649999999999974e+00,-4.138807496959836518e-01
1.676950000000000607e+00,-4.181599018393186151e-01
1.677249999999999908e+00,-4.224391114952445458e-01
1.677450000000000108e+00,-4.233857227001567858e-01
1.677701010101010359e+00,-4.226910362471913429e-01
1.678004040404040387e+00,-4.248104864892971455e-01
1.678307070707070636e+00,-4.234450611332453707e-01
1.678711111111111043e+00,-4.250894167377680666e-01
1.679014141414141292e+00,-4.297540135819297724e-01
1.679317171717171764e+00,-4.345908237540797581e-01
1.679519191919192300e+00,-4.375474814667313916e-01
1.679822222222221884e+00,-4.397667204586354073e-01
1.680125252525252577e+00,-4.407761004839960695e-01
1.680529292929292984e+00,-4.425726350658251151e-01
1.680832323232323011e+00,-4.429609829593469938e-01
1.681135353535353927e+00,-4.433019526030368973e-01
1.681438383838383954e+00,-4.447833225640589472e-01
1.681640404040403824e+00,-4.457328387283878146e-01
1.681943434343434518e+00,-4.458472133293146511e-01
1.682246464646464545e+00,-4.490384069969325376e-01
1.682751515151515331e+00,-4.466646853921891203e-01
1.683054545454545359e+00,-4.456951892921178771e-01
1.683357575757575386e+00,-4.425902424385739220e-01
1.683559595959596145e+00,-4.402792284575635651e-01
1.683862626262626394e+00,-4.289624899828167193e-01
1.684165656565656422e+00,-4.244255801135982664e-01
1.684569696969697272e+00,-4.275750001578082493e-01
1.684872727272727078e+00,-4.320252231122473363e-01
1.685175757575757549e+00,-4.408878984668022638e-01
1.685478787878788021e+00,-4.501650263037825228e-01
1.685680808080807891e+00,-4.558657203427523008e-01
1.685983838383838362e+00,-4.614982725902231908e-01
1.686286868686868834e+00,-4.612463143494547335e-01
1.686690909090908574e+00,-4.632050238196299130e-01
1.686993939393939490e+00,-4.627547289390198104e-01
1.687296969696969740e+00,-4.573125966530272590e-01
1.687548999999999966e+00,-4.545983899805792205e-01
1.687749999999999861e+00,-4.575662517878034685e-01
1.688050000000000050e+00,-4.604752732970671669e-01
1.688301010101010302e+00,-4.642671327486062038e-01
1.688705050505050709e+00,-4.666576689822484747e-01
1.689008080808081180e+00,-4.678336819762782262e-01
1.689311111111110986e+00,-4.684431841486498271e-01
1.689513131313131300e+00,-4.657995097488979441e-01
1.689816161616161549e+00,-4.627598414714172437e-01
1.690119191919191799e+00,-4.590185424488822941e-01
1.690422222222222270e+00,-4.554783673416150647e-01
1.690826262626262455e+00,-4.557360105848967669e-01
1.691129292929292927e+00,-4.567820330769789550e-01
1.691432323232323398e+00,-4.594091518863739343e-01
1.691634343434343490e+00,-4.621936581219585616e-01
1.691937373737373518e+00,-4.644768263455275603e-01
1.692240404040403989e+00,-4.616804397817979577e-01
1.692644444444444174e+00,-4.557845116591497936e-01
1.692947474747474645e+00,-4.642601845484060630e-01
1.693351515151515274e+00,-4.639317028433951884e-01
1.693553535353535144e+00,-4.634483000731784985e-01
1.693856565656566060e+00,-4.675505945698575916e-01
1.694110204081632487e+00,-4.724520697253987711e-01
1.694416326530612249e+00,-4.726776323717608586e-01
1.694824489795918820e+00,-4.757220359321013836e-01
1.695130612244897694e+00,-4.753517131389363159e-01
1.695385567010309069e+00,-4.708973284323268449e-01
1.695591752577319422e+00,-4.705525767366205425e-01
1.695901030927835063e+00,-4.769886171172463829e-01
1.696158333333333657e+00,-4.768471595843453148e-01
1.696575000000000166e+00,-4.749466097276314747e-01
1.696887500000000104e+00,-4.702230625269169240e-01
1.697148421052631750e+00,-4.704207993646011277e-01
1.697412765957446501e+00,-4.742665508652799122e-01
1.697625531914893626e+00,-4.744494762894737594e-01
1.697892473118279177e+00,-4.714077630293354026e-01
1.698161702127659822e+00,-4.717130810077113656e-01
1.698587234042553185e+00,-4.734860440266132064e-01
1.698959139784946171e+00,-4.695622779271438341e-01
1.699281720430107390e+00,-4.729480286124475574e-01
1.699496774193548054e+00,-4.766651945241338062e-01
1.699819354838709939e+00,-4.821602647768285510e-01
1.700141935483870936e+00,-4.897945089545887587e-01
1.700679569892473042e+00,-5.035321092760052242e-01
1.700948913043478283e+00,-5.054152608407300740e-01
1.701383695652174177e+00,-5.083754753026707984e-01
1.701601086956522124e+00,-5.106748800887750406e-01
1.701927173913043490e+00,-5.151258742678728186e-01
1.702419780219780243e+00,-5.156368156813557757e-01
1.702969230769230791e+00,-5.081010300863718632e-01
1.703298901098901252e+00,-5.062795042186312156e-01
1.703628571428571492e+00,-5.144232693760175668e-01
1.703848351648351134e+00,-5.218790062868052804e-01
1.704230434782608938e+00,-5.275918173852792714e-01
1.704556521739130748e+00,-5.308212447925444444e-01
1.704991304347825976e+00,-5.282954731856163155e-01
1.705317391304348007e+00,-5.253837757140684683e-01
1.705587096774193512e+00,-5.227458490258087842e-01
1.705802150537634176e+00,-5.190959509170968156e-01
1.706232258064516616e+00,-5.143675338850434153e-01
1.706497872340425381e+00,-5.130227223510526180e-01
1.706875268817204194e+00,-5.179635726091206260e-01
1.707197849462365857e+00,-5.257096963977097026e-01
1.707513684210526295e+00,-5.288377899011384997e-01
1.707776041666666744e+00,-5.365650163163706576e-01
1.707985416666666589e+00,-5.425171879390005003e-01
1.708297916666666749e+00,-5.454504573790696087e-01
1.708610416666666465e+00,-5.464285583257739720e-01
1.708975789473684559e+00,-5.495706580231218830e-01
1.709236458333333042e+00,-5.513314252577038443e-01
1.709548958333333202e+00,-5.521525035734522469e-01
1.709757291666666790e+00,-5.568736172373540683e-01
1.710069791666666950e+00,-5.610630750399905331e-01
1.710382291666666887e+00,-5.641123210356091544e-01
1.710798958333333397e+00,-5.623673884314630556e-01
1.711057731958762984e+00,-5.607401747106430800e-01
1.711315624999999896e+00,-5.588449647207640592e-01
1.711680412371133997e+00,-5.536190385015871129e-01
1.711940624999999772e+00,-5.520355290242853208e-01
1.712199999999999722e+00,-5.588384141509790126e-01
1.712509278350515363e+00,-5.651080094100073836e-01
1.712921649484535846e+00,-5.672920251490506383e-01
1.713230927835051709e+00,-5.690095320410613056e-01
1.713540206185566683e+00,-5.652734455650775258e-01
1.713746391752577480e+00,-5.612758912557240798e-01
1.714158762886597964e+00,-5.617266501284242652e-01
1.714468041237113605e+00,-5.574809600016787936e-01
1.714880412371133644e+00,-5.606916387638767318e-01
1.715189690721649507e+00,-5.603558423311790770e-01
1.715449999999999919e+00,-5.632918409657474701e-01
1.715710309278350554e+00,-5.670994513283511562e-01
1.715970833333333445e+00,-5.675254641869660333e-01
1.716387499999999955e+00,-5.702858419544353241e-01
1.716645360824742284e+00,-5.740951355977675918e-01
1.717007291666666546e+00,-5.730391645826669045e-01
1.717319791666666928e+00,-5.713204613298696888e-01
1.717582105263157910e+00,-5.692109258371071956e-01
1.717792631578947349e+00,-5.662594997526512186e-01
1.718057446808511024e+00,-5.661501584107486718e-01
1.718376595744680824e+00,-5.700871545167051080e-01
1.718802127659574630e+00,-5.720246201230034799e-01
1.719013829787233716e+00,-5.695479496060695812e-01
1.719332978723404182e+00,-5.685481923965736151e-01
1.719652127659574425e+00,-5.640288257561593133e-01
1.719810752688172295e+00,-5.612614843146090937e-01
1.720240860215053180e+00,-5.598314943083569917e-01
1.720563440860215287e+00,-5.616330577130963508e-01
1.720993548387096617e+00,-5.661481382578166244e-01
1.721262765957447094e+00,-5.644635866550573589e-01
1.721581914893616894e+00,-5.646941789332708961e-01
1.721901063829786915e+00,-5.674671205996644208e-01
1.722220212765957381e+00,-5.632178972644861226e-01
1.722595698924730856e+00,-5.616506424695595356e-01
1.723133333333333628e+00,-5.637576878429110261e-01
1.723403260869565301e+00,-5.670010832078981045e-01
1.723675824175824101e+00,-5.727315160404229388e-01
1.723950000000000093e+00,-5.758498570818275653e-01
1.724283333333332946e+00,-5.790576021857556377e-01
1.724562921348314903e+00,-5.806816776898391375e-01
1.725124719101123638e+00,-5.743331016840798053e-01
1.725347191011236125e+00,-5.742969062763113586e-01
1.725684269662921766e+00,-5.749959463098148760e-01
1.725908988764044860e+00,-5.787744535911653054e-01
1.726246067415730501e+00,-5.833612889957058290e-01
1.726583146067415919e+00,-5.811352450907463218e-01
1.726975555555555486e+00,-5.797827855445949474e-01
1.727308888888889005e+00,-5.821673467509806965e-01
1.727694505494505206e+00,-5.830435351873609617e-01
1.727914285714285514e+00,-5.828197247099475842e-01
1.728185869565217692e+00,-5.843918191007684282e-01
1.728679120879120790e+00,-5.704173183988112683e-01
1.729119780219780411e+00,-5.724833503940848223e-01
1.729507777777777644e+00,-5.740790968938627170e-01
1.729731111111111552e+00,-5.745889119949079138e-01
1.729954444444444794e+00,-5.764847621335538186e-01
1.730398888888888820e+00,-5.685995749762938756e-01
1.730732222222222338e+00,-5.624443560917353757e-01
1.731176666666666364e+00,-5.559131721960173245e-01
1.731510000000000105e+00,-5.589820859644569762e-01
1.731789887640449388e+00,-5.599242929678195368e-01
1.732014606741572926e+00,-5.589369165420555730e-01
1.732351685393258345e+00,-5.657802289750425428e-01
1.732628888888889218e+00,-5.701805598340797809e-01
1.733073333333333244e+00,-5.753620632025879811e-01
1.733406666666666984e+00,-5.781927120935302922e-01
1.733733695652173834e+00,-5.843533718729453375e-01
1.734059782608695421e+00,-5.804711314405890388e-01
1.734435483870967909e+00,-5.844835631236878770e-01
1.734807446808510401e+00,-5.841786930050159032e-01
1.735232978723404429e+00,-5.864523355432529339e-01
1.735497894736842017e+00,-5.914458858637463567e-01
1.735762765957446385e+00,-5.932967161475647400e-01
1.735975531914893288e+00,-5.960818094299709102e-01
1.736241935483871179e+00,-5.976494271401235903e-01
1.736672043010752731e+00,-5.991801447561881933e-01
1.737102150537634504e+00,-5.944182123760810565e-01
1.737424731182795501e+00,-5.954630689324376114e-01
1.737747311827957386e+00,-5.929215460094325874e-01
1.738014893617021661e+00,-5.929865982389497248e-01
1.738284946236559048e+00,-5.918059020357475664e-01
1.738551063829787191e+00,-5.987848811231055723e-01
1.738870212765957435e+00,-6.072362660330627993e-01
1.739238947368420662e+00,-6.120047826875074648e-01
1.739498958333333123e+00,-6.133632443042789095e-01
1.739758762886597809e+00,-6.167259843956485188e-01
1.739964948453608162e+00,-6.178808263610604534e-01
1.740274226804123803e+00,-6.228334510289765813e-01
1.740686597938144287e+00,-6.316131146443924038e-01
1.741098969072165215e+00,-6.479847954624801121e-01
1.741511340206185698e+00,-6.567412928988816123e-01
1.741767346938775773e+00,-6.586546039494862725e-01
1.741971428571428504e+00,-6.580327918111350538e-01
1.742277551020407822e+00,-6.504838499159418808e-01
1.742583673469387806e+00,-6.481554023048312629e-01
1.742889795918367568e+00,-6.530870367586067982e-01
1.743247422680412440e+00,-6.562781993053569130e-01
1.743556701030927858e+00,-6.496881976454385033e-01
1.743865979381443276e+00,-6.510138878895691539e-01
1.744021875000000277e+00,-6.548624773653790587e-01
1.744334375000000215e+00,-6.533694670812939531e-01
1.744646875000000152e+00,-6.581970290746576024e-01
1.745063541666666884e+00,-6.754242980759070925e-01
1.745376041666666822e+00,-6.815698340908630248e-01
1.745586458333333368e+00,-6.818366529302741785e-01
1.745898958333333306e+00,-6.787635249481327460e-01
1.746107291666666894e+00,-6.770474685099668877e-01
1.746365979381443001e+00,-6.775489200873221485e-01
1.746675257731958641e+00,-6.797287214227657470e-01
1.747037500000000021e+00,-6.887935571159808923e-01
1.747349999999999959e+00,-6.953963079905716160e-01
1.747662499999999897e+00,-7.060733999240160763e-01
1.747923711340206188e+00,-7.108332628453039037e-01
1.748287499999999994e+00,-7.123595823892943102e-01
1.748547368421052184e+00,-7.092505363814010089e-01
1.749073684210526336e+00,-7.075809425664262298e-01
1.749389473684210383e+00,-7.088121461723282390e-01
1.749705263157895097e+00,-7.052601557508676455e-01
1.749915789473684313e+00,-7.034446457338626724e-01
1.750180851063830145e+00,-7.029555911089035991e-01
1.750606382978723508e+00,-7.007148419972231146e-01
1.750925531914893529e+00,-6.959980595429292594e-01
1.751297849462365885e+00,-6.922244809749587002e-01
1.751620430107526882e+00,-6.964566972846639725e-01
1.751996808510638104e+00,-7.053421311609580080e-01
1.752213043478261012e+00,-7.132795404325309452e-01
1.752539130434782599e+00,-7.187815470974222576e-01
1.752865217391304409e+00,-7.170525674005125971e-01
1.753194565217391476e+00,-7.162639644693720165e-01
1.753520652173912842e+00,-7.172046235951750059e-01
1.753901075268817333e+00,-7.128176571036204390e-01
1.754116129032257998e+00,-7.133001746575402535e-01
1.754385869565217249e+00,-7.171701956634892738e-01
1.754711956521739502e+00,-7.222096279846228484e-01
1.755205494505494235e+00,-7.225098718828180111e-01
1.755426373626373548e+00,-7.233811407321500964e-01
1.755756043956044232e+00,-7.282438370065895672e-01
1.755975824175823874e+00,-7.287255204742947301e-01
1.756415384615384934e+00,-7.280167600505786929e-01
1.756692222222222100e+00,-7.289447151914723033e-01
1.757134444444444776e+00,-7.209072078343031764e-01
1.757467777777777851e+00,-7.155848007036758052e-01
1.757801111111111148e+00,-7.090335852520754933e-01
1.758134444444444888e+00,-7.050241253592163249e-01
1.758413483146067602e+00,-7.062253400517126689e-01
1.758693333333333664e+00,-7.095858800514178721e-01
1.759137777777778355e+00,-7.137304541732664154e-01
1.759582222222222381e+00,-7.170111710173761033e-01
1.759975280898876671e+00,-7.262522083558649033e-01
1.760142222222222053e+00,-7.286309603247747013e-01
1.760586666666666522e+00,-7.387945657046561809e-01
1.760920000000000263e+00,-7.390796660500378312e-01
1.761364444444444288e+00,-7.461931399131769282e-01
1.761694444444444230e+00,-7.396031749241460673e-01
1.762027777777777526e+00,-7.323465518112861616e-01
1.762303296703296995e+00,-7.340852527396932725e-01
1.762632967032967235e+00,-7.336999979771808844e-01
1.762962637362636587e+00,-7.340538908831281129e-01
1.763342391304348000e+00,-7.301482005790331797e-01
1.763777173913043672e+00,-7.356201708454968013e-01
1.764103260869565259e+00,-7.391784334393409761e-01
1.764320652173913206e+00,-7.417623124659448175e-01
1.764589247311828091e+00,-7.393626908043736679e-01
1.764963829787233651e+00,-7.368160963068211000e-01
1.765389361702128124e+00,-7.326910163555292455e-01
1.765601063829787432e+00,-7.316351482630465419e-01
1.765920212765957453e+00,-7.317647561891729158e-01
1.766185263157894703e+00,-7.308285567785721693e-01
1.766452127659574600e+00,-7.311225430182175522e-01
1.766821052631578848e+00,-7.323499106912660928e-01
1.767087234042553190e+00,-7.375863863881029214e-01
1.767455789473683980e+00,-7.458751076017567927e-01
1.767771578947368472e+00,-7.490345418951875889e-01
1.768035106382978450e+00,-7.498695052154250584e-01
1.768247872340425353e+00,-7.513974953338462548e-01
1.768511578947368434e+00,-7.497658670502699296e-01
1.768827368421052704e+00,-7.516753045465465188e-01
1.769198936170212511e+00,-7.508654045535960719e-01
1.769518085106382976e+00,-7.557268088266402284e-01
1.769728723404255355e+00,-7.562754285754851313e-01
1.770047872340425155e+00,-7.599826093145660710e-01
1.770367021276595842e+00,-7.592468780721945976e-01
1.770686170212765420e+00,-7.616474106416388778e-01
1.771005319148936330e+00,-7.629480766180150031e-01
1.771430851063829692e+00,-7.640873363061827517e-01
1.771695789473684224e+00,-7.708060502987337248e-01
1.772116842105263101e+00,-7.720201970848852291e-01
1.772327368421052540e+00,-7.747748850765643347e-01
1.772643157894736365e+00,-7.750747286113277568e-01
1.773064210526316131e+00,-7.861402931980496778e-01
1.773432978723404219e+00,-7.937762027734944770e-01
1.773752127659574462e+00,-7.981442941533701818e-01
1.774127956989247190e+00,-8.043635369214792163e-01
1.774343010752688299e+00,-8.094089714936962832e-01
1.774613043478261210e+00,-8.124848365806012218e-01
1.775047826086956437e+00,-8.124892494164319690e-01
1.775374999999999925e+00,-8.099630748032682348e-01
1.775701086956521291e+00,-8.138687197227563175e-01
1.776027173913043322e+00,-8.162862582003544976e-01
1.776191208791209064e+00,-8.189314514057250971e-01
1.776465555555555298e+00,-8.205493523305029679e-01
1.776743956043955963e+00,-8.256468188233012651e-01
1.777073626373626869e+00,-8.241017244456301238e-01
1.777513186813186596e+00,-8.279799716080520344e-01
1.777842857142857280e+00,-8.335383584031099691e-01
1.778116304347825638e+00,-8.351055348999212313e-01
1.778442391304347669e+00,-8.445598782070502519e-01
1.778824175824176068e+00,-8.483359296490309287e-01
1.779043956043956154e+00,-8.472503053004940554e-01
1.779593406593406701e+00,-8.460289456493679250e-01
1.779867391304347679e+00,-8.457727777651506962e-01
1.780138461538461669e+00,-8.449017397849063471e-01
1.780468131868132353e+00,-8.465765932253104253e-01
1.780797802197801927e+00,-8.465047007765122977e-01
1.781347252747253362e+00,-8.439420497213692141e-01
1.781786813186813090e+00,-8.464871732586156661e-01
1.782116483516483330e+00,-8.490987360998103473e-01
1.782336263736264081e+00,-8.470163685351626004e-01
1.782614444444444279e+00,-8.452262060912387742e-01
1.782947777777778020e+00,-8.442892508195898316e-01
1.783229213483146225e+00,-8.447116596917663145e-01
1.783619999999999761e+00,-8.395472618698998080e-01
1.784116483516483553e+00,-8.377259438699724559e-01
1.784390217391303768e+00,-8.366888577616500289e-01
1.784609782608695738e+00,-8.365616456981748161e-01
1.784935869565217770e+00,-8.318491849023104123e-01
1.785371739130434454e+00,-8.297021118486598290e-01
1.785643956043955871e+00,-8.288533363182375435e-01
1.785973626373626333e+00,-8.275765724183357097e-01
1.786246739130434857e+00,-8.331118921760543028e-01
1.786464130434783026e+00,-8.374933075117556580e-01
1.786733333333333729e+00,-8.363648094180526904e-01
1.787055913978494281e+00,-8.372339436275366698e-01
1.787593548387096609e+00,-8.421260515865747198e-01
1.787865217391303885e+00,-8.440238805650999154e-01
1.788300000000000223e+00,-8.479646983332933541e-01
1.788517391304347726e+00,-8.441752710082404132e-01
1.788788172043010327e+00,-8.394869384439087590e-01
1.789055319148936229e+00,-8.404474097466549942e-01
1.789429032258064600e+00,-8.531778030039465222e-01
1.789751612903225597e+00,-8.579645363693129134e-01
1.790074193548387482e+00,-8.589347418657800048e-01
1.790289247311828147e+00,-8.606899022052443282e-01
1.790668478260869501e+00,-8.649749769650167952e-01
1.790994565217391310e+00,-8.663550946382825302e-01
1.791374725274725188e+00,-8.671690316783029484e-01
1.791704395604395872e+00,-8.669344939018550633e-01
1.792034065934065445e+00,-8.661741288411448636e-01
1.792308695652174100e+00,-8.654146223765319945e-01
1.792634782608695687e+00,-8.688910947066950108e-01
1.792906451612903185e+00,-8.710067419551732470e-01
1.793229032258064626e+00,-8.694149676884270761e-01
1.793606521739130599e+00,-8.809875760935823585e-01
1.793932608695652409e+00,-8.793194047704184779e-01
1.794258695652174440e+00,-8.822807507765775270e-01
1.794584782608695583e+00,-8.829683741422595933e-01
1.794910869565217393e+00,-8.884882378510938761e-01
1.795238043478260881e+00,-8.953558939697747743e-01
1.795725806451612838e+00,-9.012230351473340395e-01
1.796048387096774501e+00,-9.008055734756419408e-01
1.796318478260869655e+00,-8.989593880926038949e-01
1.796644565217391465e+00,-8.975040845594610683e-01
1.796970652173913052e+00,-8.929894706981051922e-01
1.797243956043955926e+00,-8.875195900616523748e-01
1.797628260869565509e+00,-8.844462578482372717e-01
1.797846666666666593e+00,-8.811494679811977537e-01
1.798179999999999890e+00,-8.782795441009922932e-01
1.798457303370786686e+00,-8.808591603762312428e-01
1.798794382022471661e+00,-8.856024468237428948e-01
1.799076136363636502e+00,-8.898400547893450252e-01
1.799471910112359518e+00,-8.775156811351576547e-01
1.799753409090909306e+00,-8.686599396307761456e-01
1.800094318181818087e+00,-8.669451173300526392e-01
1.800266292134831136e+00,-8.621903316094154945e-01
1.800546590909090972e+00,-8.621097246525097901e-01
1.800770930232558076e+00,-8.618656779886142427e-01
1.801238372093023177e+00,-8.597834024461443736e-01
1.801525882352941421e+00,-8.582329983160335019e-01
1.801936904761904934e+00,-8.613075659091793401e-01
1.802113253012047833e+00,-8.614462013900776594e-01
1.802656097560975335e+00,-8.603193759522618222e-01
1.803021951219512253e+00,-8.653765340175982868e-01
1.803512195121951267e+00,-8.624080302915908547e-01
1.804000000000000048e+00,-8.686296510451567698e-01
1.804245121951219666e+00,-8.640324251527191635e-01
1.804613750000000127e+00,-8.617422210280252237e-01
1.804988750000000142e+00,-8.592610447818151975e-01
1.805545679012345639e+00,-8.650723486291078679e-01
1.806172151898734146e+00,-8.684846321977020001e-01
1.806422784810126636e+00,-8.713335569019127202e-01
1.806929113924051089e+00,-8.748386705559647591e-01
1.807373076923077360e+00,-8.803605798437488250e-01
1.807885897435897560e+00,-8.846610691476497479e-01
1.808076623376623893e+00,-8.848992128291814918e-01
1.808467532467533001e+00,-8.866367415611424718e-01
1.808661842105263373e+00,-8.881642705348105071e-01
1.808926315789473493e+00,-8.933883209241673118e-01
1.809518666666666942e+00,-9.095895794258932465e-01
1.809981578947368108e+00,-9.251043290368550220e-01
1.810309090909090424e+00,-9.320076221227353575e-01
1.810632051282051291e+00,-9.404553546278873188e-01
1.811078481012657893e+00,-9.363548287198344422e-01
1.811325925925926006e+00,-9.354675422507978677e-01
1.811943209876542893e+00,-9.481551785815636180e-01
1.812126829268292827e+00,-9.496837546085590276e-01
1.812554216867469536e+00,-9.572841149707624897e-01
1.812916867469879678e+00,-9.654450374289680337e-01
1.813576190476190231e+00,-9.645662828807242128e-01
1.814179268292683167e+00,-9.622567956444640913e-01
1.814481927710843490e+00,-9.674500883310044319e-01
1.814780952380952384e+00,-9.741919763922681774e-01
1.815138095238095550e+00,-9.800285194109459308e-01
1.815495238095238051e+00,-9.827271307328340200e-01
1.815918072289157026e+00,-9.780694972662271613e-01
1.816150588235294183e+00,-9.749878011789889776e-01
1.816503529411764628e+00,-9.761132160287724346e-01
1.816732183908045917e+00,-9.736019295773772342e-01
1.817089411764705842e+00,-9.778902886820586282e-01
1.817441176470588005e+00,-9.802125569732904609e-01
1.817792941176470389e+00,-9.811120514991049646e-01
1.818082558139534566e+00,-9.864159627035897770e-01
1.818309090909090875e+00,-9.905495929911880548e-01
1.818537499999999918e+00,-9.940400993543607733e-01
1.818708045977011523e+00,-9.925078326196603573e-01
1.819050574712643975e+00,-9.868015214119256751e-01
1.819394252873563378e+00,-9.802738138196838147e-01
1.819681395348837327e+00,-9.752292689325787745e-01
1.819909523809524199e+00,-9.725242841523533688e-01
1.820203614457831298e+00,-9.708361552246635995e-01
1.820503658536585245e+00,-9.787798148256936503e-01
1.820804938271604945e+00,-9.859687621600554674e-01
1.821175308641975521e+00,-9.891132166240679258e-01
1.821610000000000174e+00,-9.832250090874774529e-01
1.821986249999999696e+00,-9.855953482622596962e-01
1.822297468354429961e+00,-9.815540230046950754e-01
1.822677215189873134e+00,-9.794982752167573636e-01
1.823121794871795043e+00,-9.893606476840615116e-01
1.823634210526315469e+00,-1.001729646186177769e+00
1.824026315789473829e+00,-1.001947367496254904e+00
1.824486666666666590e+00,-9.965904620617271892e-01
1.825089189189188943e+00,-1.000406697085105545e+00
1.825762162162162250e+00,-1.006696348208204528e+00
1.826239726027397481e+00,-1.008591155994872368e+00
1.826653424657534108e+00,-1.012885762183621363e+00
1.826998611111111170e+00,-1.019869802756170118e+00
1.827547297297297479e+00,-1.024790330457948651e+00
1.828087837837837570e+00,-1.026331908031203222e+00
1.828628378378378327e+00,-1.015179933731237716e+00
1.828958666666667066e+00,-1.013655476917667775e+00
1.829355999999999760e+00,-1.014424608226948576e+00
1.829886666666666217e+00,-1.018226901066126899e+00
1.830330769230769095e+00,-1.014464027496029930e+00
1.830645569620252822e+00,-1.011635387585882340e+00
1.830832500000000307e+00,-1.015163095989167763e+00
1.831273417721519081e+00,-1.014698608924239798e+00
1.831708749999999997e+00,-1.019209682403147577e+00
1.832193902439024802e+00,-1.030154170319015572e+00
1.832439024390243754e+00,-1.029020201888706687e+00
1.832684146341463816e+00,-1.028654171222461278e+00
1.832928048780487984e+00,-1.032336648656407174e+00
1.833114814814814864e+00,-1.033344858836774405e+00
1.833485185185184996e+00,-1.027820139599725513e+00
1.833908333333333029e+00,-1.026621951556288215e+00
1.834269047619047521e+00,-1.019876607499834220e+00
1.834683529411764491e+00,-1.019533379771566883e+00
1.834860714285713623e+00,-1.020887622099159842e+00
1.835155294117646774e+00,-1.025496114804387071e+00
1.835569047619048044e+00,-1.027623367022639789e+00
1.835863529411764894e+00,-1.030091003142236561e+00
1.836277380952380911e+00,-1.034409733251454133e+00
1.836514285714285322e+00,-1.033849086993954502e+00
1.836634523809523856e+00,-1.034447070372989108e+00
1.837169879518072202e+00,-1.038253145036108993e+00
1.837531325301204665e+00,-1.035191657871196602e+00
1.838197560975609823e+00,-1.043134661259523144e+00
1.838502409638554047e+00,-1.045470082922469013e+00
1.838743373493976208e+00,-1.047969352933041831e+00
1.839106024096385239e+00,-1.058244536486477871e+00
1.839405952380952280e+00,-1.060368367162676462e+00
1.839943373493975631e+00,-1.067025936969731026e+00
1.840304819277108539e+00,-1.078977445931161405e+00
1.840666265060240780e+00,-1.081804786402653429e+00
1.840969512195121949e+00,-1.083225289061929830e+00
1.841332926829268413e+00,-1.082508795956062642e+00
1.841947499999999849e+00,-1.076195031980495376e+00
1.842318292682926462e+00,-1.077325499120436625e+00
1.842684146341463380e+00,-1.080946924050862012e+00
1.842926829268292988e+00,-1.081322256056070241e+00
1.843228915662650680e+00,-1.078653836626606077e+00
1.843532926829268392e+00,-1.081637954436225124e+00
1.844024390243902189e+00,-1.080572224261293401e+00
1.844390243902438886e+00,-1.085623901165170047e+00
1.844637499999999930e+00,-1.088632149631839408e+00
1.844887500000000014e+00,-1.089292766624847753e+00
1.845262499999999806e+00,-1.091811278095401017e+00
1.845638749999999773e+00,-1.090664077198957749e+00
1.846018750000000042e+00,-1.095915443799692524e+00
1.846396250000000183e+00,-1.096244393073491530e+00
1.846770000000000023e+00,-1.099640994106655612e+00
1.847021250000000281e+00,-1.097645255380849116e+00
1.847396249999999851e+00,-1.099903020030530643e+00
1.847832911392404798e+00,-1.099003410264332015e+00
1.848276923076922929e+00,-1.100053187266624599e+00
1.848664102564102407e+00,-1.099688350806260040e+00
1.848857142857142755e+00,-1.095454748522759258e+00
1.849314473684210425e+00,-1.095906975980579734e+00
1.850035064935064755e+00,-1.101861838022906159e+00
1.850493421052631371e+00,-1.098494593649265827e+00
1.850882051282051632e+00,-1.097197539409827671e+00
1.851266666666666616e+00,-1.093967061982043631e+00
1.851647435897435745e+00,-1.098348692237075097e+00
1.852149999999999963e+00,-1.113300103562372190e+00
1.852649999999999908e+00,-1.124370157670113501e+00
1.853025000000000144e+00,-1.132337488138204451e+00
1.853579012345679233e+00,-1.137860678297230921e+00
1.853884146341463257e+00,-1.143253685086117022e+00
1.854615853658536873e+00,-1.152947512568191168e+00
1.854860975609756046e+00,-1.152059395970979727e+00
1.855095238095238130e+00,-1.149790551795632831e+00
1.855333333333333723e+00,-1.147977283256844894e+00
1.855692857142857033e+00,-1.147097873847002125e+00
1.855987058823529434e+00,-1.145735457327003770e+00
1.856393023255813679e+00,-1.148355639124294836e+00
1.856679310344827361e+00,-1.152799391717880928e+00
1.857078409090909155e+00,-1.155746457491373391e+00
1.857305681818181897e+00,-1.157911070049738145e+00
1.857478160919540322e+00,-1.158947694770807502e+00
1.857822988505746675e+00,-1.158307382743132052e+00
1.858161797752808875e+00,-1.161679461999945984e+00
1.858498876404494515e+00,-1.165418577802524114e+00
1.858723595505618054e+00,-1.166805990221806866e+00
1.858892222222222168e+00,-1.170687830213215319e+00
1.859279120879121283e+00,-1.180857530500155628e+00
1.859608791208790857e+00,-1.185480174708802181e+00
1.859994444444444284e+00,-1.182191421828877598e+00
1.860381318681318508e+00,-1.188882475952295126e+00
1.860710989010989413e+00,-1.189895466458041895e+00
1.860876666666666734e+00,-1.195964714476113633e+00
1.861209999999999809e+00,-1.202620131542898374e+00
1.861487912087911978e+00,-1.212163483662320296e+00
1.861875555555555728e+00,-1.212809041072078653e+00
1.862378651685393294e+00,-1.208242915304305942e+00
1.862715730337078712e+00,-1.204613993725912824e+00
1.862884090909090906e+00,-1.203528445768740740e+00
1.863282022471909993e+00,-1.208112328789896273e+00
1.863731460674157070e+00,-1.207438526527487399e+00
1.864180898876404591e+00,-1.203491384696642852e+00
1.864405617977528351e+00,-1.203965032599800367e+00
1.864742696629213325e+00,-1.205825187663745135e+00
1.865079775280898744e+00,-1.210807535080157482e+00
1.865357777777777670e+00,-1.213457911015953572e+00
1.865691111111110523e+00,-1.215473945484900620e+00
1.866246666666666831e+00,-1.213273249214115834e+00
1.866579999999999684e+00,-1.209732400974833588e+00
1.867024444444444597e+00,-1.206385881424237194e+00
1.867299999999999960e+00,-1.206431163806225282e+00
1.867520879120878829e+00,-1.206354514802869593e+00
1.867797777777777668e+00,-1.207146888094952963e+00
1.868242222222222138e+00,-1.206278440457815071e+00
1.868521348314606811e+00,-1.202813426407450148e+00
1.868746067415730350e+00,-1.198808279793415643e+00
1.868913636363636499e+00,-1.193389535494093767e+00
1.869368181818182206e+00,-1.184739247760258296e+00
1.869651724137931126e+00,-1.185996212379268000e+00
1.870052272727272813e+00,-1.186774935466844871e+00
1.870279069767441849e+00,-1.183335881548221336e+00
1.870627906976744192e+00,-1.186333182740809233e+00
1.870861363636363794e+00,-1.186516655828900646e+00
1.871088372093023366e+00,-1.182417351191764610e+00
1.871437209302325266e+00,-1.172558060565882743e+00
1.871667441860464853e+00,-1.166193639636558199e+00
1.872133720930232670e+00,-1.165889614192967993e+00
1.872598837209301870e+00,-1.165495688045692146e+00
1.872834090909090810e+00,-1.169334892910221413e+00
1.873349425287356151e+00,-1.173162758683214291e+00
1.873696470588235519e+00,-1.173768242694644082e+00
1.874167058823529075e+00,-1.173136883602053926e+00
1.874520000000000186e+00,-1.176773385791492821e+00
1.874932558139534855e+00,-1.181407286358512110e+00
1.875346987951807431e+00,-1.181934484706292254e+00
1.875647560975609363e+00,-1.180845625661063991e+00
1.876076543209876490e+00,-1.184872277670975249e+00
1.876570370370370222e+00,-1.193244245433820350e+00
1.877064197530864398e+00,-1.202417590648225287e+00
1.877370731707317164e+00,-1.206357752253493176e+00
1.877680246913580042e+00,-1.212620097105799655e+00
1.877984146341463267e+00,-1.215095308362445836e+00
1.878353658536584980e+00,-1.222724820958178693e+00
1.878714285714285559e+00,-1.228450304776515845e+00
1.879074999999999829e+00,-1.232723500829242091e+00
1.879432142857142551e+00,-1.232923022487112386e+00
1.879789285714285718e+00,-1.229064144998649910e+00
1.880082352941176760e+00,-1.232355689957564504e+00
1.880610465116278940e+00,-1.232824005156553770e+00
1.881191860465116550e+00,-1.221998794456756965e+00
1.881364367816091621e+00,-1.218601775732862658e+00
1.881709195402299084e+00,-1.217145734300113080e+00
1.881994318181818171e+00,-1.214593972191126969e+00
1.882387640449438182e+00,-1.216655711223022740e+00
1.882785227272727013e+00,-1.220064798003991591e+00
1.883185057471264301e+00,-1.222033378959628713e+00
1.883414942528735647e+00,-1.221686487661924447e+00
1.883645977011494388e+00,-1.219745658799002763e+00
1.884044318181818056e+00,-1.219006775289944278e+00
1.884385227272727059e+00,-1.219426981930470832e+00
1.884670114942528674e+00,-1.218442777720790238e+00
1.885014942528735915e+00,-1.215650695621739441e+00
1.885299999999999976e+00,-1.213811958374512168e+00
1.885524999999999896e+00,-1.215321815361667168e+00
1.885752272727272860e+00,-1.221367515382780322e+00
1.886089772727272962e+00,-1.227615491204211873e+00
1.886430681818181743e+00,-1.231353394904606935e+00
1.886771590909090968e+00,-1.229286346541428321e+00
1.887001136363636533e+00,-1.225770356653474336e+00
1.887344318181818137e+00,-1.231900222448885307e+00
1.887629885057471313e+00,-1.237903264595873631e+00
1.888144318181818271e+00,-1.243494274789265441e+00
1.888542528735632553e+00,-1.247657479091189181e+00
1.888828409090909100e+00,-1.251695578076746251e+00
1.888997701149425446e+00,-1.259033058399277927e+00
1.889513953488372033e+00,-1.264391276860540758e+00
1.889862790697674155e+00,-1.261907791062670592e+00
1.890212790697674450e+00,-1.266581597265641790e+00
1.890794186046511838e+00,-1.275515755757480996e+00
1.891085057471264097e+00,-1.279337392459274136e+00
1.891491860465116082e+00,-1.289727722864435933e+00
1.891785882352941428e+00,-1.297622708344787767e+00
1.892316666666666647e+00,-1.297314736319839845e+00
1.892671428571428560e+00,-1.295818526364032497e+00
1.893028571428571061e+00,-1.294304852750938428e+00
1.893204705882352457e+00,-1.290321992557315500e+00
1.893613953488372248e+00,-1.292020951978738230e+00
1.893962790697674370e+00,-1.302833491186117465e+00
1.894483908045976994e+00,-1.304960933916303079e+00
1.894882954545454856e+00,-1.308632854501275977e+00
1.895337500000000119e+00,-1.311333809501480152e+00
1.895564772727272640e+00,-1.314486970809065625e+00
1.895790909090909082e+00,-1.312883080428071336e+00
1.896070786516854012e+00,-1.310905967517630666e+00
1.896406741573033905e+00,-1.303939185632190245e+00
1.896801136363636342e+00,-1.303850042962386935e+00
1.897083146067415571e+00,-1.304969995587725862e+00
1.897420224719100990e+00,-1.309457090345689023e+00
1.897810000000000219e+00,-1.300848402685736094e+00
1.898143333333333072e+00,-1.295017922953733303e+00
1.898537078651685306e+00,-1.289866753340249028e+00
1.898761797752808622e+00,-1.286936799205118831e+00
1.899098876404494485e+00,-1.283989249567151658e+00
1.899265555555555540e+00,-1.282408897483078514e+00
1.899598888888889503e+00,-1.286264426029145591e+00
1.899819999999999620e+00,-1.288213372051556505e+00
