# temperature (K),delta c44/c44 (1e-5)
1.300078333333333669e+00,-3.111262224449032221e+00
1.300664406779660887e+00,-3.119623185739802018e+00
1.301258620689655254e+00,-3.139437498365273527e+00
1.301777586206896542e+00,-3.149252370668393031e+00
1.302378947368421080e+00,-3.139111974501701319e+00
1.302996428571428611e+00,-3.125652848832458197e+00
1.303807272727272482e+00,-3.123555897760602829e+00
1.304356363636363536e+00,-3.127109603971251595e+00
1.304814814814814872e+00,-3.123794595199209212e+00
1.305561111111110950e+00,-3.118588720348350662e+00
1.306218867924528126e+00,-3.119595921002711769e+00
1.306592452830188655e+00,-3.119012473864871460e+00
1.307154716981132170e+00,-3.114824902121277272e+00
1.307715094339622519e+00,-3.106606014541476668e+00
1.308466037735849019e+00,-3.092231810343141873e+00
1.308838181818182012e+00,-3.087538271072921336e+00
1.309303703703703636e+00,-3.082019444640058392e+00
1.310049999999999937e+00,-3.079286223566338521e+00
1.310510909090908838e+00,-3.075157666956739977e+00
1.311067272727272526e+00,-3.064352620247963621e+00
1.311714814814814778e+00,-3.052108490394686235e+00
1.312268518518518112e+00,-3.053082109978234371e+00
1.312825925925925619e+00,-3.057811765744812948e+00
1.313196296296296195e+00,-3.060847948940287555e+00
1.313839999999999675e+00,-3.062074619808285991e+00
1.314576363636363654e+00,-3.055925550039166438e+00
1.314943636363636426e+00,-3.057963055124630625e+00
1.315490909090908822e+00,-3.065415395412042443e+00
1.316124999999999989e+00,-3.071400385909362374e+00
1.316579999999999862e+00,-3.074977091218209946e+00
1.317123636363636274e+00,-3.087446093955168447e+00
1.317836842105263306e+00,-3.101498439245733429e+00
1.318540350877193124e+00,-3.112502849471662891e+00
1.318891228070175448e+00,-3.117746778953957243e+00
1.319417543859649156e+00,-3.125936516986423275e+00
1.320022413793103588e+00,-3.119367795752085115e+00
1.320370689655172347e+00,-3.118573958174194694e+00
1.320889655172413635e+00,-3.123218842345072410e+00
1.321410344827586236e+00,-3.125952223404653285e+00
1.321929310344827746e+00,-3.126029891789070092e+00
1.322450000000000125e+00,-3.129206051174344250e+00
1.322708771929824723e+00,-3.130890049039892098e+00
1.323141379310344812e+00,-3.129526418915513641e+00
1.323832758620689498e+00,-3.121336513710460281e+00
1.324351724137931008e+00,-3.119618098360470881e+00
1.324698275862069119e+00,-3.122796673875300133e+00
1.325308771929824436e+00,-3.118163557767428706e+00
1.326089655172413506e+00,-3.118984473307544913e+00
1.326520338983050884e+00,-3.118279746080310666e+00
1.326950000000000296e+00,-3.114112654726405971e+00
1.327554385964912376e+00,-3.110524506811380263e+00
1.328167857142857011e+00,-3.104874793510091546e+00
1.328691379310344756e+00,-3.098329842216218655e+00
1.329128070175438658e+00,-3.091684506157398982e+00
1.329824561403508687e+00,-3.086076669033287700e+00
1.330434482758620751e+00,-3.084515439435079109e+00
1.330698245614035047e+00,-3.082438210663839939e+00
1.331219298245613913e+00,-3.082651888503478599e+00
1.331824137931034269e+00,-3.093120390714320322e+00
1.332344827586206870e+00,-3.095145371236768916e+00
1.332689655172413667e+00,-3.097510648699816294e+00
1.333206896551724308e+00,-3.101507939860435936e+00
1.333806779661017128e+00,-3.114145404668952288e+00
1.334318644067796988e+00,-3.125355680132001712e+00
1.334743103448275736e+00,-3.124890070713382428e+00
1.335166101694915231e+00,-3.127107996798911493e+00
1.336015254237288286e+00,-3.126569857995214807e+00
1.336272413793103464e+00,-3.127630371555398803e+00
1.336789655172413882e+00,-3.124588889791517055e+00
1.337388135593220451e+00,-3.118846453892188286e+00
1.337899999999999867e+00,-3.118627504339455125e+00
1.338493103448276100e+00,-3.122183162531513290e+00
1.338916949152542557e+00,-3.117789352231869149e+00
1.339341379310344804e+00,-3.115435695562350560e+00
1.339938983050847687e+00,-3.112720677098258726e+00
1.340535000000000032e+00,-3.106569052798617836e+00
1.340870000000000006e+00,-3.105467135362682374e+00
1.341462711864406909e+00,-3.097163384219150828e+00
1.342054999999999998e+00,-3.084111001036531796e+00
1.342558333333333298e+00,-3.075496025056008609e+00
1.343060000000000143e+00,-3.069986962143699483e+00
1.343477966101694898e+00,-3.065294776700665302e+00
1.344063333333333610e+00,-3.066360688169919690e+00
1.344566666666666688e+00,-3.068005576896562392e+00
1.345066666666666855e+00,-3.074355444655121783e+00
1.345400000000000373e+00,-3.080505550738056098e+00
1.346068333333333644e+00,-3.079933322950464181e+00
1.346564999999999790e+00,-3.083192367031887926e+00
1.346977049180327901e+00,-3.085046474453837284e+00
1.347395000000000120e+00,-3.086346824364371244e+00
1.347973770491803558e+00,-3.083691994237607314e+00
1.348551666666666371e+00,-3.088530450741577837e+00
1.348965573770491755e+00,-3.092170307096513415e+00
1.349460655737704684e+00,-3.096189446152581404e+00
1.349955737704917835e+00,-3.093910672526576366e+00
1.350533333333333363e+00,-3.098362695888734919e+00
1.350945901639344138e+00,-3.094891091810505479e+00
1.351277049180327872e+00,-3.092141764914781099e+00
1.351932786885245985e+00,-3.090345388293584072e+00
1.352510000000000101e+00,-3.096070398391256973e+00
1.352840000000000042e+00,-3.096001207137550448e+00
1.353418032786885217e+00,-3.091337585663326948e+00
1.353911475409836251e+00,-3.086484984934127151e+00
1.354406557377049403e+00,-3.076352214095566140e+00
1.354820000000000357e+00,-3.067888982913240081e+00
1.355396721311475261e+00,-3.061275669016001011e+00
1.355722950819672201e+00,-3.058310737711573690e+00
1.356459999999999777e+00,-3.050530340875110547e+00
1.356870491803278789e+00,-3.044657000017459758e+00
1.357359016393442586e+00,-3.037128097106748470e+00
1.358014754098360477e+00,-3.025708368742021204e+00
1.358424193548387171e+00,-3.025345021576474114e+00
1.358912903225806490e+00,-3.025712394138640793e+00
1.359238709677419221e+00,-3.027324600946009969e+00
1.359973770491803791e+00,-3.036335957143625031e+00
1.360300000000000509e+00,-3.041516982707996863e+00
1.360873333333333601e+00,-3.054591510438678270e+00
1.361283606557377457e+00,-3.063933279519690078e+00
1.361773770491803592e+00,-3.070261199714500400e+00
1.362265573770491844e+00,-3.070991877375868651e+00
1.362837096774193624e+00,-3.060602135130945811e+00
1.363081967213114920e+00,-3.060138947235931717e+00
1.363573770491803172e+00,-3.058621400947378000e+00
1.364231147540983624e+00,-3.059919999931387302e+00
1.364721311475409982e+00,-3.063865346725277661e+00
1.365211475409836117e+00,-3.064507008938173183e+00
1.365703278688524591e+00,-3.061145002127130699e+00
1.366277419354838596e+00,-3.055795856272176980e+00
1.366685245901639423e+00,-3.058736767840882553e+00
1.367177049180327675e+00,-3.069019730390877942e+00
1.367670491803278932e+00,-3.077659239309444406e+00
1.368326229508196823e+00,-3.089370703444056954e+00
1.368743333333333423e+00,-3.088066192852942482e+00
1.369157377049180502e+00,-3.084942037702018247e+00
1.369650819672131314e+00,-3.082984114485807225e+00
1.370139344262294889e+00,-3.073124457211740435e+00
1.370711290322580878e+00,-3.060845733106030586e+00
1.371033870967742097e+00,-3.055065431906148543e+00
1.371604918032786946e+00,-3.048664111031027524e+00
1.372172580645161233e+00,-3.042363834402144196e+00
1.372733333333333583e+00,-3.043388324527783517e+00
1.373133870967742087e+00,-3.039535948504853646e+00
1.373690476190476462e+00,-3.034823011974281393e+00
1.374242187500000156e+00,-3.041516411601449477e+00
1.374638095238095215e+00,-3.036216990243340685e+00
1.375031249999999927e+00,-3.033512506680785759e+00
1.375585714285714412e+00,-3.034981067305856595e+00
1.375903174603174905e+00,-3.038914712814719810e+00
1.376542857142856846e+00,-3.048661276433290990e+00
1.376943548387096650e+00,-3.045827121271323268e+00
1.377184126984127177e+00,-3.044584175428730610e+00
1.377585483870967797e+00,-3.041382793954275687e+00
1.378225806451612856e+00,-3.033906335610987437e+00
1.378623809523809696e+00,-3.033184500176323795e+00
1.378942857142857248e+00,-3.033507553111706834e+00
1.379501612903226038e+00,-3.029201473583276627e+00
1.380065079365079495e+00,-3.025836762465428098e+00
1.380624193548386947e+00,-3.032098147183762915e+00
1.381028571428571494e+00,-3.030668962640205244e+00
1.381583870967742156e+00,-3.030196670192606856e+00
1.382225806451613082e+00,-3.023917335989108057e+00
1.382869354838709874e+00,-3.023635918507444398e+00
1.383190322580645448e+00,-3.030357364346830895e+00
1.383675806451612811e+00,-3.034834841462375365e+00
1.384322580645161116e+00,-3.037680205770483699e+00
1.384808064516129145e+00,-3.037807877925488675e+00
1.385209523809523668e+00,-3.044922197443377332e+00
1.385614516129032081e+00,-3.045308275237720963e+00
1.386248437499999930e+00,-3.037098862335843474e+00
1.386646031746031626e+00,-3.035803522813544930e+00
1.387122222222222145e+00,-3.038747787913840259e+00
1.387356250000000069e+00,-3.038442525753957568e+00
1.387981250000000166e+00,-3.041072677183670248e+00
1.388449999999999962e+00,-3.049279636765687140e+00
1.388993846153846246e+00,-3.054759495706631967e+00
1.389303076923077196e+00,-3.055785871451919711e+00
1.389769230769230868e+00,-3.064484999727286940e+00
1.390230769230769159e+00,-3.071179377582193837e+00
1.390846153846153843e+00,-3.069281657344665515e+00
1.391075757575757521e+00,-3.062452464817366771e+00
1.391687878787879029e+00,-3.059065949732195033e+00
1.392143939393939434e+00,-3.066186821076971381e+00
1.392749999999999932e+00,-3.072292213012773665e+00
1.393206060606060337e+00,-3.070695491777238662e+00
1.393509090909091030e+00,-3.067718885699905584e+00
1.393883582089552098e+00,-3.069511455342996520e+00
1.394552941176470329e+00,-3.071558373762060423e+00
1.394925373134328517e+00,-3.075423153579651459e+00
1.395298484848485288e+00,-3.071917245649490980e+00
1.395671641791044859e+00,-3.080147262197554525e+00
1.396201515151515027e+00,-3.083896096464449510e+00
1.396504545454545498e+00,-3.081133036755907550e+00
1.396957575757575620e+00,-3.081245126708903381e+00
1.397340000000000027e+00,-3.083738148423396996e+00
1.397723437500000054e+00,-3.078001474246957692e+00
1.398187500000000139e+00,-3.071267151765445735e+00
1.398654687500000104e+00,-3.063204348820220968e+00
1.398887301587301790e+00,-3.060635771062978794e+00
1.399207936507936401e+00,-3.051569698907168338e+00
1.399603225806451690e+00,-3.040766104480522536e+00
1.400326229508196851e+00,-3.030913731266864808e+00
1.400816393442623209e+00,-3.040595772961746324e+00
1.401391666666666813e+00,-3.045589545174328450e+00
1.401889655172413818e+00,-3.047841925148373932e+00
1.402493220338983049e+00,-3.040205528143868463e+00
1.403003508771929697e+00,-3.044508080313094833e+00
1.403528070175438680e+00,-3.048139736975861158e+00
1.404416363636364018e+00,-3.047565048829131040e+00
1.405057407407407588e+00,-3.048248269812407152e+00
1.405424074074074214e+00,-3.042430015577280322e+00
1.405881818181818455e+00,-3.042786844886546049e+00
1.406527777777777821e+00,-3.049175565625603657e+00
1.407179245283018520e+00,-3.050843538658404963e+00
1.407550943396226328e+00,-3.054415553007257422e+00
1.408305660377358937e+00,-3.051422694928455748e+00
1.408871698113207671e+00,-3.056926324179491505e+00
1.409157407407407359e+00,-3.052488946423701055e+00
1.409907407407407165e+00,-3.066812149960367329e+00
1.410564150943396600e+00,-3.080885147549862868e+00
1.411133962264151220e+00,-3.085845829360943871e+00
1.411698113207547012e+00,-3.077952300435837785e+00
1.412355555555555364e+00,-3.069410894920790334e+00
1.412824528301886984e+00,-3.076048311341337715e+00
1.413388679245283219e+00,-3.080516066690230037e+00
1.413956603773584675e+00,-3.074516634754863365e+00
1.414715094339622725e+00,-3.066885591426107283e+00
1.415183333333333238e+00,-3.069887664855653675e+00
1.415654716981132211e+00,-3.066589476123963376e+00
1.416220754716981611e+00,-3.063947007142401091e+00
1.416872222222222755e+00,-3.062058676288914150e+00
1.417334545454545847e+00,-3.060271664461879926e+00
1.417892452830188832e+00,-3.056770543058942025e+00
1.418627272727272848e+00,-3.054139308078241299e+00
1.419178181818181894e+00,-3.063479514098319534e+00
1.419628571428571462e+00,-3.067362514393378259e+00
1.420081818181818223e+00,-3.066968526308546661e+00
1.420892857142856958e+00,-3.055825033788971190e+00
1.421428571428571264e+00,-3.056235159858418093e+00
1.421787500000000204e+00,-3.063979836976085114e+00
1.422323214285714288e+00,-3.073457132521151269e+00
1.423119298245613784e+00,-3.077359695197761980e+00
1.423473684210526224e+00,-3.077234228240909975e+00
1.423908620689654958e+00,-3.076755972669397821e+00
1.424517543859649127e+00,-3.082166066272189919e+00
1.425042105263157888e+00,-3.081263141332982070e+00
1.425472413793103632e+00,-3.082829164303352965e+00
1.425899999999999723e+00,-3.083454348187868455e+00
1.426413559322033953e+00,-3.085818604832242240e+00
1.427096610169491520e+00,-3.089201659975805203e+00
1.427435593220339305e+00,-3.090469899048459368e+00
1.427860000000000129e+00,-3.092359063014177512e+00
1.428622033898305110e+00,-3.094014716676797949e+00
1.429039999999999866e+00,-3.087788394382628088e+00
1.429459322033898028e+00,-3.086604505289663347e+00
1.429966101694915226e+00,-3.092494161711153655e+00
1.430556666666666699e+00,-3.091950202474214482e+00
1.431059999999999777e+00,-3.098999719401265285e+00
1.431479661016949123e+00,-3.097778727246086383e+00
1.431898333333333495e+00,-3.089561696622572740e+00
1.432565000000000088e+00,-3.085330573453453962e+00
1.433068333333333388e+00,-3.087780355281628086e+00
1.433483606557377277e+00,-3.084300067056551242e+00
1.433818644067796466e+00,-3.084918854198491989e+00
1.434570000000000123e+00,-3.082294065928728344e+00
1.434981355932203329e+00,-3.075815726575021891e+00
1.435486885245901956e+00,-3.075578362812330102e+00
1.435985245901639118e+00,-3.078654267240737319e+00
1.436571666666666580e+00,-3.076710033302840763e+00
1.436988135593220361e+00,-3.077110596497123041e+00
1.437491803278688529e+00,-3.079526416275655265e+00
1.437908333333333344e+00,-3.081197175355117501e+00
1.438406666666666611e+00,-3.085223057816782966e+00
1.439073333333333427e+00,-3.076635864178178803e+00
1.439490163934426414e+00,-3.063914718894611422e+00
1.440071666666666861e+00,-3.055156001077010242e+00
1.440401666666666580e+00,-3.053228837713469535e+00
1.440981967213114556e+00,-3.040595089368820503e+00
1.441559677419355090e+00,-3.034542756236207062e+00
1.442056666666666542e+00,-3.038423984338767703e+00
1.442470491803278687e+00,-3.039962257642871535e+00
1.443051666666666621e+00,-3.040877566399171172e+00
1.443549999999999889e+00,-3.046803853656654848e+00
1.443796721311475517e+00,-3.046669109414363419e+00
1.444457377049180424e+00,-3.049129651035227706e+00
1.445033870967742162e+00,-3.052169931330162900e+00
1.445603278688524673e+00,-3.049963562520897842e+00
1.445931147540983730e+00,-3.041993095628065635e+00
1.446340322580645266e+00,-3.031793963202001674e+00
1.446916393442623239e+00,-3.018426425948964376e+00
1.447408196721311713e+00,-3.014235579138143883e+00
1.447979032258064569e+00,-3.002827456819072705e+00
1.448385245901639529e+00,-2.995534643932989294e+00
1.448960000000000026e+00,-2.999221748360049400e+00
1.449453225806451639e+00,-3.002720046669550946e+00
1.449862295081967511e+00,-3.006972109653148095e+00
1.450188524590164230e+00,-3.011509136177609847e+00
1.450844262295081899e+00,-3.023571913449620396e+00
1.451337704918032934e+00,-3.028168009235586489e+00
1.451668852459016446e+00,-3.026237650074581786e+00
1.452324590163934559e+00,-3.020021933299587236e+00
1.452816393442623033e+00,-3.013179823226337373e+00
1.453142622950819973e+00,-3.005686594340245321e+00
1.453718333333333446e+00,-3.008163193717219297e+00
1.454215000000000257e+00,-3.000612766397986242e+00
1.454711666666666625e+00,-2.992992808258622794e+00
1.455378333333333440e+00,-2.993022815251671354e+00
1.455795081967213189e+00,-2.997874213770115759e+00
1.456290163934426340e+00,-3.003034388437222812e+00
1.456868333333333432e+00,-3.007989113289666783e+00
1.457283606557377098e+00,-3.009709573372106206e+00
1.457696666666666863e+00,-3.013779333896167589e+00
1.458281355932203427e+00,-3.021098675559376279e+00
1.458863333333333401e+00,-3.029647067282869699e+00
1.459361666666666668e+00,-3.031789452887528213e+00
1.459863333333333291e+00,-3.038098329618864391e+00
1.460198333333333487e+00,-3.041573657979260936e+00
1.460698333333333432e+00,-3.042884666940995242e+00
1.461198333333333377e+00,-3.046420817058116626e+00
1.461778688524590031e+00,-3.054636871211220406e+00
1.462278688524590420e+00,-3.063074491770682695e+00
1.462937704918032766e+00,-3.073435996040293716e+00
1.463353333333333284e+00,-3.075025452170863538e+00
1.463765573770491990e+00,-3.069315797185122818e+00
1.464335483870967902e+00,-3.075735473431246092e+00
1.464824193548386999e+00,-3.083414529870551313e+00
1.465393442622950682e+00,-3.089428547198310060e+00
1.465804999999999803e+00,-3.094723302595728587e+00
1.466303333333333292e+00,-3.101858125883387274e+00
1.466633333333333455e+00,-3.109746802371270658e+00
1.467290322580645290e+00,-3.111677423317440905e+00
1.467780645161290254e+00,-3.107007549963224147e+00
1.468190163934426140e+00,-3.107657729679845104e+00
1.468678688524590159e+00,-3.103467279983466387e+00
1.469163492063491949e+00,-3.098086830238603984e+00
1.469564516129032272e+00,-3.092709488133677187e+00
1.470045161290322699e+00,-3.090260400151815467e+00
1.470688709677419270e+00,-3.087551917325879636e+00
1.471250793650793698e+00,-3.093312973810204980e+00
1.471814516129032135e+00,-3.092873247103478995e+00
1.472055555555555895e+00,-3.090452742298437361e+00
1.472619354838709871e+00,-3.084244654908433247e+00
1.473179365079365422e+00,-3.079922608366252312e+00
1.473579032258064636e+00,-3.079800881841036730e+00
1.473979365079365111e+00,-3.084206246672822616e+00
1.474382258064516282e+00,-3.082471978301538851e+00
1.475025806451613075e+00,-3.086448188412768356e+00
1.475580952380952215e+00,-3.073339808384682570e+00
1.475896825396825651e+00,-3.064689826168183195e+00
1.476289062500000027e+00,-3.064503790064355471e+00
1.476915624999999954e+00,-3.060150869488891701e+00
1.477542187499999882e+00,-3.066723185500413340e+00
1.477854687499999820e+00,-3.069301772339367851e+00
1.478320312499999956e+00,-3.074161074902261426e+00
1.478785937500000092e+00,-3.081632031304571306e+00
1.479329230769230952e+00,-3.076654889045039365e+00
1.479875000000000052e+00,-3.074057739959147995e+00
1.480029687500000080e+00,-3.073401990664798689e+00
1.480653125000000125e+00,-3.065412913233235948e+00
1.481114062500000106e+00,-3.060954381528218082e+00
1.481501538461538647e+00,-3.056124989825819149e+00
1.481963076923076938e+00,-3.060847606454458969e+00
1.482348484848484915e+00,-3.064678400404099445e+00
1.483038461538461528e+00,-3.071565140307018993e+00
1.483344615384615706e+00,-3.071456651541540239e+00
1.483806153846153775e+00,-3.076521206210744097e+00
1.484113846153845895e+00,-3.074793997992933736e+00
1.484573846153846244e+00,-3.077780803912228080e+00
1.485190769230769314e+00,-3.081336398276675048e+00
1.485653846153845992e+00,-3.080019325435318756e+00
1.486115384615384727e+00,-3.067286862331950914e+00
1.486499999999999932e+00,-3.060029333500478010e+00
1.487040000000000139e+00,-3.057665906114297449e+00
1.487504615384615647e+00,-3.060981700416386175e+00
1.487889393939394012e+00,-3.060575035302530722e+00
1.488354687500000217e+00,-3.060318657405788567e+00
1.488818750000000080e+00,-3.059880261537047286e+00
1.489445312500000007e+00,-3.062427596959432563e+00
1.489914062500000025e+00,-3.070001068693422930e+00
1.490223437500000081e+00,-3.071030363247795325e+00
1.490768253968253854e+00,-3.085107807492741827e+00
1.491159375000000065e+00,-3.092053086073653034e+00
1.491706349206349369e+00,-3.094539051798187668e+00
1.492101562500000034e+00,-3.104665351900357084e+00
1.492495238095237875e+00,-3.103526345818229171e+00
1.493131746031746143e+00,-3.100208044798214324e+00
1.493450793650793695e+00,-3.093358968220280225e+00
1.493925396825396934e+00,-3.084280939678893496e+00
1.494403174603174733e+00,-3.072707856466573073e+00
1.495039682539682557e+00,-3.064219433458401198e+00
1.495360317460317612e+00,-3.070240671626381257e+00
1.495998412698412716e+00,-3.097345760900092504e+00
1.496238709677419454e+00,-3.108107552354084646e+00
1.497040322580645455e+00,-3.114195836598169453e+00
1.497441269841270239e+00,-3.110887117928903489e+00
1.498004838709677378e+00,-3.105251583322316655e+00
1.498329032258064464e+00,-3.101191490282639851e+00
1.498814516129032048e+00,-3.100659562709459749e+00
1.499459677419354708e+00,-3.109607762269920528e+00
1.499948387096774471e+00,-3.114333216261161219e+00
1.500357377049180485e+00,-3.117930640516107132e+00
1.500690163934426558e+00,-3.114140270746510009e+00
1.501352542372881294e+00,-3.100431708965115440e+00
1.501771666666666727e+00,-3.089194347081558600e+00
1.502103333333333568e+00,-3.080940117844932935e+00
1.502601666666666613e+00,-3.083427784582414510e+00
1.503265000000000295e+00,-3.091277236170532738e+00
1.503765000000000240e+00,-3.107082391450113779e+00
1.504181967213114923e+00,-3.111768468993469039e+00
1.504761666666666775e+00,-3.123305733606693835e+00
1.505342622950819553e+00,-3.120341502354658125e+00
1.506008196721311476e+00,-3.120269308790014406e+00
1.506501639344262733e+00,-3.114704492328220553e+00
1.506916666666666460e+00,-3.115590013683402049e+00
1.507578333333333243e+00,-3.129288140144324437e+00
1.508073333333333377e+00,-3.143177809413512769e+00
1.508481967213114894e+00,-3.148170633721820266e+00
1.508977049180327601e+00,-3.147270189132420626e+00
1.509631147540984042e+00,-3.144342284606087112e+00
1.509955737704918199e+00,-3.141975123785941904e+00
1.510283606557377034e+00,-3.134026602630696878e+00
1.510848387096774159e+00,-3.133092556378695104e+00
1.511249206349206453e+00,-3.130432183504916033e+00
1.511808064516129146e+00,-3.140335679604935759e+00
1.512130645161290365e+00,-3.139697919958035932e+00
1.512532786885245839e+00,-3.135368925814890684e+00
1.512937096774193524e+00,-3.131461938263348621e+00
1.513579032258064450e+00,-3.116249225865824091e+00
1.513984126984126766e+00,-3.117595106104857905e+00
1.514303278688524435e+00,-3.115696107600275599e+00
1.514955737704918093e+00,-3.115667640018726647e+00
1.515442857142857536e+00,-3.117009951045577765e+00
1.516008064516129128e+00,-3.107676709958226535e+00
1.516414754098360351e+00,-3.103412874542549993e+00
1.517065573770491893e+00,-3.093185525205284669e+00
1.517643333333333455e+00,-3.078218692478679408e+00
1.518138333333333367e+00,-3.073316875402881010e+00
1.518385245901639813e+00,-3.072635908201218236e+00
1.519044262295081937e+00,-3.068620658984205551e+00
1.519625000000000004e+00,-3.065433207823248463e+00
1.520123333333333493e+00,-3.062571231547734918e+00
1.520534426229508407e+00,-3.062897833068339182e+00
1.520948333333333347e+00,-3.063693717102876413e+00
1.521611666666666585e+00,-3.063651946421374284e+00
1.522027868852459331e+00,-3.063471899098843654e+00
1.522443333333333149e+00,-3.066219842113028005e+00
1.522943333333333316e+00,-3.064193030773888715e+00
1.523606666666666554e+00,-3.065864534948850029e+00
1.524021311475409757e+00,-3.059680182405351889e+00
1.524354098360655829e+00,-3.056102515409908627e+00
1.525011475409836059e+00,-3.050271990884979800e+00
1.525424999999999809e+00,-3.042864979684553717e+00
1.526165573770492223e+00,-3.040498628259094893e+00
1.526495081967213174e+00,-3.047479661282601171e+00
1.527066129032257802e+00,-3.050534838789636716e+00
1.527785714285714302e+00,-3.047779250802367557e+00
1.528187096774193732e+00,-3.054302311142799375e+00
1.528584126984126934e+00,-3.055308626182546394e+00
1.529061904761904733e+00,-3.059111623505582855e+00
1.529768750000000122e+00,-3.063668459013185519e+00
1.530079687500000007e+00,-3.066598297487050928e+00
1.530701562500000001e+00,-3.062189090010628778e+00
1.531084615384615377e+00,-3.054366769733764198e+00
1.531621212121212050e+00,-3.049323060366759819e+00
1.531925757575757663e+00,-3.049137690902143483e+00
1.532381818181818067e+00,-3.053160431788157325e+00
1.532607462686567112e+00,-3.054312797184817629e+00
1.533202985074626712e+00,-3.065260443172939109e+00
1.533650746268656828e+00,-3.071025918245953612e+00
1.534164705882353097e+00,-3.075877833895180213e+00
1.534238805970149500e+00,-3.076740078232108377e+00
1.534686567164179172e+00,-3.080294623205084736e+00
1.535134328358208844e+00,-3.083190504567491441e+00
1.535723880597014812e+00,-3.093494190530692745e+00
1.536167164179104372e+00,-3.095955931508096004e+00
1.536536764705882518e+00,-3.092667597856241457e+00
1.537050746268656676e+00,-3.096845971225617333e+00
1.537567647058823539e+00,-3.108849276871841205e+00
1.537861764705882317e+00,-3.106015142262911422e+00
1.538304411764706003e+00,-3.095807236965269826e+00
1.538671014492753564e+00,-3.090553076805098165e+00
1.539470588235294146e+00,-3.083241600159689622e+00
1.539908823529411830e+00,-3.075876724731557488e+00
1.540274626865671737e+00,-3.078404548309082944e+00
1.540571641791044888e+00,-3.081237062139229987e+00
1.541089705882353167e+00,-3.084376239321029889e+00
1.541529411764706037e+00,-3.082816462297023996e+00
1.542040579710145076e+00,-3.085890316036117742e+00
1.542330434782608783e+00,-3.086192822875051700e+00
1.542841176470588271e+00,-3.086093538071049913e+00
1.543207246376811614e+00,-3.081843968974319559e+00
1.543719117647058603e+00,-3.074848158418843624e+00
1.544161764705882289e+00,-3.072782843492860128e+00
1.544378260869565311e+00,-3.067617980877068717e+00
1.544810144927536211e+00,-3.066384572497693917e+00
1.545533333333333204e+00,-3.058596248569152021e+00
1.545823880597015032e+00,-3.049829025044873188e+00
1.546266666666666678e+00,-3.049772870672041059e+00
1.546630882352941105e+00,-3.052512412749680326e+00
1.546997101449275158e+00,-3.049793735570908826e+00
1.547573913043478244e+00,-3.042274197934606850e+00
1.548005797101449144e+00,-3.047610943088781443e+00
1.548368571428571538e+00,-3.056138264056656340e+00
1.548945714285714370e+00,-3.059509812757068126e+00
1.549307246376811609e+00,-3.067413299580900699e+00
1.549885507246376637e+00,-3.082546680547209039e+00
1.550312676056337935e+00,-3.088804244033590329e+00
1.550665714285714314e+00,-3.092121066180318678e+00
1.551232857142857080e+00,-3.097093596434570717e+00
1.551658571428571554e+00,-3.099420394715541427e+00
1.552156338028169102e+00,-3.091390942494853356e+00
1.552439436619718283e+00,-3.085783681989411775e+00
1.552721126760563397e+00,-3.083274882786147142e+00
1.553215714285714366e+00,-3.083093722540358073e+00
1.553712676056338005e+00,-3.083304951256187199e+00
1.554068571428571577e+00,-3.083385658071043256e+00
1.554421126760563432e+00,-3.081503697954844689e+00
1.554775714285714372e+00,-3.079846692646903694e+00
1.555128169014084571e+00,-3.071673414618282028e+00
1.555690140845070291e+00,-3.075568035379632192e+00
1.556036111111111175e+00,-3.071738560459761569e+00
1.556452777777777685e+00,-3.069579201295169479e+00
1.556797260273972805e+00,-3.070637843807661138e+00
1.557279166666666548e+00,-3.069499075431051605e+00
1.557836111111110977e+00,-3.064650246471521289e+00
1.558248611111111126e+00,-3.065253984600541770e+00
1.558523611111110929e+00,-3.067757650187756369e+00
1.559014084507042153e+00,-3.063908957062919214e+00
1.559439436619718178e+00,-3.059961289127418382e+00
1.559935714285714203e+00,-3.055117403931537190e+00
1.560364285714285648e+00,-3.045161317695468828e+00
1.560650000000000093e+00,-3.038710125163793574e+00
1.561010144927536425e+00,-3.038054091769917697e+00
1.561443478260869711e+00,-3.039212652859069053e+00
1.561802941176470672e+00,-3.042022428471547357e+00
1.562242647058823319e+00,-3.051467591149609859e+00
1.562538235294117728e+00,-3.051397096062078429e+00
1.562977941176470598e+00,-3.051045790518893241e+00
1.563560294117646965e+00,-3.057570728865856236e+00
1.564141176470588368e+00,-3.066332899654287569e+00
1.564433823529411960e+00,-3.072092734220671417e+00
1.565017647058823291e+00,-3.083748978236412697e+00
1.565382608695652156e+00,-3.085509698763932107e+00
1.566110144927536307e+00,-3.086062619011258334e+00
1.566547826086956530e+00,-3.080136437256700166e+00
1.566992537313432798e+00,-3.071738016439836461e+00
1.567437313432835877e+00,-3.072506046507729405e+00
1.567959090909091024e+00,-3.072618619928642936e+00
1.568412121212121368e+00,-3.060621110054194460e+00
1.568786567164179191e+00,-3.055403269551994594e+00
1.569085074626865639e+00,-3.058479750620363369e+00
1.569674626865671607e+00,-3.062163663944602376e+00
1.570114492753623248e+00,-3.055216668253239565e+00
1.570482352941176440e+00,-3.061060410923567510e+00
1.570846376811594114e+00,-3.062806457793724846e+00
1.571134782608695657e+00,-3.065837384384958675e+00
1.571714492753623071e+00,-3.066142621825272752e+00
1.572146376811594193e+00,-3.066315460669204906e+00
1.572507142857142659e+00,-3.065509791233234083e+00
1.573080000000000034e+00,-3.057963692200826866e+00
1.573440579710144727e+00,-3.053788179165004113e+00
1.574021739130434749e+00,-3.051780254100767475e+00
1.574313043478260621e+00,-3.050860427382395379e+00
1.574677941176470641e+00,-3.049417567692420228e+00
1.575046268656716375e+00,-3.051412344924999687e+00
1.575494029850746491e+00,-3.049794930963946715e+00
1.575941791044776386e+00,-3.054018503119568351e+00
1.576468181818182046e+00,-3.062614629013119316e+00
1.576693846153846224e+00,-3.067086077721789206e+00
1.577227272727272922e+00,-3.069718619442946661e+00
1.577606153846154102e+00,-3.064914859842373662e+00
1.578064179104477605e+00,-3.064422254094083531e+00
1.578512307692307770e+00,-3.068779993144417517e+00
1.578969230769230903e+00,-3.062420048989725085e+00
1.579583076923076979e+00,-3.051973892223527329e+00
1.580198461538461663e+00,-3.051238754296733635e+00
1.580582812500000101e+00,-3.048760193149905096e+00
1.581126153846153848e+00,-3.050056069736855502e+00
1.581816666666666427e+00,-3.052621650498887007e+00
1.582201538461538659e+00,-3.054573773437699646e+00
1.582742187500000064e+00,-3.064516191474925932e+00
1.583054687500000002e+00,-3.069730450686167789e+00
1.583593846153846352e+00,-3.077427658829494650e+00
1.584210769230769422e+00,-3.075041330843385712e+00
1.584742424242424397e+00,-3.072550833489331001e+00
1.584967164179104326e+00,-3.073706963982778984e+00
1.585345454545454613e+00,-3.076532075711484904e+00
1.586019402985074489e+00,-3.083623908782306078e+00
1.586386764705882468e+00,-3.078119200214036955e+00
1.586683823529411619e+00,-3.077170329396940573e+00
1.586976470588235211e+00,-3.082028400871553941e+00
1.587564705882352989e+00,-3.090157226845785754e+00
1.588148529411764542e+00,-3.105523050659261042e+00
1.588444117647058951e+00,-3.107201769108170364e+00
1.588810144927536472e+00,-3.110000792914484169e+00
1.589246376811594308e+00,-3.120042048888818087e+00
1.589610294117646871e+00,-3.127160533264604414e+00
1.590049999999999963e+00,-3.139046112946432210e+00
1.590491176470588242e+00,-3.152093966254908786e+00
1.590785294117646798e+00,-3.156087554164404452e+00
1.591301492537313678e+00,-3.153577829324635040e+00
1.591820588235294487e+00,-3.140641104570740527e+00
1.592191044776119169e+00,-3.127298110912759999e+00
1.592708823529411788e+00,-3.118845089525823067e+00
1.593148529411764880e+00,-3.116666082564976570e+00
1.593515942028985499e+00,-3.116040329540521459e+00
1.594175000000000342e+00,-3.115303452921356353e+00
1.594543283582089410e+00,-3.116641067786108721e+00
1.594984057971014391e+00,-3.113564665801785036e+00
1.595494117647058729e+00,-3.106296311083502459e+00
1.596150724637681151e+00,-3.094753042458888714e+00
1.596585507246376823e+00,-3.101517346369838890e+00
1.596873913043478366e+00,-3.100995830612803594e+00
1.597388235294117331e+00,-3.092143797225817003e+00
1.597753623188405747e+00,-3.085244083540064963e+00
1.598259999999999792e+00,-3.079767311561412590e+00
1.598689999999999944e+00,-3.073739320475360692e+00
1.599120000000000097e+00,-3.065040909972484240e+00
1.599473239436619787e+00,-3.059556908082229132e+00
1.599898591549295812e+00,-3.050200934811506670e+00
1.600321126760563262e+00,-3.036005151671347768e+00
1.600669444444444700e+00,-3.026787469933727159e+00
1.600947222222222299e+00,-3.016518101179034073e+00
1.601363888888889031e+00,-3.013648152724185181e+00
1.601984931506849286e+00,-3.014891101456195877e+00
1.602535616438356181e+00,-3.016760398685136124e+00
1.602808219178082361e+00,-3.017790223361747071e+00
1.603082191780821786e+00,-3.015396836290199278e+00
1.603558108108108060e+00,-3.009306455366995259e+00
1.604029333333333307e+00,-3.007691063523599162e+00
1.604366216216216223e+00,-3.006797530728872569e+00
1.604771621621621902e+00,-3.006003857508687815e+00
1.605242666666666596e+00,-3.011437629306499275e+00
1.605512000000000050e+00,-3.014231947680827695e+00
1.606178666666666865e+00,-3.015448918424132430e+00
1.606578666666666599e+00,-3.013330240711838304e+00
1.606843999999999939e+00,-3.012196595869859106e+00
1.607235064935064850e+00,-3.023136557007412684e+00
1.607496103896103756e+00,-3.021493940100730136e+00
1.608016883116883067e+00,-3.016692924865711500e+00
1.608405194805194727e+00,-3.011556715414711594e+00
1.608793506493506609e+00,-3.013686678035460087e+00
1.609183116883116993e+00,-3.014288275335989642e+00
1.609633333333333249e+00,-3.023430992733595168e+00
1.610019230769230925e+00,-3.031739517558559083e+00
1.610403846153846130e+00,-3.042874664932431195e+00
1.610662820512820614e+00,-3.051608652905598351e+00
1.610919230769230825e+00,-3.061717804491798756e+00
1.611305128205128057e+00,-3.062545785566105572e+00
1.611754545454545440e+00,-3.067564339140916196e+00
1.612074358974359134e+00,-3.069861314819456233e+00
1.612524675324675583e+00,-3.066864077117445131e+00
1.612847435897436066e+00,-3.071090925788763748e+00
1.613105128205128080e+00,-3.071653208745416030e+00
1.613557142857142912e+00,-3.073744104032395175e+00
1.614010256410256083e+00,-3.076315448463473157e+00
1.614397435897435784e+00,-3.077098237695135019e+00
1.614716883116882995e+00,-3.080222539199383824e+00
1.615106493506493601e+00,-3.078351310729803281e+00
1.615494805194805261e+00,-3.075791903918388748e+00
1.616014285714285847e+00,-3.086974446144321149e+00
1.616406493506493458e+00,-3.088077259340852088e+00
1.616798701298701513e+00,-3.085357100663531416e+00
1.617124999999999702e+00,-3.078715736626234101e+00
1.617580519480519508e+00,-3.083585233932127245e+00
1.618039473684210527e+00,-3.095871466622153623e+00
1.618434210526315642e+00,-3.107155008855583489e+00
1.618830263157894800e+00,-3.104063643212778612e+00
1.619225000000000136e+00,-3.099463718963583858e+00
1.619618421052631652e+00,-3.090700812838421019e+00
1.620144736842105360e+00,-3.083572039510151352e+00
1.620470129870129838e+00,-3.076714815135355163e+00
1.620927631578947370e+00,-3.065182496672726131e+00
1.621189473684210514e+00,-3.062820575463074846e+00
1.621581578947368207e+00,-3.060789533360538162e+00
1.621846052631578994e+00,-3.060923510057953933e+00
1.622369736842105281e+00,-3.068515081628662600e+00
1.622761842105263197e+00,-3.068107361528671362e+00
1.623025000000000162e+00,-3.064239318264611711e+00
1.623422368421052697e+00,-3.061509080330377053e+00
1.623754666666666679e+00,-3.062822404340161508e+00
1.624219736842105410e+00,-3.061267442034111941e+00
1.624614473684210525e+00,-3.058749795674506000e+00
1.625006410256410350e+00,-3.046966035577056253e+00
1.625333766233766131e+00,-3.040132307465415185e+00
1.625787179487179657e+00,-3.036607652910287669e+00
1.626302564102564352e+00,-3.023545079833861227e+00
1.626815384615384774e+00,-3.009458756915381450e+00
1.627073076923076789e+00,-3.008607463490994505e+00
1.627457692307691994e+00,-3.012047516367933220e+00
1.627902531645569528e+00,-3.011162702336981134e+00
1.628349999999999964e+00,-3.002562290571014092e+00
1.628860256410256335e+00,-3.006120180357450877e+00
1.629116666666666768e+00,-3.012228883120461109e+00
1.629373076923076979e+00,-3.013302433731028351e+00
1.629757692307692629e+00,-3.022905410850531105e+00
1.630340259740259867e+00,-3.033057596056293548e+00
1.630598701298701103e+00,-3.035309745728161257e+00
1.630858441558441285e+00,-3.037512808637957029e+00
1.631180769230769156e+00,-3.041231990444352551e+00
1.631565384615384584e+00,-3.038313457682537244e+00
1.631950000000000012e+00,-3.035629818533065016e+00
1.632335897435897465e+00,-3.037525027137384370e+00
1.632592307692307676e+00,-3.036562256264832449e+00
1.633040506329113795e+00,-3.030625716209852882e+00
1.633357692307692233e+00,-3.034980445938356031e+00
1.633674683544303674e+00,-3.032915875180091980e+00
1.634181012658227461e+00,-3.028659382847667558e+00
1.634563291139240260e+00,-3.027100262007894838e+00
1.635070886075949081e+00,-3.032307349580823708e+00
1.635387179487179710e+00,-3.039092792972836854e+00
1.635838961038960981e+00,-3.041554852420475186e+00
1.636227272727272641e+00,-3.044526208748379315e+00
1.636746753246753450e+00,-3.058312803380015321e+00
1.637006493506493632e+00,-3.061773963864611758e+00
1.637331578947368582e+00,-3.056572083470668222e+00
1.637794666666666510e+00,-3.048867493972168941e+00
1.638190666666666573e+00,-3.046840638540641244e+00
1.638521621621621405e+00,-3.041323147375348146e+00
1.638924324324324111e+00,-3.036597311260158527e+00
1.639194594594594268e+00,-3.039708188835051672e+00
1.639599999999999724e+00,-3.033910538646121147e+00
1.639999999999999902e+00,-3.031099093329312044e+00
1.640530263157894630e+00,-3.017138303323410486e+00
1.640926315789473566e+00,-3.013693481584072131e+00
1.641257333333333124e+00,-3.011651789200787022e+00
1.641592105263157908e+00,-3.020277127548185447e+00
1.642118421052631616e+00,-3.025468575889826539e+00
1.642643421052631503e+00,-3.026650056523067178e+00
1.643101298701298729e+00,-3.033269112439533011e+00
1.643490909090908891e+00,-3.035104845381919603e+00
1.643943589743589673e+00,-3.032310981181622900e+00
1.644528571428571562e+00,-3.031249350325476044e+00
1.644918181818181724e+00,-3.030272579173260539e+00
1.645179220779220630e+00,-3.030773549515905607e+00
1.645509210526315602e+00,-3.033084035361953479e+00
1.645833766233766315e+00,-3.034341410135461992e+00
1.646412820512820341e+00,-3.037703521640471305e+00
1.646797435897435768e+00,-3.035033143163640812e+00
1.647115189873418206e+00,-3.028612608390925054e+00
1.647428749999999997e+00,-3.021928402697533933e+00
1.647748101265822829e+00,-3.023047605322100928e+00
1.648058749999999906e+00,-3.024426364057061889e+00
1.648496296296296348e+00,-3.025652192521875783e+00
1.648743209876542881e+00,-3.029521160296881455e+00
1.649173170731707438e+00,-3.028400261245704161e+00
1.649418292682927056e+00,-3.028581386775678119e+00
1.649725925925925596e+00,-3.027023900940017942e+00
1.650285000000000224e+00,-3.033498449852893408e+00
1.650720987654321181e+00,-3.040681954355719530e+00
1.651091358024691536e+00,-3.040971322102497876e+00
1.651274390243902657e+00,-3.041339526325679721e+00
1.651696385542168688e+00,-3.032818300750584672e+00
1.652001219512195140e+00,-3.024379160873813976e+00
1.652432098765431956e+00,-3.025382837816231074e+00
1.652740243902439232e+00,-3.021879702806456347e+00
1.653232926829268257e+00,-3.022869331270934268e+00
1.653478048780487875e+00,-3.022464584988030722e+00
1.653909876543210311e+00,-3.021500743207912620e+00
1.654341463414633839e+00,-3.017252778446186223e+00
1.654771604938271468e+00,-3.019110092704357484e+00
1.655080487804878153e+00,-3.019577002790177378e+00
1.655385185185185515e+00,-3.017580738299903143e+00
1.655691463414634024e+00,-3.014911666435915016e+00
1.655997530864197653e+00,-3.010323151051314650e+00
1.656430000000000291e+00,-3.012357581589238720e+00
1.656862962962963204e+00,-3.016434721331548552e+00
1.657299999999999995e+00,-3.025680050393388942e+00
1.657548750000000126e+00,-3.025849646730798259e+00
1.657923750000000140e+00,-3.024597993385667483e+00
1.658358024691358068e+00,-3.031984342736439686e+00
1.658729629629629665e+00,-3.030793945032554948e+00
1.659223456790123397e+00,-3.032913923590955019e+00
1.659346913580246774e+00,-3.032691825009350861e+00
1.659714814814814643e+00,-3.031573638673606297e+00
1.660082716049382512e+00,-3.028545370764767597e+00
1.660571604938271717e+00,-3.029325986278070815e+00
1.661003749999999668e+00,-3.030630731874028871e+00
1.661316049382716376e+00,-3.024478803746037059e+00
1.661692405063291300e+00,-3.026400900750628509e+00
1.662129999999999885e+00,-3.030157498414253858e+00
1.662500000000000089e+00,-3.032838113081673725e+00
1.662812345679012038e+00,-3.036376551694401904e+00
1.663246249999999815e+00,-3.036447603928586148e+00
1.663558024691357939e+00,-3.036397546384885349e+00
1.663928395061728294e+00,-3.043800679400403553e+00
1.664298765432098426e+00,-3.052401836536028146e+00
1.664728048780487857e+00,-3.054126083133002822e+00
1.665093902439024331e+00,-3.055146986740873594e+00
1.665401234567901012e+00,-3.056942036585327926e+00
1.665828048780487958e+00,-3.060119531425728567e+00
1.666195121951218994e+00,-3.064661808206524896e+00
1.666559756097561129e+00,-3.065867398356412643e+00
1.666925609756097382e+00,-3.072365492881061311e+00
1.667291463414634300e+00,-3.076744048294935308e+00
1.667656097560975770e+00,-3.086309212965898219e+00
1.667960240963855423e+00,-3.086174427959794020e+00
1.668508536585365798e+00,-3.084094965477928163e+00
1.668751219512195183e+00,-3.083044239302060507e+00
1.669239024390243964e+00,-3.082852593878663505e+00
1.669360975609756270e+00,-3.081054670353066349e+00
1.669726829268292301e+00,-3.081707970443332556e+00
1.670030864197530995e+00,-3.080808231035806699e+00
1.670523456790123484e+00,-3.074779597366975814e+00
1.670951219512195385e+00,-3.072347234704746022e+00
1.671253012048192321e+00,-3.075650704156048576e+00
1.671557317073171012e+00,-3.080930770378579542e+00
1.671862962962962884e+00,-3.076996974651899031e+00
1.672172499999999840e+00,-3.072000770204353692e+00
1.672665853658536594e+00,-3.066216239367760998e+00
1.673035365853658751e+00,-3.064017453574288563e+00
1.673281707317073597e+00,-3.064918911983106398e+00
1.673712345679012170e+00,-3.062290482669144165e+00
1.673960493827160168e+00,-3.056605948253602545e+00
1.674521250000000183e+00,-3.054575475070646640e+00
1.674896249999999753e+00,-3.053501073191155157e+00
1.675393902439024307e+00,-3.047960866511948197e+00
1.675702469135802675e+00,-3.043359599079979994e+00
1.676008536585366304e+00,-3.040472443772960887e+00
1.676381249999999934e+00,-3.033500927705121253e+00
1.676878749999999751e+00,-3.026510465983613507e+00
1.677378749999999696e+00,-3.016431477676316586e+00
1.677503750000000071e+00,-3.014045197926760178e+00
1.677941772151898769e+00,-3.013851932873309103e+00
1.678317721518987282e+00,-3.014219543965160675e+00
1.678698734177215046e+00,-3.011224357425589915e+00
1.679206329113924312e+00,-3.013109707739010990e+00
1.679459493670886427e+00,-3.017957153400318671e+00
1.679839240506328712e+00,-3.019457930104048060e+00
1.680150000000000032e+00,-3.022449600424662375e+00
1.680522499999999919e+00,-3.019549153303669353e+00
1.680897499999999933e+00,-3.022778668354985765e+00
1.681458024691357744e+00,-3.020860232733872941e+00
1.681644999999999612e+00,-3.018406324959502118e+00
1.682134146341463854e+00,-3.018076602777987727e+00
1.682376829268292351e+00,-3.020789087719937704e+00
1.682808641975308772e+00,-3.022133105603171721e+00
1.683180246913580369e+00,-3.018634062723759559e+00
1.683616250000000036e+00,-3.020576252185158239e+00
1.683927160493826847e+00,-3.028349821233082384e+00
1.684296296296296180e+00,-3.032677876639147119e+00
1.684790123456789912e+00,-3.040659699641850899e+00
1.685035802469135646e+00,-3.045258404264561403e+00
1.685529629629629378e+00,-3.053996326710764819e+00
1.685842499999999688e+00,-3.064040491053312998e+00
1.686153086419753366e+00,-3.069571845570220781e+00
1.686400000000000343e+00,-3.076225684351118872e+00
1.686952439024390182e+00,-3.069681236393323243e+00
1.687253012048193224e+00,-3.064343465502045838e+00
1.687557317073170582e+00,-3.062330171329104456e+00
1.687983132530120667e+00,-3.062328543073504328e+00
1.688467469879517902e+00,-3.065295387986824327e+00
1.688828915662650809e+00,-3.064503639498498355e+00
1.689069879518072748e+00,-3.061789664162486879e+00
1.689432530120482001e+00,-3.056310063823413081e+00
1.689736585365854138e+00,-3.055412827189892599e+00
1.690102439024390391e+00,-3.056639691737355058e+00
1.690591463414634621e+00,-3.053856533363536130e+00
1.690898765432098605e+00,-3.050005623239218089e+00
1.691392592592592781e+00,-3.055537477421242265e+00
1.691576829268292448e+00,-3.058413455249600954e+00
1.691942682926829145e+00,-3.064946052591862813e+00
1.692249382716049411e+00,-3.062057314697244514e+00
1.692853012048192385e+00,-3.066399508919138039e+00
1.693092771084337311e+00,-3.072368266948116045e+00
1.693448235294117588e+00,-3.073507642133848528e+00
1.693745238095237582e+00,-3.073632119145217612e+00
1.694166265060241150e+00,-3.071060547646630390e+00
1.694643373493975647e+00,-3.066962582555872174e+00
1.695004819277108554e+00,-3.060545299270053476e+00
1.695425609756097352e+00,-3.047585660453728362e+00
1.695667073170731731e+00,-3.038096439219030831e+00
1.695972839506172614e+00,-3.029504250030350843e+00
1.696220987654320611e+00,-3.028449110685193624e+00
1.696593670886076044e+00,-3.032045182653516857e+00
1.696910256410256057e+00,-3.038608278823235143e+00
1.697229870129870255e+00,-3.040080309380350787e+00
1.697425641025640752e+00,-3.038030833254407703e+00
1.697809210526315837e+00,-3.034235182578941536e+00
1.698069736842105382e+00,-3.032541948754837069e+00
1.698662666666666654e+00,-3.033354845709351100e+00
1.698859459459459487e+00,-3.034348462593860152e+00
1.699128378378378379e+00,-3.033307860471840200e+00
1.699461643835616487e+00,-3.031402085218582343e+00
1.699800000000000200e+00,-3.030755494560821717e+00
1.700278873239436273e+00,-3.036662223037087660e+00
1.700833333333333419e+00,-3.032937188825506336e+00
1.701258208955223727e+00,-3.024207336465522644e+00
1.701778787878787780e+00,-3.019973856983011906e+00
1.702535937499999985e+00,-3.019639782736708966e+00
1.703001562499999899e+00,-3.022159195212680505e+00
1.703550793650793427e+00,-3.017636689956421314e+00
1.704108064516128840e+00,-3.019617303448103307e+00
1.704678688524590369e+00,-3.017343404028480780e+00
1.705421666666666614e+00,-3.021219660596175416e+00
1.705921666666667003e+00,-3.031961593432792590e+00
1.706420000000000048e+00,-3.039983184242205372e+00
1.707157377049180136e+00,-3.037333028537662294e+00
1.707652459016393287e+00,-3.037228381240074437e+00
1.707901666666666873e+00,-3.038529470746128780e+00
1.708399999999999919e+00,-3.039185239945950023e+00
1.709134426229508064e+00,-3.028630245066674220e+00
1.709546666666666770e+00,-3.025680929237036576e+00
1.709876666666666711e+00,-3.024675111104020431e+00
1.710285245901639550e+00,-3.022786181786579096e+00
1.710851612903226071e+00,-3.021515990652619887e+00
1.711409523809523714e+00,-3.023693019974565743e+00
1.711804687499999922e+00,-3.026529182755242076e+00
1.712120312499999963e+00,-3.028175038044611522e+00
1.712668253968254284e+00,-3.021593043502540876e+00
1.713375000000000092e+00,-3.010702847868042209e+00
1.713689062499999860e+00,-3.009591710829586209e+00
1.714080000000000048e+00,-3.001958337778644292e+00
1.714624999999999844e+00,-2.999203090403777416e+00
1.715177777777777690e+00,-2.997117292628825425e+00
1.715568750000000087e+00,-2.992018927002271234e+00
1.715882812499999854e+00,-2.984721655499165571e+00
1.716351562500000094e+00,-2.975380959946053228e+00
1.716979687500000074e+00,-2.975357429847889978e+00
1.717295312500000115e+00,-2.975784017365437517e+00
1.717687301587301540e+00,-2.978073821049986414e+00
1.718156923076923137e+00,-2.982136720331647339e+00
1.718784126984127081e+00,-2.989742902707384076e+00
1.719179687500000053e+00,-2.995612778808356413e+00
1.719648437500000071e+00,-2.991947688280573558e+00
1.720115625000000037e+00,-2.993482387329099659e+00
1.720582812500000003e+00,-2.998278411369133423e+00
1.721131746031745902e+00,-3.002825555705789462e+00
1.721607936507936643e+00,-3.005664713308122682e+00
1.721923809523809412e+00,-3.008989974674881385e+00
1.722561904761904517e+00,-3.009118015702667126e+00
1.723038095238095257e+00,-3.009657905357530527e+00
1.723593750000000036e+00,-3.012556728418961605e+00
1.723988888888888571e+00,-3.023068394340080012e+00
1.724468253968253872e+00,-3.028816886139440889e+00
1.725017187499999993e+00,-3.032154894808804180e+00
1.725409523809523504e+00,-3.036093403873968644e+00
1.725880952380952182e+00,-3.038287650251016103e+00
1.726429687500000032e+00,-3.054415329721211769e+00
1.726822222222222258e+00,-3.059587306669286022e+00
1.727447619047619121e+00,-3.070441308718582896e+00
1.727761538461538349e+00,-3.067840367448945837e+00
1.728236507936508071e+00,-3.065455778032994516e+00
1.728555555555555845e+00,-3.065355958848282381e+00
1.729111290322580707e+00,-3.060067281289155616e+00
1.729593548387096558e+00,-3.066409065169291903e+00
1.729996721311475305e+00,-3.060984072306587755e+00
1.730406451612903185e+00,-3.053877641059459691e+00
1.730972131147541226e+00,-3.040922985261913514e+00
1.731374193548387286e+00,-3.030591085740161894e+00
1.731858064516129225e+00,-3.020993746055359530e+00
1.732415873015872965e+00,-3.020006291042503399e+00
1.733053968253968291e+00,-3.019833926103185018e+00
1.733612903225806301e+00,-3.019112825954683110e+00
1.734014285714285508e+00,-3.017231198360764033e+00
1.734647619047618994e+00,-3.009762808077752538e+00
1.735370967741935777e+00,-3.016852071362806864e+00
1.735769841269841240e+00,-3.016796857687468414e+00
1.736242857142856977e+00,-3.007588735100908739e+00
1.736719047619047718e+00,-2.987421246802174579e+00
1.737267187500000087e+00,-2.978550544751546791e+00
1.737655384615384824e+00,-2.972440791590258868e+00
1.738121538461538496e+00,-2.962943097495998046e+00
1.738429230769230838e+00,-2.959059935361718630e+00
1.738886153846153748e+00,-2.958444026755463252e+00
1.739334328358208781e+00,-2.969231760006924681e+00
1.739860606060606329e+00,-2.980572911332125763e+00
1.740082089552238864e+00,-2.988795814864569245e+00
1.740600000000000147e+00,-2.994436523230708413e+00
1.741042647058823611e+00,-2.999770194312025851e+00
1.741485294117646854e+00,-3.005042508105891130e+00
1.741856716417910400e+00,-3.010177156609846971e+00
1.742155223880596848e+00,-3.019999086536229171e+00
1.742602985074626964e+00,-3.022187791080194863e+00
1.743199999999999861e+00,-3.030001383928160319e+00
1.743573529411764689e+00,-3.024991981793222706e+00
1.743870588235294283e+00,-3.027503143509227446e+00
1.744392537313432801e+00,-3.029926848764854963e+00
1.744691044776119471e+00,-3.029649681118562921e+00
1.745361764705882335e+00,-3.031421812054154064e+00
1.745806060606060583e+00,-3.038474574244171222e+00
1.746034328358208931e+00,-3.043239028979510596e+00
1.746782089552238793e+00,-3.047520268258139264e+00
1.747309090909091145e+00,-3.047993917884814774e+00
1.747687692307692497e+00,-3.049722742073032844e+00
1.748069696969697162e+00,-3.056149080728673972e+00
1.748525757575757567e+00,-3.056779957511448487e+00
1.749142187499999945e+00,-3.053002371158635153e+00
1.749526153846153953e+00,-3.046882634433995651e+00
1.749987692307692466e+00,-3.041014476943617595e+00
1.750298461538461581e+00,-3.040097206932599327e+00
1.750920000000000032e+00,-3.045194595529868042e+00
1.751309374999999946e+00,-3.043701886922848932e+00
1.751621875000000106e+00,-3.045225332565485665e+00
1.752090624999999902e+00,-3.037578170293797619e+00
1.752715624999999999e+00,-3.022969121312081064e+00
1.753181249999999913e+00,-3.016861751853525231e+00
1.753807812499999841e+00,-3.018059656915367928e+00
1.754120312500000001e+00,-3.009680762441742541e+00
1.754589062500000018e+00,-3.003479973973651074e+00
1.755368749999999922e+00,-3.000233182260210629e+00
1.755684374999999964e+00,-2.999601855299327102e+00
1.756072307692307710e+00,-2.994899357919529770e+00
1.756615625000000014e+00,-2.986429528809465772e+00
1.757237500000000008e+00,-2.988835926775584628e+00
1.757780000000000120e+00,-2.998930793365785163e+00
1.758087692307692240e+00,-3.001902529046110324e+00
1.758550769230769140e+00,-2.997110990893999904e+00
1.758928787878787814e+00,-2.999235663815365882e+00
1.759616923076922967e+00,-2.996126591903929270e+00
1.759924615384615310e+00,-3.000776239123129852e+00
1.760156060606060668e+00,-3.005494383372061762e+00
1.760689230769230562e+00,-3.006043547464571475e+00
1.761221212121212076e+00,-3.001380244898845362e+00
1.761677272727272703e+00,-3.001890886530245606e+00
1.762049253731343468e+00,-2.999700139759801321e+00
1.762495522388059621e+00,-2.998207249246751527e+00
1.762868181818181723e+00,-2.992460873441022073e+00
1.763464705882352934e+00,-2.983883531520378884e+00
1.763761764705882307e+00,-2.979509959497210314e+00
1.764279104477611826e+00,-2.987397170836902038e+00
1.764797058823529330e+00,-2.988183429213793652e+00
1.765386764705882294e+00,-2.988878082164628580e+00
1.765894202898550924e+00,-2.991245331427538900e+00
1.766182608695652245e+00,-2.992504024475103108e+00
1.766688571428571164e+00,-3.000006719708634861e+00
1.766975714285714316e+00,-2.998896517074845836e+00
1.767549999999999955e+00,-2.983756667858945111e+00
1.768055072463768251e+00,-2.975267814791158205e+00
1.768411428571428523e+00,-2.979616197893822260e+00
1.768838571428571482e+00,-2.975757986100144858e+00
1.769127142857142898e+00,-2.971918374209930214e+00
1.769761971830985825e+00,-2.972270118691719976e+00
1.770040845070422586e+00,-2.963265774452632062e+00
1.770391666666666586e+00,-2.957789608350855470e+00
1.770669444444444629e+00,-2.954795123043997496e+00
1.771290410958904271e+00,-2.955771311129673506e+00
1.771565753424657830e+00,-2.954097033057737409e+00
1.772113698630137124e+00,-2.962028439997546947e+00
1.772387671232876549e+00,-2.967256634266282944e+00
1.772797260273972553e+00,-2.979309339155730374e+00
1.773272972972972816e+00,-2.992097105675695978e+00
1.773679729729729981e+00,-2.995545526931878921e+00
1.774156164383561496e+00,-2.989427156815659181e+00
1.774293150684931542e+00,-2.985138324031690438e+00
1.774768918918918859e+00,-2.977859194730925640e+00
1.775245205479452304e+00,-2.972205850710630148e+00
1.775726388888888785e+00,-2.965204142289744382e+00
1.776004166666666606e+00,-2.966199170421216280e+00
1.776350704225352128e+00,-2.962494269761655197e+00
1.776632394366197021e+00,-2.962128326384282584e+00
1.777053521126760405e+00,-2.960841488445974168e+00
1.777547222222222167e+00,-2.961206172341568799e+00
1.778104166666666819e+00,-2.959697381177748721e+00
1.778383333333333205e+00,-2.959958309015110256e+00
1.778801388888889390e+00,-2.962758306516085405e+00
1.779428169014084737e+00,-2.957875196464426093e+00
1.779776388888889338e+00,-2.955361339118624642e+00
1.780194444444444191e+00,-2.956351154788049218e+00
1.780545070422535181e+00,-2.953075353062175168e+00
1.781111267605633985e+00,-2.944956378419279819e+00
1.781674647887323770e+00,-2.950026166072775791e+00
1.782175714285713974e+00,-2.945721066308570446e+00
1.782461428571428419e+00,-2.947498156493089549e+00
1.782891428571428349e+00,-2.946421434055984889e+00
1.783178571428571502e+00,-2.945273757526402747e+00
1.783755882352941136e+00,-2.947843568188359242e+00
1.784117391304347766e+00,-2.947445745763501712e+00
1.784405797101449309e+00,-2.948743201858780694e+00
1.784982608695652395e+00,-2.955312920826435708e+00
1.785484285714286079e+00,-2.955727013264802583e+00
1.785843478260869421e+00,-2.954738496958890792e+00
1.786201428571428496e+00,-2.955654351964983828e+00
1.786488571428571426e+00,-2.962799246017370880e+00
1.786918571428571356e+00,-2.968350983952791289e+00
1.787415942028985238e+00,-2.979478060461912214e+00
1.787923529411764578e+00,-2.980210623068555442e+00
1.788217647058823578e+00,-2.981077959987852743e+00
1.788805882352941135e+00,-2.989275077043373585e+00
1.789394117647058691e+00,-2.991737204982913845e+00
1.789765671641791123e+00,-2.997180274172774883e+00
1.790133823529411972e+00,-2.998253791343439723e+00
1.790504477611940315e+00,-3.003510417767059515e+00
1.790873529411764586e+00,-3.006474653079495241e+00
1.791613235294117645e+00,-3.005184663791711674e+00
1.791979710144927518e+00,-3.005503811183452001e+00
1.792418840579709904e+00,-3.005821045676022596e+00
1.793001449275362313e+00,-3.002445568294922484e+00
1.793514705882352844e+00,-2.993869221699736460e+00
1.793878260869565144e+00,-2.991221803973358906e+00
1.794317391304347975e+00,-2.994459911148902087e+00
1.794682352941176617e+00,-2.993161050187602701e+00
1.795124999999999860e+00,-2.994390189601473296e+00
1.795646268656716282e+00,-3.001410404034443591e+00
1.796095522388059695e+00,-3.002572653569084427e+00
1.796319117647058983e+00,-2.996394139774581689e+00
1.796616666666666751e+00,-2.988614484696282769e+00
1.797074242424242518e+00,-2.984505609474962018e+00
1.797525757575757721e+00,-2.988928893727256231e+00
1.797827272727272385e+00,-2.989266152296649715e+00
1.798283333333333234e+00,-2.988703245920911300e+00
1.798661538461538534e+00,-2.983888002288701546e+00
1.799198437499999859e+00,-2.986500430427290631e+00
1.799667187500000098e+00,-2.980764277766850157e+00
1.800143749999999931e+00,-2.982891532502559340e+00
1.800527868852459301e+00,-2.984615293438724670e+00
1.801016393442622876e+00,-2.984073172790401518e+00
1.801761666666666706e+00,-2.976507502519307291e+00
1.802177966101695006e+00,-2.970723462398455972e+00
1.802685964912280836e+00,-2.966631892676343973e+00
1.803211864406779608e+00,-2.973878466602714266e+00
1.803814285714285592e+00,-2.977627854818126085e+00
1.804348214285714125e+00,-2.976591977727849336e+00
1.805062499999999792e+00,-2.971263402630849093e+00
1.805601785714285645e+00,-2.960811910645375633e+00
1.806234545454545426e+00,-2.962340877666078676e+00
1.806687500000000002e+00,-2.967205755213930374e+00
1.807229629629629519e+00,-2.966210249850979697e+00
1.808056363636363573e+00,-2.955896035439259606e+00
1.808333333333333348e+00,-2.953614938868098339e+00
1.809072222222222193e+00,-2.942369770472424761e+00
1.809712727272726918e+00,-2.944337245969063321e+00
1.810079999999999911e+00,-2.946991972424113371e+00
1.810627272727272752e+00,-2.945271775634640044e+00
1.811170909090909165e+00,-2.944230577411230065e+00
1.811714545454545799e+00,-2.939201693482037747e+00
1.812361111111111311e+00,-2.939842530450019531e+00
1.812544444444444958e+00,-2.940691743848075745e+00
1.813377358490566138e+00,-2.918194425127059954e+00
1.813842592592592506e+00,-2.915398890738029714e+00
1.814394444444444421e+00,-2.909135482845041309e+00
1.814953703703703569e+00,-2.913703047993778661e+00
1.815409090909090528e+00,-2.914885853628955914e+00
1.816055555555555756e+00,-2.916195419588893500e+00
1.816607407407407226e+00,-2.910360739721750800e+00
1.817162962962963091e+00,-2.908090982778304134e+00
1.817912962962962675e+00,-2.915715357582890466e+00
1.818468518518518540e+00,-2.916726058183157555e+00
1.818935849056603882e+00,-2.926163435224226728e+00
1.819686792452830160e+00,-2.922463689446794355e+00
1.820062264150943188e+00,-2.920925833687238793e+00
1.820632075471698030e+00,-2.918672128424546486e+00
1.821107692307692094e+00,-2.919608866427513050e+00
1.821769811320754551e+00,-2.934494657790077898e+00
1.822518867924528330e+00,-2.940525337267417605e+00
1.822707547169811315e+00,-2.938612533975834218e+00
1.823364814814814938e+00,-2.938437177422800417e+00
1.824016981132075665e+00,-2.941640503621500091e+00
1.824394339622641859e+00,-2.943113574025194801e+00
1.825158823529411833e+00,-2.939094820813071607e+00
1.825648076923076735e+00,-2.943783397033580940e+00
1.826230000000000242e+00,-2.953908682111103801e+00
1.826817307692307768e+00,-2.960409624102481985e+00
1.827205769230769050e+00,-2.962514635012151398e+00
1.827982692307692059e+00,-2.958939526872715220e+00
1.828472549019607429e+00,-2.954352365205685782e+00
1.829155999999999782e+00,-2.946129480953619595e+00
1.830043137254901975e+00,-2.932124580331980646e+00
1.830528846153846256e+00,-2.929262435251511310e+00
1.831013725490195920e+00,-2.926451049358610224e+00
1.831598039215686313e+00,-2.921712951002982894e+00
1.832380392156862658e+00,-2.916032915495148981e+00
1.832956603773585158e+00,-2.919126080883438057e+00
1.833447999999999967e+00,-2.929826449991431936e+00
1.834135294117646975e+00,-2.926834855945319891e+00
1.834809615384615178e+00,-2.925834651168881528e+00
1.835279245283018890e+00,-2.929286967128877706e+00
1.835565384615384543e+00,-2.926692709251774716e+00
1.836224528301886538e+00,-2.922107270740390561e+00
1.836888461538461748e+00,-2.922599038930846493e+00
1.837449999999999806e+00,-2.930722028283818226e+00
1.837824074074073888e+00,-2.933519820075386697e+00
1.838751851851851749e+00,-2.929448217139960509e+00
1.839032075471698002e+00,-2.932776204459951686e+00
1.839496296296295963e+00,-2.938136167663597309e+00
1.840140000000000331e+00,-2.942611333689983066e+00
1.840788888888889252e+00,-2.944846617230242547e+00
1.841346296296296536e+00,-2.942916765888737629e+00
1.841990909090909456e+00,-2.938897191187965774e+00
1.842358181818181784e+00,-2.937874139153414443e+00
1.842916981132075804e+00,-2.937929215697145047e+00
1.843289090909090877e+00,-2.934958565639269601e+00
1.844200000000000284e+00,-2.938761081425479649e+00
1.844749090909090894e+00,-2.947905384964573106e+00
1.845116363636363888e+00,-2.955856926196176016e+00
1.845483636363636659e+00,-2.962652578249472146e+00
1.846218181818181758e+00,-2.969910861207548436e+00
1.846763636363636385e+00,-2.964921528600699130e+00
1.847307272727272576e+00,-2.964634775445209591e+00
1.848032727272727271e+00,-2.965666589734332170e+00
1.848488888888888848e+00,-2.967147526537531554e+00
1.848943636363636456e+00,-2.968438915166377257e+00
1.849485454545454877e+00,-2.974838503982441207e+00
1.850034545454545487e+00,-2.977643030465552787e+00
1.850679629629629730e+00,-2.982239495266550300e+00
1.851134545454545366e+00,-2.979061681231342629e+00
1.851596296296296185e+00,-2.980475734883362371e+00
1.852151851851851827e+00,-2.983046465029286054e+00
1.852703703703703741e+00,-2.986341274504021204e+00
1.853163636363636124e+00,-2.984335246823723420e+00
1.853710909090908965e+00,-2.982078552224729506e+00
1.854449090909090714e+00,-2.979191442903339482e+00
1.854912962962963041e+00,-2.971266641797871255e+00
1.855464814814814734e+00,-2.955877776890241559e+00
1.856018518518518512e+00,-2.945592458507779288e+00
1.856845454545454466e+00,-2.950275313934033861e+00
1.857392727272727306e+00,-2.951045241911104178e+00
1.857853703703703507e+00,-2.948005951854344886e+00
1.858403703703703780e+00,-2.951107401336291236e+00
1.858955555555555472e+00,-2.953237077166052771e+00
1.859325925925925826e+00,-2.943912392599810968e+00
1.860149090909090974e+00,-2.946753412243244608e+00
1.860689090909090959e+00,-2.951026316642157532e+00
1.861236363636363578e+00,-2.956740369964601989e+00
1.861416363636363647e+00,-2.956740980276944430e+00
1.862051785714285757e+00,-2.945044603883864021e+00
1.862680000000000113e+00,-2.934808254183788989e+00
1.862951785714285657e+00,-2.933035051607081112e+00
1.863669642857142872e+00,-2.945441925678740080e+00
1.864553571428571477e+00,-2.949829801907679627e+00
1.864905357142857323e+00,-2.949922850967911625e+00
1.865258928571428498e+00,-2.956339979488683323e+00
1.865796428571428578e+00,-2.954304991993615293e+00
1.866682142857142734e+00,-2.950239409549090031e+00
1.867037500000000128e+00,-2.946411289828679614e+00
1.867487272727272662e+00,-2.942069617994953923e+00
1.868203636363636511e+00,-2.939305826424496004e+00
1.868559649122807143e+00,-2.937571149699382378e+00
1.868912280701754414e+00,-2.931279405915725889e+00
1.869351785714285841e+00,-2.934753998131138353e+00
1.870071428571428607e+00,-2.920720826621873822e+00
1.870796428571428693e+00,-2.913255907782535736e+00
1.871065454545454587e+00,-2.908256112826946183e+00
1.871605263157894772e+00,-2.907285984226242626e+00
1.872226785714285580e+00,-2.912347878135201462e+00
1.872764285714285881e+00,-2.912237229872818300e+00
1.873305357142857064e+00,-2.908770986344275222e+00
1.873754545454545450e+00,-2.908273572776009175e+00
1.874663636363636199e+00,-2.908115386522727608e+00
1.875116071428571507e+00,-2.910333947796690968e+00
1.875651785714285591e+00,-2.915349858086242474e+00
1.876449122807017478e+00,-2.929411625212245962e+00
1.876803508771930140e+00,-2.934724289548362286e+00
1.877250000000000085e+00,-2.937852086031265131e+00
1.877782142857142844e+00,-2.941951238541856029e+00
1.878399999999999848e+00,-2.944148621418735345e+00
1.879021428571428620e+00,-2.951175723440319754e+00
1.879285964912280615e+00,-2.955540268515928659e+00
1.879894827586206851e+00,-2.966300183128000700e+00
1.880491525423729104e+00,-2.962270699814287145e+00
1.880920689655172451e+00,-2.960867872097395548e+00
1.881179661016949334e+00,-2.956156749177073273e+00
1.881859322033898385e+00,-2.951831832560610103e+00
1.882533898305084774e+00,-2.949217376204316565e+00
1.883034426229508229e+00,-2.949262792824975055e+00
1.883448333333333391e+00,-2.945970721361699241e+00
1.884027868852459209e+00,-2.942891177479851184e+00
1.884686885245901777e+00,-2.947169747648438864e+00
1.885016393442622729e+00,-2.949324404434034541e+00
1.885347540983606462e+00,-2.947630607198540531e+00
1.885849152542372842e+00,-2.938768815109188637e+00
1.886441666666666794e+00,-2.938003797374034054e+00
1.886864406779661385e+00,-2.930590967426504712e+00
1.887201694915254579e+00,-2.926961238637950213e+00
1.887623333333333653e+00,-2.925160918337478932e+00
1.888126666666666731e+00,-2.926599370152247026e+00
1.888633333333333386e+00,-2.928884786695762799e+00
1.889050847457627302e+00,-2.928814141048353470e+00
1.889718644067796660e+00,-2.933089537679256953e+00
1.890386885245902038e+00,-2.936172788642986475e+00
1.891117741935483876e+00,-2.933159830214884245e+00
1.891440322580644873e+00,-2.939952566771849352e+00
1.892013114754098169e+00,-2.945226915730635220e+00
1.892667213114753721e+00,-2.953147075908873376e+00
1.893237096774193384e+00,-2.943776016089286962e+00
1.893722580645161413e+00,-2.942007481467007413e+00
1.894134426229508339e+00,-2.940666848512956566e+00
1.894622950819671914e+00,-2.937901454972638327e+00
1.895188709677419148e+00,-2.930036678078109080e+00
1.895425396825396902e+00,-2.928177015688901541e+00
1.895742857142857174e+00,-2.926031789282751205e+00
1.896360000000000046e+00,-2.921831519354825879e+00
1.896821538461538559e+00,-2.915712093423696860e+00
1.897204545454545643e+00,-2.922969689093654733e+00
1.897741538461538591e+00,-2.925718019024080352e+00
1.897895384615384540e+00,-2.926094543124280190e+00
1.898355384615384667e+00,-2.920374426591894945e+00
1.899040909090909057e+00,-2.914467856935988532e+00
1.899419999999999886e+00,-2.906631114446609931e+00
1.899724615384615456e+00,-2.901552580887909016e+00
