# temperature (K),delta c66/c66 (1e-5)
1.300063636363636421e+00,-4.126832480037545992e+00
1.300404545454545424e+00,-4.125921470083761200e+00
1.300745454545454427e+00,-4.124394843800526900e+00
1.301197727272727311e+00,-4.123056626042077788e+00
1.301594252873562896e+00,-4.122055949200618130e+00
1.302054022988505810e+00,-4.120499771129732203e+00
1.302341860465116241e+00,-4.119841341505030563e+00
1.302806976744185885e+00,-4.117895351006031213e+00
1.303098823529411643e+00,-4.116779386403046637e+00
1.303513095238095110e+00,-4.115780260545546909e+00
1.303870238095238276e+00,-4.114569714784439114e+00
1.304227380952380999e+00,-4.112699519631737743e+00
1.304584523809523722e+00,-4.111992837043962901e+00
1.305116470588235433e+00,-4.109486062531996886e+00
1.305406976744186265e+00,-4.107088104954187635e+00
1.305810344827586178e+00,-4.104384305584653170e+00
1.306102325581395496e+00,-4.101953492119049471e+00
1.306445454545454687e+00,-4.099130874175822115e+00
1.306617241379310457e+00,-4.097491956388634726e+00
1.307077011494252927e+00,-4.094024217833514001e+00
1.307414606741573060e+00,-4.092366019118461651e+00
1.307806666666666784e+00,-4.091227961166072902e+00
1.308251111111111031e+00,-4.090774783657397329e+00
1.308638461538461639e+00,-4.089804754029102263e+00
1.308917777777777625e+00,-4.088191746719008535e+00
1.309251111111111365e+00,-4.087039369561191293e+00
1.309525274725274580e+00,-4.084912919217305038e+00
1.309854945054945041e+00,-4.082015502592452272e+00
1.310127173913043563e+00,-4.080319796158244472e+00
1.310453260869565151e+00,-4.078445775768388515e+00
1.310617582417582305e+00,-4.077213619354334462e+00
1.311057142857142921e+00,-4.074606057258227665e+00
1.311330434782608689e+00,-4.073317106202296145e+00
1.311768478260869397e+00,-4.071121348061031320e+00
1.312094565217391207e+00,-4.069214579616136973e+00
1.312313043478260832e+00,-4.067893388955184264e+00
1.312476923076922875e+00,-4.067312570452144449e+00
1.312806593406593558e+00,-4.065674095054689019e+00
1.313080434782608608e+00,-4.063656203733487793e+00
1.313296739130434876e+00,-4.062060033204303977e+00
1.313731521739130326e+00,-4.059199871544658222e+00
1.314003296703296630e+00,-4.058376467166599610e+00
1.314332967032966870e+00,-4.057712016353849371e+00
1.314608888888888716e+00,-4.056805931398371534e+00
1.314885393258427015e+00,-4.055987701099344811e+00
1.315222471910112434e+00,-4.055377232765376760e+00
1.315727777777777829e+00,-4.054262115315291126e+00
1.316061111111110904e+00,-4.053577657262773748e+00
1.316450549450549179e+00,-4.053170115628505599e+00
1.316670329670329931e+00,-4.053262071247871745e+00
1.316999999999999948e+00,-4.053245596012757801e+00
1.317659340659340872e+00,-4.051129159038181271e+00
1.317989010989011112e+00,-4.048829608893869114e+00
1.318318681318681351e+00,-4.047737857819815765e+00
1.318648351648351813e+00,-4.045847814589467184e+00
1.318978021978022053e+00,-4.045037857383333879e+00
1.319417582417582446e+00,-4.042969832774153893e+00
1.319858241758241846e+00,-4.041931984603365002e+00
1.320297802197802239e+00,-4.039825275303054575e+00
1.320627472527472479e+00,-4.037975882178564291e+00
1.320789130434782743e+00,-4.036951255467769784e+00
1.321115217391304331e+00,-4.035416888351542219e+00
1.321441304347825918e+00,-4.033235498166860111e+00
1.321768478260869628e+00,-4.031532409713030951e+00
1.322094565217391215e+00,-4.029977268716859129e+00
1.322364516129032497e+00,-4.029028799457862853e+00
1.322630851063829827e+00,-4.028123461861186527e+00
1.322843617021276730e+00,-4.027906922058090977e+00
1.323162765957446751e+00,-4.027385117473821552e+00
1.323430107526881727e+00,-4.026930796650378674e+00
1.323802127659574390e+00,-4.024873694058960893e+00
1.324067368421052659e+00,-4.022933951263953922e+00
1.324383157894736707e+00,-4.020244719574425751e+00
1.324644791666666599e+00,-4.017915535917341963e+00
1.324957291666666537e+00,-4.015287936489503551e+00
1.325163541666666722e+00,-4.013199391145361616e+00
1.325476041666666660e+00,-4.010726812120162244e+00
1.325841052631578920e+00,-4.007556781314365324e+00
1.326156842105263189e+00,-4.004372552336479707e+00
1.326526041666666655e+00,-4.001777245374194436e+00
1.326788421052631506e+00,-3.999450997923142737e+00
1.327104210526315775e+00,-3.996926913555611804e+00
1.327367021276595782e+00,-3.994743088511934381e+00
1.327792553191489366e+00,-3.991645494805649452e+00
1.328111702127659610e+00,-3.989815512781412998e+00
1.328537234042553195e+00,-3.988167490143702754e+00
1.328697849462365577e+00,-3.987413324411871685e+00
1.329020430107526796e+00,-3.986306975024566324e+00
1.329343010752688237e+00,-3.985255046276797053e+00
1.329717021276595634e+00,-3.983308730455097812e+00
1.329984946236559162e+00,-3.981857592130511492e+00
1.330415053763440936e+00,-3.979263690848607204e+00
1.330630107526881822e+00,-3.978117079211021867e+00
1.331060215053763374e+00,-3.975893524121822065e+00
1.331276344086021579e+00,-3.975556194364080032e+00
1.331655434782608616e+00,-3.973798226738092687e+00
1.331981521739130425e+00,-3.972245247700448179e+00
1.332307608695652235e+00,-3.970464324381005827e+00
1.332582417582417689e+00,-3.967779279903878908e+00
1.332858888888889037e+00,-3.964809518312801817e+00
1.333192222222222334e+00,-3.963217929709506038e+00
1.333576404494382084e+00,-3.962441844883115571e+00
1.333913483146067502e+00,-3.961192292291336514e+00
1.334193181818181806e+00,-3.960126885826214860e+00
1.334475862068965624e+00,-3.958920343101616002e+00
1.334820689655172199e+00,-3.957223486401909796e+00
1.334991860465116309e+00,-3.956626553539130509e+00
1.335340697674418653e+00,-3.954304862054934588e+00
1.335689534883720997e+00,-3.952291441228502400e+00
1.336096470588235441e+00,-3.951481127320645381e+00
1.336452941176470510e+00,-3.950939143402921516e+00
1.336747619047619295e+00,-3.950608412556850801e+00
1.337043373493975951e+00,-3.949588531642777678e+00
1.337645783132530131e+00,-3.947632984735517603e+00
1.338007228915662816e+00,-3.945626887372644997e+00
1.338368674698795058e+00,-3.943736935742892413e+00
1.338731325301204533e+00,-3.941902767212647873e+00
1.339092771084337219e+00,-3.939776741438515639e+00
1.339639024390243849e+00,-3.938080127198187341e+00
1.340062650602409589e+00,-3.935980386571820144e+00
1.340665060240963768e+00,-3.934552091938480878e+00
1.341026506024096454e+00,-3.933586058838963506e+00
1.341445238095238190e+00,-3.932417431868485025e+00
1.341801190476190397e+00,-3.929758921054435028e+00
1.342221686746987830e+00,-3.927458164093374116e+00
1.342759523809523792e+00,-3.923764309975136921e+00
1.342877380952380850e+00,-3.923136330559682694e+00
1.343178313253012179e+00,-3.921948568679496372e+00
1.343539759036144643e+00,-3.919066719390491560e+00
1.344012941176470521e+00,-3.915940221381349229e+00
1.344365882352940966e+00,-3.913692372623771121e+00
1.344717647058823351e+00,-3.911637988793334575e+00
1.344890697674418378e+00,-3.910549987751942069e+00
1.345239534883720944e+00,-3.909064659114410034e+00
1.345464772727272829e+00,-3.907841342012067454e+00
1.345752873563218488e+00,-3.907107338423173371e+00
1.346151136363636258e+00,-3.906655694021744285e+00
1.346431460674157199e+00,-3.905108152645814013e+00
1.346766292134831566e+00,-3.902599444936782902e+00
1.347103370786516985e+00,-3.898787423807263064e+00
1.347329213483146049e+00,-3.897087503165250322e+00
1.347829999999999862e+00,-3.895571533253665120e+00
1.348221348314606605e+00,-3.893641790757648824e+00
1.348446067415730143e+00,-3.892321228486152140e+00
1.348727777777777970e+00,-3.891036233114036680e+00
1.349007865168539100e+00,-3.889685250309961262e+00
1.349347191011236013e+00,-3.887650794625584272e+00
1.349796629213483090e+00,-3.884133943017262336e+00
1.350133707865168509e+00,-3.883227145655713919e+00
1.350527272727272576e+00,-3.880469820199515585e+00
1.350811235955056144e+00,-3.878789770615906018e+00
1.351095454545454544e+00,-3.876882772588958304e+00
1.351436363636363547e+00,-3.875483432070702339e+00
1.351778409090909072e+00,-3.873684978678741508e+00
1.352285393258427115e+00,-3.870933717964304854e+00
1.352622471910112534e+00,-3.869497031518863484e+00
1.352845054945054803e+00,-3.868364367769625112e+00
1.353175824175824049e+00,-3.867161282304283354e+00
1.353615384615384887e+00,-3.865373571667128250e+00
1.354054945054945058e+00,-3.864583689740422656e+00
1.354494505494505452e+00,-3.864174271813510586e+00
1.354765217391304288e+00,-3.864001264406145886e+00
1.354982608695652235e+00,-3.863568860014250372e+00
1.355308695652174045e+00,-3.862084787855763590e+00
1.355686021505376315e+00,-3.861670239238809810e+00
1.356116129032258089e+00,-3.859596299500280825e+00
1.356388043478260697e+00,-3.857690982044112094e+00
1.356714130434782728e+00,-3.855663907378761746e+00
1.356931521739130675e+00,-3.854652702039101708e+00
1.357202150537634378e+00,-3.854574557963687198e+00
1.357524731182795819e+00,-3.853425932804693144e+00
1.357847311827957038e+00,-3.851012812121756834e+00
1.358221276595744653e+00,-3.848537712685297763e+00
1.358540425531914897e+00,-3.846267761668827667e+00
1.358803157894737046e+00,-3.844190491201690651e+00
1.359013684210526041e+00,-3.842351546848928656e+00
1.359275000000000233e+00,-3.840798991625506531e+00
1.359587499999999949e+00,-3.838865788643565757e+00
1.360004166666666903e+00,-3.837141741856469057e+00
1.360316666666666618e+00,-3.835053005519415414e+00
1.360526041666666686e+00,-3.833827064676248231e+00
1.360735106382978676e+00,-3.832831527558684392e+00
1.361054255319148920e+00,-3.830854667016184045e+00
1.361269148936170126e+00,-3.829162448755084824e+00
1.361801063829787273e+00,-3.826552529394644075e+00
1.362120212765957517e+00,-3.825402222417847220e+00
1.362439361702127538e+00,-3.824197787548111016e+00
1.362758510638297782e+00,-3.823208533685391153e+00
1.362971276595744685e+00,-3.822168738344605021e+00
1.363238709677419447e+00,-3.820753908851699521e+00
1.363506521739130450e+00,-3.818998603457122609e+00
1.363941304347825900e+00,-3.814808155266761425e+00
1.364267391304347932e+00,-3.811552685271076601e+00
1.364593478260869519e+00,-3.809081930016326556e+00
1.364865591397849576e+00,-3.807462173915512782e+00
1.365136956521739053e+00,-3.805931500853635630e+00
1.365680434782608810e+00,-3.801904095855601629e+00
1.366168817204300945e+00,-3.798959237013914692e+00
1.366598924731182718e+00,-3.796588735669485626e+00
1.366864893617021126e+00,-3.795361787231744888e+00
1.367077659574468251e+00,-3.794082196699616549e+00
1.367345161290322464e+00,-3.792961893861541256e+00
1.367667741935483905e+00,-3.792204313543536820e+00
1.368047826086956631e+00,-3.790472090194859422e+00
1.368482608695652081e+00,-3.789531522673262209e+00
1.368917391304347753e+00,-3.787769902196882921e+00
1.369134782608695700e+00,-3.786828240025491343e+00
1.369460869565217287e+00,-3.785225476542526835e+00
1.369786956521739096e+00,-3.784415690298359003e+00
1.370221739130434546e+00,-3.782322036889507189e+00
1.370547826086956578e+00,-3.780318120803468851e+00
1.370759574468085162e+00,-3.778860879699441622e+00
1.371023157894736721e+00,-3.777897605788315349e+00
1.371233684210526382e+00,-3.776845902775736619e+00
1.371493749999999734e+00,-3.775586641147048450e+00
1.371806249999999894e+00,-3.773942106172829991e+00
1.372222916666666848e+00,-3.772203474884819219e+00
1.372639583333333357e+00,-3.770237024116298574e+00
1.373005263157894840e+00,-3.767688431605834776e+00
1.373162500000000064e+00,-3.766581284821929998e+00
1.373475000000000001e+00,-3.764456687421825265e+00
1.373734020618556650e+00,-3.762577915191898548e+00
1.374146391752577134e+00,-3.760661489513806632e+00
1.374455670103092775e+00,-3.758427328443876725e+00
1.374764948453608637e+00,-3.756800842597158407e+00
1.375022448979591694e+00,-3.755663891587314396e+00
1.375229166666666503e+00,-3.754307109880421045e+00
1.375541666666666663e+00,-3.752732659053368280e+00
1.375854166666666600e+00,-3.750853598392736910e+00
1.376270833333333110e+00,-3.747713018359307480e+00
1.376583333333333492e+00,-3.745501195370824821e+00
1.376895833333333430e+00,-3.742882641445053782e+00
1.377104166666666574e+00,-3.741254293711143930e+00
1.377312500000000162e+00,-3.739043415239808432e+00
1.377625000000000099e+00,-3.735709844868525309e+00
1.378089690721649552e+00,-3.732421484552166824e+00
1.378346875000000082e+00,-3.730801908430394942e+00
1.378659374999999798e+00,-3.729620344328181236e+00
1.378920618556701116e+00,-3.727581380810225831e+00
1.379180208333333324e+00,-3.726152294764645490e+00
1.379492708333333484e+00,-3.723976486766956917e+00
1.379754736842105700e+00,-3.722544805201292384e+00
1.380281052631578964e+00,-3.721086038528922835e+00
1.380596842105263233e+00,-3.719210038719899192e+00
1.380912631578946836e+00,-3.716241152693810612e+00
1.381123157894736719e+00,-3.714361648745291955e+00
1.381438947368421211e+00,-3.711157144935575136e+00
1.381754736842105036e+00,-3.709046904724337512e+00
1.382175789473684357e+00,-3.705616921859178348e+00
1.382596842105263457e+00,-3.702160310912470109e+00
1.382912631578947282e+00,-3.700621271189826089e+00
1.383120618556701098e+00,-3.699446181658187172e+00
1.383485416666666579e+00,-3.697317509161205606e+00
1.383797916666666517e+00,-3.696213102085289748e+00
1.384214583333333470e+00,-3.694688650786550621e+00
1.384527083333333186e+00,-3.693067592048784764e+00
1.384943749999999918e+00,-3.690123744507692205e+00
1.385203092783505063e+00,-3.687883568869992246e+00
1.385359375000000171e+00,-3.686552379755833275e+00
1.385671874999999886e+00,-3.683545350981858313e+00
1.385984375000000268e+00,-3.681524083239183565e+00
1.386352631578947614e+00,-3.679785334518153039e+00
1.386668421052631883e+00,-3.678007107926662300e+00
1.386984210526315486e+00,-3.675931220623613438e+00
1.387194736842104925e+00,-3.674862394065895543e+00
1.387455208333333134e+00,-3.673691040351775960e+00
1.387767708333333516e+00,-3.672228767917072645e+00
1.388080208333333232e+00,-3.670468514487746248e+00
1.388395833333333274e+00,-3.667939681943216179e+00
1.388708333333333433e+00,-3.665265839722756880e+00
1.389020833333333371e+00,-3.662533303254254857e+00
1.389229166666666515e+00,-3.660636624704356468e+00
1.389541666666666453e+00,-3.657087855572739077e+00
1.389799999999999924e+00,-3.654262086833970358e+00
1.390212371134020408e+00,-3.650608066435180987e+00
1.390624742268041336e+00,-3.647784147507513453e+00
1.390934020618556755e+00,-3.646916601583715778e+00
1.391243298969072173e+00,-3.645908328586333624e+00
1.391552577319587813e+00,-3.645333572992302873e+00
1.391861855670103232e+00,-3.643105966501066995e+00
1.392274226804123716e+00,-3.640520887635472658e+00
1.392583505154639134e+00,-3.638418791588618806e+00
1.392892783505154330e+00,-3.635277584630062453e+00
1.393202061855670193e+00,-3.632600353356221667e+00
1.393511340206185611e+00,-3.630078900881192894e+00
1.393820618556700808e+00,-3.628028233577580863e+00
1.394129896907216670e+00,-3.626344670604009224e+00
1.394542268041237154e+00,-3.623882625444667660e+00
1.394851546391752350e+00,-3.622217108846430111e+00
1.395111458333333276e+00,-3.620991467861168545e+00
1.395319791666666420e+00,-3.619935116693442811e+00
1.395527083333333529e+00,-3.618910492688088176e+00
1.395839583333333467e+00,-3.616568678133931680e+00
1.396152083333333183e+00,-3.615317630968521989e+00
1.396413684210526363e+00,-3.614380938217823136e+00
1.396676595744681171e+00,-3.613140877983422872e+00
1.396941935483870800e+00,-3.611311609321061322e+00
1.397156989247311687e+00,-3.609960700249319476e+00
1.397423913043478239e+00,-3.608225786962934389e+00
1.397749999999999826e+00,-3.606084898555180551e+00
1.398130107526881938e+00,-3.604653062782571471e+00
1.398452688172043157e+00,-3.603269995272794013e+00
1.398775268817204154e+00,-3.601281846375072870e+00
1.398992473118279678e+00,-3.599816071347790469e+00
1.399261956521739236e+00,-3.599423909459850357e+00
1.399588043478260824e+00,-3.598346420067913609e+00
1.399969230769230855e+00,-3.596059690761772121e+00
1.400518681318681624e+00,-3.593000635991746794e+00
1.400794444444444675e+00,-3.590969710766556577e+00
1.401238888888888923e+00,-3.587829530331239525e+00
1.401630337078651811e+00,-3.585238545603095961e+00
1.402022727272727032e+00,-3.582600766319536501e+00
1.402477272727272739e+00,-3.578691301761014465e+00
1.402931818181818224e+00,-3.576044467226207058e+00
1.403161363636363790e+00,-3.574882484094202173e+00
1.403448275862068995e+00,-3.573498960236386690e+00
1.403793103448275792e+00,-3.571360918853388799e+00
1.404200000000000115e+00,-3.568234032105924047e+00
1.404608235294117602e+00,-3.565160996812475780e+00
1.404961176470588269e+00,-3.561786371836159315e+00
1.405310588235294089e+00,-3.559671171587798444e+00
1.405486046511627896e+00,-3.558768689055690437e+00
1.405894117647058961e+00,-3.557647038881926793e+00
1.406129411764705850e+00,-3.555730243334551233e+00
1.406598823529411790e+00,-3.552020231912572878e+00
1.406890697674418655e+00,-3.549671006881093938e+00
1.407122093023255749e+00,-3.548186487763052011e+00
1.407470930232558315e+00,-3.545880860965089365e+00
1.407703488372093137e+00,-3.543721129325064556e+00
1.408284883720930303e+00,-3.539114890257674784e+00
1.408575294117647037e+00,-3.537083223928395803e+00
1.408928235294117703e+00,-3.536401063154773983e+00
1.409223255813953468e+00,-3.536407473445752014e+00
1.409576190476190538e+00,-3.532917676936473406e+00
1.409816666666666718e+00,-3.530754269665794087e+00
1.410351807228915622e+00,-3.526830045231283073e+00
1.410653571428571285e+00,-3.525699048558259552e+00
1.411248809523809378e+00,-3.522164378793945616e+00
1.411488095238095264e+00,-3.520854315424381209e+00
1.411785542168674690e+00,-3.519386540991816581e+00
1.412266265060241111e+00,-3.517230552423954659e+00
1.412691463414634141e+00,-3.515483215024038710e+00
1.412996385542168776e+00,-3.514719918716206148e+00
1.413297619047618969e+00,-3.513914135528587224e+00
1.413719277108433703e+00,-3.511934007830177951e+00
1.414079518072289154e+00,-3.509921465626204995e+00
1.414561445783132587e+00,-3.506534052853830463e+00
1.415096428571428477e+00,-3.504820902664690596e+00
1.415334523809523848e+00,-3.503697431889801983e+00
1.415691666666666571e+00,-3.501814201978183050e+00
1.415929761904761719e+00,-3.500510492789684847e+00
1.416224705882352941e+00,-3.499202455334015749e+00
1.416749999999999954e+00,-3.496226522810430115e+00
1.417215116279069598e+00,-3.493943797435253629e+00
1.417505882352940727e+00,-3.492671984271030983e+00
1.417797674418604714e+00,-3.491785604311923752e+00
1.418090588235294325e+00,-3.490139576332967231e+00
1.418505952380952451e+00,-3.487804323405703677e+00
1.418745238095237893e+00,-3.486636319289813102e+00
1.419103571428571353e+00,-3.484273797969661413e+00
1.419341666666666724e+00,-3.482524542820158331e+00
1.419637647058823671e+00,-3.481098913305591402e+00
1.419929069767441598e+00,-3.479509520465587258e+00
1.420451724137930860e+00,-3.474490896619867097e+00
1.420796551724138101e+00,-3.470605983918505277e+00
1.421202325581395476e+00,-3.466508912311432766e+00
1.421432954545454486e+00,-3.465455614448349042e+00
1.421720689655172398e+00,-3.464158203898226596e+00
1.422005681818181877e+00,-3.463446479760381003e+00
1.422514606741573040e+00,-3.462558505272335996e+00
1.422851685393258458e+00,-3.461278937038974934e+00
1.423359090909090741e+00,-3.458405233206855112e+00
1.423644827586206585e+00,-3.457035619927856906e+00
1.424045454545454614e+00,-3.454738688260889479e+00
1.424499999999999877e+00,-3.452985808352299291e+00
1.424840909090909102e+00,-3.450721530587848473e+00
1.425181818181818105e+00,-3.448088843645038537e+00
1.425462921348314760e+00,-3.446581841376843425e+00
1.425687640449438298e+00,-3.445260629039004208e+00
1.426025842696629020e+00,-3.443009815209769897e+00
1.426362921348314439e+00,-3.441032653019670207e+00
1.426761363636363633e+00,-3.438560869372426332e+00
1.427102272727272636e+00,-3.436490043350535650e+00
1.427384269662921090e+00,-3.434411579304209816e+00
1.427662222222222166e+00,-3.431673428799014935e+00
1.427942696629213470e+00,-3.429845107389636993e+00
1.428274725274725432e+00,-3.428711031241066465e+00
1.428766304347826255e+00,-3.426079881007277450e+00
1.429036559139784890e+00,-3.424511286689988054e+00
1.429307608695652432e+00,-3.423257416596002134e+00
1.429525000000000379e+00,-3.422345605786600853e+00
1.429796703296703164e+00,-3.421108432862288495e+00
1.430126373626373626e+00,-3.419858176826314544e+00
1.430511111111111289e+00,-3.419395555592456670e+00
1.430899999999999839e+00,-3.418625095509566947e+00
1.431229670329670522e+00,-3.416991347518805178e+00
1.431559340659340762e+00,-3.413782199242235471e+00
1.431834444444444188e+00,-3.410486048569879802e+00
1.432167777777777706e+00,-3.407278313240000855e+00
1.432553846153845845e+00,-3.404001445401317660e+00
1.432941111111110999e+00,-3.400706041853927886e+00
1.433218681318681353e+00,-3.398714630021482108e+00
1.433493478260869702e+00,-3.397154118106033849e+00
1.433710869565217649e+00,-3.395239638525078263e+00
1.434091208791208771e+00,-3.393035899487543361e+00
1.434530769230769387e+00,-3.389269798751941121e+00
1.434970329670329781e+00,-3.386653620989393154e+00
1.435300000000000020e+00,-3.384433673257522202e+00
1.435575555555555383e+00,-3.382146635251651379e+00
1.435851648351648358e+00,-3.380092408257638681e+00
1.436181318681318597e+00,-3.377833354282466338e+00
1.436563043478260582e+00,-3.375930532236331771e+00
1.436997826086956476e+00,-3.374188592617606730e+00
1.437323913043478507e+00,-3.372753550423996050e+00
1.437594623655913839e+00,-3.372033316349187793e+00
1.437919354838709918e+00,-3.370084813038962679e+00
1.438191304347826271e+00,-3.367652016747738397e+00
1.438517391304347637e+00,-3.365344262804077058e+00
1.438952173913043753e+00,-3.362102456035260811e+00
1.439279347826087019e+00,-3.359677734384280523e+00
1.439550537634408434e+00,-3.358081347560563756e+00
1.439822826086956775e+00,-3.356354815397458502e+00
1.440091397849462274e+00,-3.355530269035745139e+00
1.440413978494623493e+00,-3.353997779204715979e+00
1.440893617021276718e+00,-3.351304755802197999e+00
1.441160215053763238e+00,-3.349793259559854075e+00
1.441482795698924901e+00,-3.347985560682488870e+00
1.441644565217391483e+00,-3.347976068754305423e+00
1.441861956521738986e+00,-3.347568901548171549e+00
1.442135164835165018e+00,-3.346210175458599334e+00
1.442574725274725189e+00,-3.342260305991687552e+00
1.442956521739130471e+00,-3.338592366973833769e+00
1.443282608695652280e+00,-3.335823903168126936e+00
1.443499999999999561e+00,-3.334124329712186086e+00
1.443826086956521593e+00,-3.332145191641760817e+00
1.444205376344086078e+00,-3.330200111849332512e+00
1.444635483870967407e+00,-3.329158558082246255e+00
1.444958064516129292e+00,-3.327975367602613144e+00
1.445280645161290289e+00,-3.326253074322822911e+00
1.445496774193548273e+00,-3.325043903341120988e+00
1.445711827956989604e+00,-3.323991166516861995e+00
1.446091304347825846e+00,-3.322759675805378787e+00
1.446417391304347877e+00,-3.321019259832350468e+00
1.447073333333333434e+00,-3.316715061185515179e+00
1.447406666666666730e+00,-3.313232088983737444e+00
1.447628888888888854e+00,-3.311797685948187464e+00
1.447906593406593334e+00,-3.310129414367227962e+00
1.448236263736263796e+00,-3.309091696673004179e+00
1.448622222222222033e+00,-3.307174610199591136e+00
1.448900000000000077e+00,-3.305554847514633021e+00
1.449123595505617645e+00,-3.303962905386078841e+00
1.449403409090909145e+00,-3.301690826208390828e+00
1.449630681818181666e+00,-3.300605435057800907e+00
1.449971590909090891e+00,-3.297957186571288890e+00
1.450426136363636376e+00,-3.293856432459690176e+00
1.450994318181818121e+00,-3.289109006207085795e+00
1.451276404494382000e+00,-3.287689917445923982e+00
1.451613483146067418e+00,-3.285437954986478726e+00
1.451835164835164838e+00,-3.282922923449200336e+00
1.452217391304347682e+00,-3.280137629725262904e+00
1.452543478260869714e+00,-3.279816006615058566e+00
1.452978260869564942e+00,-3.279060604145974001e+00
1.453304347826086973e+00,-3.277290151262412188e+00
1.453683870967741987e+00,-3.275008867775319299e+00
1.454012087912087692e+00,-3.273093568345196935e+00
1.454451648351648529e+00,-3.269967193539411010e+00
1.455001098901098855e+00,-3.264887382600126120e+00
1.455330769230769539e+00,-3.261838691490080766e+00
1.455603260869565041e+00,-3.259858772056624332e+00
1.455820652173912988e+00,-3.258477219737545116e+00
1.456089247311828094e+00,-3.256390741282961798e+00
1.456411827956989313e+00,-3.253175030879364993e+00
1.456734408602150310e+00,-3.249966374224222410e+00
1.457106382978723635e+00,-3.245847680761788645e+00
1.457320212765957468e+00,-3.244223436937983429e+00
1.457639361702127490e+00,-3.242379092093936599e+00
1.457852127659574615e+00,-3.240834296561552641e+00
1.458171276595744859e+00,-3.239280781671240117e+00
1.458490425531914436e+00,-3.236704434982894174e+00
1.458858947368421255e+00,-3.233331271783663752e+00
1.459171134020618599e+00,-3.230208192185772820e+00
1.459480412371134017e+00,-3.227903594633880768e+00
1.459684848484848363e+00,-3.226490908861410656e+00
1.459939795918367311e+00,-3.224101282139228530e+00
1.460245918367347073e+00,-3.222568495478829842e+00
1.460552040816326169e+00,-3.220218040530940407e+00
1.460960204081632741e+00,-3.217961332178794542e+00
1.461266326530612059e+00,-3.215606042198643877e+00
1.461572448979592043e+00,-3.214291590218570249e+00
1.461725773195876155e+00,-3.213862326325454433e+00
1.462138144329896638e+00,-3.211494897387012770e+00
1.462447422680412279e+00,-3.209128886469765352e+00
1.462859793814432985e+00,-3.204238782477337733e+00
1.463169072164948403e+00,-3.201624885585282243e+00
1.463478350515464044e+00,-3.200093312767597897e+00
1.463686597938144374e+00,-3.198366407994772675e+00
1.463894845360824482e+00,-3.196947118568841173e+00
1.464204123711340344e+00,-3.194791689157955084e+00
1.464513402061855762e+00,-3.193004270109325304e+00
1.464925773195876246e+00,-3.189292397989561767e+00
1.465235051546391887e+00,-3.187322512376364436e+00
1.465544329896907083e+00,-3.185116385301096198e+00
1.465750515463917436e+00,-3.183449006204285947e+00
1.466059793814432854e+00,-3.181169073117896318e+00
1.466369072164948717e+00,-3.179444837771157939e+00
1.466884536082474266e+00,-3.176416099688698758e+00
1.467039583333333397e+00,-3.176084154222890810e+00
1.467299999999999827e+00,-3.174467019019039160e+00
1.467615789473684096e+00,-3.171826262368703464e+00
1.467826315789473757e+00,-3.169658748721506658e+00
1.468142105263158248e+00,-3.167408879409041589e+00
1.468509574468084944e+00,-3.165036398233334047e+00
1.468935106382978528e+00,-3.161969891069744687e+00
1.469254255319148772e+00,-3.159391008182677929e+00
1.469573404255319016e+00,-3.156446533718352043e+00
1.469733333333333336e+00,-3.155243751990353118e+00
1.470055913978494333e+00,-3.152850403007411817e+00
1.470378494623655996e+00,-3.149964738423558508e+00
1.470754347826087161e+00,-3.146298611242151377e+00
1.471080434782608526e+00,-3.143520322077772988e+00
1.471406521739130779e+00,-3.141271229182445168e+00
1.471678494623655853e+00,-3.139031176304214465e+00
1.472108602150537404e+00,-3.135925325644640882e+00
1.472538709677419400e+00,-3.132819627425040832e+00
1.472918478260869524e+00,-3.132016670756851084e+00
1.473244565217391555e+00,-3.131086368417234755e+00
1.473461956521738836e+00,-3.129236876663265221e+00
1.473788043478261089e+00,-3.126750683904128358e+00
1.474114130434782677e+00,-3.123945819630453258e+00
1.474440217391304264e+00,-3.120450504674061154e+00
1.474983695652173799e+00,-3.116610275088905535e+00
1.475309782608695386e+00,-3.114427662488659987e+00
1.475583516483516489e+00,-3.111924020573930250e+00
1.475861111111111068e+00,-3.109867673352745499e+00
1.476194444444444365e+00,-3.106849114679137269e+00
1.476527777777777661e+00,-3.104781894450240998e+00
1.476861111111110736e+00,-3.103355977788582187e+00
1.477190217391304294e+00,-3.101547985798827956e+00
1.477460215053763681e+00,-3.099947868909120885e+00
1.477836170212765809e+00,-3.098423592336481125e+00
1.478105376344085897e+00,-3.096998524605253156e+00
1.478427956989247560e+00,-3.094394261057503037e+00
1.478802127659574417e+00,-3.091867342249122963e+00
1.479227659574468223e+00,-3.090527233386498374e+00
1.479495698924731428e+00,-3.089638388035422789e+00
1.479712903225806508e+00,-3.089009140183093471e+00
1.479927956989247617e+00,-3.087827476446904029e+00
1.480250537634408836e+00,-3.086151054714017850e+00
1.480788172043010720e+00,-3.084385621132611721e+00
1.481057608695652394e+00,-3.083427807613775773e+00
1.481383695652173760e+00,-3.080121448441330401e+00
1.481709782608696235e+00,-3.076767394807175204e+00
1.481927173913043516e+00,-3.075320564938331724e+00
1.482253260869565326e+00,-3.073668999817047442e+00
1.482579347826087357e+00,-3.070638986010832738e+00
1.482904347826087044e+00,-3.066596589102483783e+00
1.483230434782608631e+00,-3.063310039994705747e+00
1.483502150537634678e+00,-3.061417276122293085e+00
1.483824731182795453e+00,-3.058751814922461065e+00
1.484039784946236340e+00,-3.057023532075317185e+00
1.484577419354838890e+00,-3.055058269594328468e+00
1.484904395604395466e+00,-3.052726853027357468e+00
1.485234065934065706e+00,-3.049903246987525129e+00
1.485452747252746786e+00,-3.048420298707774645e+00
1.485781720430107589e+00,-3.045433020818604675e+00
1.486160869565217313e+00,-3.042477165457207366e+00
1.486486956521739122e+00,-3.038839606703685803e+00
1.486869230769230610e+00,-3.034871651796057890e+00
1.487198901098900627e+00,-3.031654347424820095e+00
1.487528571428571533e+00,-3.028667757961448714e+00
1.487913043478261033e+00,-3.025255655289561307e+00
1.488187912087912013e+00,-3.022398863053469498e+00
1.488517582417582696e+00,-3.018657934310851498e+00
1.488847252747252714e+00,-3.015032673556723442e+00
1.489235555555555424e+00,-3.011448551251998396e+00
1.489510989010988995e+00,-3.009441055453181857e+00
1.489945161290322284e+00,-3.005647641785822444e+00
1.490217391304348160e+00,-3.002825199504185250e+00
1.490652173913043388e+00,-2.999390600005439556e+00
1.490870652173912791e+00,-2.997226457557916390e+00
1.491248387096774319e+00,-2.994624375882953160e+00
1.491519565217391152e+00,-2.994014318971046862e+00
1.491900000000000004e+00,-2.991837924300924545e+00
1.492171739130435437e+00,-2.988885527114256480e+00
1.492391111111110780e+00,-2.986752895457297274e+00
1.492669230769231081e+00,-2.985331040077423115e+00
1.493108791208790809e+00,-2.982871706962974656e+00
1.493438461538461715e+00,-2.980683498574702828e+00
1.493715555555555907e+00,-2.978272455500034610e+00
1.494048888888888760e+00,-2.975102593343071256e+00
1.494382222222222278e+00,-2.972205724758985035e+00
1.494659340659340696e+00,-2.969394704181024913e+00
1.495041304347825895e+00,-2.966283188225274703e+00
1.495367391304347926e+00,-2.963639417396452203e+00
1.495637634408602201e+00,-2.961393152042498755e+00
1.495962365591397614e+00,-2.959985115902408204e+00
1.496342391304347874e+00,-2.958538281036925177e+00
1.496668478260869239e+00,-2.957968894732780907e+00
1.496991304347826235e+00,-2.956029877516960447e+00
1.497534782608695325e+00,-2.952151348743908166e+00
1.497860869565217357e+00,-2.950138489819371213e+00
1.498025274725274691e+00,-2.948932063891935407e+00
1.498354945054944709e+00,-2.947371010020003901e+00
1.498742222222222420e+00,-2.944947234021300542e+00
1.499128571428571144e+00,-2.940293183831235613e+00
1.499403333333333421e+00,-2.937411454459902149e+00
1.499736666666666718e+00,-2.934065816388867098e+00
1.500014285714285300e+00,-2.932111907727340316e+00
1.500292222222222138e+00,-2.930197413164669307e+00
1.500625555555555435e+00,-2.927600009156460459e+00
1.501010989010988617e+00,-2.925329681195814047e+00
1.501394565217391674e+00,-2.922238780282056858e+00
1.501667032967032966e+00,-2.919509264476677135e+00
1.501943333333333186e+00,-2.917650426184601908e+00
1.502220879120879538e+00,-2.915659313552558363e+00
1.502494565217391109e+00,-2.913521868201857323e+00
1.502875824175823993e+00,-2.910073302633525039e+00
1.503315384615384387e+00,-2.905667681079049380e+00
1.503589999999999760e+00,-2.903683865842922263e+00
1.503869230769230958e+00,-2.901735439921610205e+00
1.504145555555555180e+00,-2.900100588956904701e+00
1.504537078651685178e+00,-2.897446004354159221e+00
1.504874157303370596e+00,-2.894575065774900313e+00
1.505267045454545594e+00,-2.892352488824272427e+00
1.505551724137931036e+00,-2.890571811605326502e+00
1.505781609195402160e+00,-2.888358708885643278e+00
1.505952325581395357e+00,-2.886135087392608600e+00
1.506241176470588083e+00,-2.882912303648118790e+00
1.506829411764705862e+00,-2.877549628454975750e+00
1.507182352941176529e+00,-2.873563859990717173e+00
1.507535294117647195e+00,-2.869243321213719611e+00
1.507946511627906938e+00,-2.864130515812440159e+00
1.508179069767441982e+00,-2.861788566078225404e+00
1.508643023255814120e+00,-2.857653779215980627e+00
1.509108139534883986e+00,-2.854407374855867818e+00
1.509513793103448132e+00,-2.852046956216911955e+00
1.509858620689655151e+00,-2.849949703111113841e+00
1.510145454545454458e+00,-2.847484107693782462e+00
1.510663218390804863e+00,-2.842811581431705648e+00
1.511122988505747111e+00,-2.838751507150374831e+00
1.511812643678160928e+00,-2.831877265592139370e+00
1.512034831460674189e+00,-2.829743969184680186e+00
1.512320454545454718e+00,-2.827283377982951595e+00
1.512661363636363498e+00,-2.824707570022968017e+00
1.513002272727272945e+00,-2.821571112089454214e+00
1.513229545454545466e+00,-2.819726278515302553e+00
1.513571590909090991e+00,-2.816923205269827868e+00
1.513966292134831360e+00,-2.813212927749326298e+00
1.514245555555555622e+00,-2.811860562750364334e+00
1.514469999999999983e+00,-2.810660726770486839e+00
1.514751685393258329e+00,-2.808209451262979606e+00
1.515035227272727436e+00,-2.806317365794479546e+00
1.515322988505746871e+00,-2.803718794562209737e+00
1.515609090909091128e+00,-2.801246405130435768e+00
1.515892134831460902e+00,-2.799042056830948866e+00
1.516061111111110860e+00,-2.797738603054763296e+00
1.516228089887640351e+00,-2.796056588918191199e+00
1.516565168539325770e+00,-2.793398429399020610e+00
1.517069999999999919e+00,-2.790854187919845852e+00
1.517403333333333437e+00,-2.789324530314309936e+00
1.517847777777777463e+00,-2.786415019465402487e+00
1.518069999999999808e+00,-2.784860994086176156e+00
1.518514444444444500e+00,-2.781995202732014061e+00
1.518790109890109541e+00,-2.780032351387478950e+00
1.519229670329670601e+00,-2.776103607537495854e+00
1.519669230769230328e+00,-2.772327815460750244e+00
1.520218681318681542e+00,-2.766752940036963704e+00
1.520495555555555489e+00,-2.764233666801227507e+00
1.520828888888889008e+00,-2.761481724280559824e+00
1.521108988764045433e+00,-2.758452387746795686e+00
1.521677011494252829e+00,-2.753863158554600510e+00
1.521906896551724175e+00,-2.751643134159991178e+00
1.522194318181818273e+00,-2.748512468774610085e+00
1.522481609195402541e+00,-2.745756182754932162e+00
1.522826436781609338e+00,-2.742764467416558549e+00
1.523110227272727490e+00,-2.740580535077137281e+00
1.523453409090908872e+00,-2.736889673303806614e+00
1.523739080459770134e+00,-2.734591954798033520e+00
1.524083908045976710e+00,-2.732182488812229693e+00
1.524313793103448278e+00,-2.730614582473547713e+00
1.524543678160919846e+00,-2.728948474019091019e+00
1.524775862068965315e+00,-2.727305029198223263e+00
1.525062499999999766e+00,-2.724995364281732613e+00
1.525570786516853961e+00,-2.721414524038110017e+00
1.526020224719101481e+00,-2.718398280146522961e+00
1.526300000000000212e+00,-2.716644266375273897e+00
1.526685714285713980e+00,-2.712636284222243788e+00
1.527072222222222164e+00,-2.708031179186138004e+00
1.527516666666666634e+00,-2.704573971624658402e+00
1.527850000000000152e+00,-2.702215451520633582e+00
1.528238461538460990e+00,-2.699432098072615194e+00
1.528462921348314518e+00,-2.697695782230069117e+00
1.528912359550562039e+00,-2.694320806808333746e+00
1.529196590909090991e+00,-2.692855432384810399e+00
1.529878409090908997e+00,-2.687971444482756933e+00
1.530219318181818222e+00,-2.685039737385076286e+00
1.530446590909090965e+00,-2.683508332338091940e+00
1.530725842696629257e+00,-2.681042609785300623e+00
1.531011363636363365e+00,-2.678416269652315052e+00
1.531291011235955235e+00,-2.675810452615337454e+00
1.531569999999999876e+00,-2.673094305836572815e+00
1.531903333333333173e+00,-2.669769574077257790e+00
1.532287912087912041e+00,-2.666343241883310178e+00
1.532507692307692126e+00,-2.664951351343746833e+00
1.532837362637362366e+00,-2.662212745489433541e+00
1.533167032967033050e+00,-2.659356122413067069e+00
1.533655434782608573e+00,-2.655576497665159241e+00
1.533923655913978834e+00,-2.652669582374877155e+00
1.534302173913043577e+00,-2.648121074581779588e+00
1.534411956521739340e+00,-2.646823274711386453e+00
1.534628260869565164e+00,-2.643991388733886616e+00
1.534954347826086973e+00,-2.641123926028416058e+00
1.535389130434782645e+00,-2.637087101859383331e+00
1.535823913043478095e+00,-2.632936970568523272e+00
1.536096703296703225e+00,-2.629729704765459974e+00
1.536426373626373909e+00,-2.626432929748579781e+00
1.536703333333333088e+00,-2.624681831300014867e+00
1.536980219780219592e+00,-2.622576108021945185e+00
1.537366666666666770e+00,-2.618878753291689510e+00
1.537700000000000067e+00,-2.614965229423248605e+00
1.537979775280898798e+00,-2.611602083285162301e+00
1.538204494382022558e+00,-2.609228394463930290e+00
1.538429213483146096e+00,-2.607066301332595870e+00
1.538709090909091026e+00,-2.604125623961761171e+00
1.539271590909090826e+00,-2.597488612911299732e+00
1.539670114942528700e+00,-2.593962740037507597e+00
1.540014942528735720e+00,-2.591481765579997099e+00
1.540244827586206844e+00,-2.589631689142535720e+00
1.540532954545454247e+00,-2.587164293243636504e+00
1.540929885057471527e+00,-2.583845354290180918e+00
1.541332954545454603e+00,-2.579958348783122801e+00
1.541787500000000088e+00,-2.576439734090831379e+00
1.542073563218390619e+00,-2.574215492475768308e+00
1.542418390804598083e+00,-2.569590415522287064e+00
1.542878160919540331e+00,-2.565569145959610164e+00
1.543222988505747129e+00,-2.562678890086335315e+00
1.543743023255814029e+00,-2.559320691639825451e+00
1.544208139534883895e+00,-2.555569759359182402e+00
1.544435227272727307e+00,-2.553545422801551279e+00
1.544831460674157109e+00,-2.549669410765529332e+00
1.545114772727272712e+00,-2.547149021393855683e+00
1.545569318181818419e+00,-2.543331165155996665e+00
1.545910227272727200e+00,-2.540618593019697613e+00
1.546304494382022332e+00,-2.537324110716358661e+00
1.546529213483146092e+00,-2.535030678427167228e+00
1.546755056179775378e+00,-2.533129537468383763e+00
1.547150000000000025e+00,-2.530249802983547625e+00
1.547543820224719147e+00,-2.527860535533863473e+00
1.547880898876404565e+00,-2.525957064892054404e+00
1.548157777777777522e+00,-2.523850459907009736e+00
1.548382222222222548e+00,-2.522355657283263053e+00
1.548715555555555623e+00,-2.519262973709262887e+00
1.548937777777777969e+00,-2.517265845875653163e+00
1.549271111111111265e+00,-2.515080472543238077e+00
1.549602173913043224e+00,-2.512928848376842161e+00
1.549983516483516732e+00,-2.509353988427757365e+00
1.550313186813187416e+00,-2.506208470118894915e+00
1.550532967032966836e+00,-2.504975817636264424e+00
1.550862637362637741e+00,-2.502520673766666093e+00
1.551135869565217762e+00,-2.500648718506830459e+00
1.551626373626373789e+00,-2.497540480099726956e+00
1.551901086956522180e+00,-2.495085710678786040e+00
1.552335869565216964e+00,-2.491840796406568082e+00
1.552498901098901207e+00,-2.491120577852751872e+00
1.552828571428571447e+00,-2.488035936766427092e+00
1.553268131868131841e+00,-2.483276049287835630e+00
1.553597802197802524e+00,-2.478959953683464335e+00
1.554037362637362474e+00,-2.474225642353488297e+00
1.554367032967032936e+00,-2.470653754086199694e+00
1.554586813186813465e+00,-2.468851042047442768e+00
1.554970652173912615e+00,-2.465392077516562530e+00
1.555296739130434869e+00,-2.461925911624977648e+00
1.555731521739130097e+00,-2.456862667686898316e+00
1.556057608695652128e+00,-2.454655651619729539e+00
1.556383695652174382e+00,-2.452410448450899505e+00
1.556601086956521884e+00,-2.450703915180050707e+00
1.556927173913043472e+00,-2.447329438931360457e+00
1.557196774193548405e+00,-2.444203272066873822e+00
1.557685869565217374e+00,-2.438150506284439079e+00
1.557958241758241824e+00,-2.435995746819312746e+00
1.558176923076922904e+00,-2.434123594063000606e+00
1.558452222222222128e+00,-2.432508685654002800e+00
1.558730769230769253e+00,-2.430309877506647620e+00
1.559060439560439271e+00,-2.427074494676614957e+00
1.559500000000000108e+00,-2.421402741645661383e+00
1.559829670329670348e+00,-2.417192341484991847e+00
1.560048351648351872e+00,-2.415197395144075276e+00
1.560378021978022112e+00,-2.411107735542716846e+00
1.560597802197802197e+00,-2.408018524635783475e+00
1.560927472527472215e+00,-2.403791835319268877e+00
1.561257142857143121e+00,-2.400825654925498487e+00
1.561698901098900638e+00,-2.396921422054454354e+00
1.562028571428571322e+00,-2.393967822270705259e+00
1.562468131868131715e+00,-2.389425898308383811e+00
1.562631521739130225e+00,-2.387376975939798474e+00
1.563066304347826341e+00,-2.381921868316506874e+00
1.563562637362637453e+00,-2.377017222135476615e+00
1.563836666666666764e+00,-2.374206726189115546e+00
1.564169999999999838e+00,-2.371348109172977559e+00
1.564448351648351609e+00,-2.368705566197496726e+00
1.564725555555555925e+00,-2.365985061330447614e+00
1.565169999999999950e+00,-2.362307527352063286e+00
1.565503333333333247e+00,-2.359493146001403918e+00
1.565896629213483271e+00,-2.355470553509771303e+00
1.566233707865168912e+00,-2.350992117975388318e+00
1.566568131868131930e+00,-2.347963776104834199e+00
1.566846666666666721e+00,-2.344422574366188616e+00
1.567180000000000017e+00,-2.340720435175522862e+00
1.567403333333333482e+00,-2.337625078739880014e+00
1.567847777777777507e+00,-2.333023233628615856e+00
1.568070000000000075e+00,-2.330572863813342277e+00
1.568509782608695335e+00,-2.325427896394950178e+00
1.568672527472527500e+00,-2.323284114841398296e+00
1.569057777777777662e+00,-2.318472313710144839e+00
1.569391111111110959e+00,-2.315122376355139178e+00
1.569835555555555651e+00,-2.312131121897563979e+00
1.570112087912088006e+00,-2.308388186784910978e+00
1.570441758241758246e+00,-2.305042302040642088e+00
1.570771428571428929e+00,-2.302188753578924718e+00
1.571101098901098725e+00,-2.299250045049904934e+00
1.571323076923077267e+00,-2.296360965678979404e+00
1.571709999999999940e+00,-2.291538210378768703e+00
1.572043333333333015e+00,-2.288010738376773823e+00
1.572433707865168451e+00,-2.283196029585987663e+00
1.572658426966291767e+00,-2.281401047994685793e+00
1.573052272727272660e+00,-2.277718713602880030e+00
1.573277777777777775e+00,-2.274354669295226561e+00
1.573833333333333417e+00,-2.267739757012575907e+00
1.574165555555555374e+00,-2.264188578208210512e+00
1.574498888888888670e+00,-2.260552094314239646e+00
1.574666292134831780e+00,-2.258773847215775454e+00
1.575003370786517198e+00,-2.254713554918180485e+00
1.575340449438202173e+00,-2.250951949772501681e+00
1.575678651685393339e+00,-2.246618477958040483e+00
1.576015730337078757e+00,-2.242332707768999622e+00
1.576412499999999994e+00,-2.236257008708171679e+00
1.576696551724138029e+00,-2.232387775353120052e+00
1.577041379310344604e+00,-2.227666808253242259e+00
1.577439772727272871e+00,-2.223652086695659058e+00
1.577839080459770393e+00,-2.218549341410664955e+00
1.578237499999999960e+00,-2.214620510027407008e+00
1.578578409090908963e+00,-2.211050623604757348e+00
1.578748314606741365e+00,-2.209567824717243667e+00
1.579139999999999988e+00,-2.204962440930630763e+00
1.579473333333333507e+00,-2.200904868474695242e+00
1.580028888888888705e+00,-2.193639850961091931e+00
1.580362222222222224e+00,-2.190628090299667097e+00
1.580806666666666471e+00,-2.186193728085302990e+00
1.581028888888889039e+00,-2.183642674472867196e+00
1.581414285714285439e+00,-2.179293420171265261e+00
1.581686956521739074e+00,-2.176554553163323913e+00
1.582230434782608830e+00,-2.169969826025071491e+00
1.582499999999999574e+00,-2.167953711904656355e+00
1.582772826086956242e+00,-2.164928984498197373e+00
1.583098913043478495e+00,-2.161935719800917699e+00
1.583366666666666589e+00,-2.159708466181043285e+00
1.583689247311828252e+00,-2.157233520523176296e+00
1.584069565217391506e+00,-2.153394825216502717e+00
1.584337634408602202e+00,-2.151258830964638769e+00
1.584660215053763421e+00,-2.147901118293078948e+00
1.584819148936170263e+00,-2.146348338616927531e+00
1.585138297872340063e+00,-2.142926164521294030e+00
1.585407526881720486e+00,-2.139359725372439236e+00
1.585779787234042448e+00,-2.135839531733758179e+00
1.586098936170212470e+00,-2.132452898670183838e+00
1.586362105263157796e+00,-2.129476424447890537e+00
1.586627659574468163e+00,-2.126586636794343121e+00
1.586786315789473711e+00,-2.124906398220040238e+00
1.587102105263157759e+00,-2.122341778830866943e+00
1.587472340425531758e+00,-2.119151163099961543e+00
1.587843157894736956e+00,-2.114353487613091165e+00
1.588158947368421003e+00,-2.109757658002911374e+00
1.588474736842105051e+00,-2.104768881430998828e+00
1.588790526315789542e+00,-2.100886497908222239e+00
1.589053191489361749e+00,-2.097821924727026222e+00
1.589372340425531771e+00,-2.094592172871698299e+00
1.589797872340425577e+00,-2.090988392279608643e+00
1.590170967741935337e+00,-2.086887796508797521e+00
1.590493548387097000e+00,-2.083331595713937112e+00
1.590708602150537443e+00,-2.081070201627171823e+00
1.591031182795698662e+00,-2.077227618258141284e+00
1.591461290322580879e+00,-2.071789603271605440e+00
1.591891397849462209e+00,-2.067010279045538912e+00
1.592213978494623872e+00,-2.063646137100403344e+00
1.592588297872340242e+00,-2.060155079193362937e+00
1.592801063829786923e+00,-2.057423208885174493e+00
1.593120212765957611e+00,-2.053687828925497172e+00
1.593388172043010753e+00,-2.050565768263562738e+00
1.593710752688172194e+00,-2.047132602091881193e+00
1.594082978723404320e+00,-2.043047773511103227e+00
1.594508510638297683e+00,-2.038450479261825432e+00
1.594827659574468148e+00,-2.035124573153940020e+00
1.595040425531915051e+00,-2.032736296984139823e+00
1.595409473684210377e+00,-2.029002685717880450e+00
1.595725263157894869e+00,-2.025168356390486757e+00
1.596146315789473524e+00,-2.020385871416912060e+00
1.596410638297872442e+00,-2.017908798743908161e+00
1.596622340425531972e+00,-2.016147627134232234e+00
1.596835106382978653e+00,-2.014254262964170206e+00
1.597103225806451476e+00,-2.011393332304538095e+00
1.597371276595744849e+00,-2.007963402151437204e+00
1.597796808510637989e+00,-2.003399320732078603e+00
1.598115957446808677e+00,-1.999918087823497004e+00
1.598541489361701817e+00,-1.996534289425286879e+00
1.598755319148935650e+00,-1.994075001357538124e+00
1.599023655913978548e+00,-1.991378796087258429e+00
1.599290425531914916e+00,-1.988570230832343189e+00
1.599609574468084494e+00,-1.984364093083360370e+00
1.600035106382978523e+00,-1.979289270767722986e+00
1.600298947368420821e+00,-1.976276401339819966e+00
1.600561702127659469e+00,-1.972359038717838686e+00
1.600774468085106372e+00,-1.968856255657557064e+00
1.601093617021276616e+00,-1.964645502810024702e+00
1.601625531914893541e+00,-1.957455597743165132e+00
1.602157446808510466e+00,-1.949378020986745064e+00
1.602476595744681154e+00,-1.945093254242603376e+00
1.602743010752688324e+00,-1.942030597845325168e+00
1.602958064516128989e+00,-1.940327422592339257e+00
1.603226595744680960e+00,-1.938362142001771815e+00
1.603545744680851204e+00,-1.935306165134714984e+00
1.604077659574468351e+00,-1.930232222599158831e+00
1.604396808510638373e+00,-1.926606095861042700e+00
1.604715957446808394e+00,-1.923613808395532310e+00
1.604928723404255519e+00,-1.921609787531866065e+00
1.605247872340425541e+00,-1.918249691215532238e+00
1.605567021276595785e+00,-1.916595838636669047e+00
1.606098936170212932e+00,-1.912002667469538952e+00
1.606418085106382954e+00,-1.909629365362989439e+00
1.606626041666666893e+00,-1.908176199758432112e+00
1.606938541666666609e+00,-1.905558119531102435e+00
1.607092783505154721e+00,-1.904679053468798955e+00
1.607402061855670139e+00,-1.902984216942537277e+00
1.607814432989690623e+00,-1.900798268119014978e+00
1.608226804123711551e+00,-1.899378759090441848e+00
1.608485416666666667e+00,-1.897280164311584638e+00
1.608745360824742177e+00,-1.896305453682221476e+00
1.608951546391752752e+00,-1.895677966380152846e+00
1.609260824742268170e+00,-1.894089439649063511e+00
1.609570103092783366e+00,-1.892866973828570831e+00
1.609982474226804072e+00,-1.890753855210013823e+00
1.610291752577319491e+00,-1.889312785965922448e+00
1.610601030927834909e+00,-1.888568326123718499e+00
1.610755208333333188e+00,-1.888724874493146633e+00
1.610963541666666332e+00,-1.887978925868120772e+00
1.611276041666666714e+00,-1.887099203352859966e+00
1.611588541666666430e+00,-1.885687067678178064e+00
1.612005208333333384e+00,-1.885069963363509293e+00
1.612317708333333099e+00,-1.884205567719927199e+00
1.612630208333333259e+00,-1.882897202897594768e+00
1.612837755102040527e+00,-1.882166075641888536e+00
1.613094845360824703e+00,-1.880656620852190208e+00
1.613507216494845631e+00,-1.878391228801577828e+00
1.613816494845360827e+00,-1.876034121410977917e+00
1.614228865979381533e+00,-1.873732846732922841e+00
1.614538144329896729e+00,-1.872295562255499313e+00
1.614847422680412370e+00,-1.870823353343698425e+00
1.615053608247422723e+00,-1.870256868191821020e+00
1.615362886597937919e+00,-1.868811353308342582e+00
1.615878350515463691e+00,-1.865514532361511435e+00
1.616290721649484396e+00,-1.863151666890910274e+00
1.616599999999999815e+00,-1.861899170850623619e+00
1.616909278350515677e+00,-1.859966201343811409e+00
1.617115463917526030e+00,-1.858603160560596823e+00
1.617424742268041227e+00,-1.856950265330112648e+00
1.617734020618556645e+00,-1.855411149793857017e+00
1.618146391752577129e+00,-1.852868659011225994e+00
1.618405208333333123e+00,-1.852073719544623742e+00
1.618662886597938222e+00,-1.851137995410621517e+00
1.618972164948453640e+00,-1.849186713045058994e+00
1.619178350515463771e+00,-1.848557430801543333e+00
1.619436458333333384e+00,-1.847139826701768239e+00
1.619748958333333322e+00,-1.845980837254815876e+00
1.620165625000000054e+00,-1.844392712667951795e+00
1.620478124999999991e+00,-1.843221134884413415e+00
1.620737113402061835e+00,-1.843280155692966327e+00
1.620942424242424185e+00,-1.843251629549930826e+00
1.621145360824742365e+00,-1.843209124674751065e+00
1.621454639175257784e+00,-1.842378775649624600e+00
1.621711458333333411e+00,-1.842005675093653316e+00
1.622128124999999699e+00,-1.841416436034654325e+00
1.622440625000000081e+00,-1.840110417888634498e+00
1.622753125000000018e+00,-1.837893399402961592e+00
1.622961458333333162e+00,-1.836524637111779823e+00
1.623328421052631754e+00,-1.835363602721633791e+00
1.623644210526315579e+00,-1.834532358689158205e+00
1.624065263157894456e+00,-1.833593984624397377e+00
1.624486315789473334e+00,-1.831955367777078347e+00
1.624802105263158269e+00,-1.830237992558756632e+00
1.625012631578947486e+00,-1.829269079558790700e+00
1.625328421052631311e+00,-1.827973389120192360e+00
1.625644210526315581e+00,-1.826461717870712542e+00
1.625959999999999850e+00,-1.825886217636357944e+00
1.626486315789474002e+00,-1.823794183392710488e+00
1.626802105263157827e+00,-1.822496422331624899e+00
1.627065957446808486e+00,-1.821789804696350323e+00
1.627385106382978286e+00,-1.820012311635200053e+00
1.627704255319148974e+00,-1.818772285142396639e+00
1.628023404255319218e+00,-1.818013655852500854e+00
1.628500000000000059e+00,-1.815941861678080471e+00
1.628815789473684106e+00,-1.815764785083973987e+00
1.629028421052631348e+00,-1.815344012283438335e+00
1.629294680851063770e+00,-1.814423984737531637e+00
1.629558947368420663e+00,-1.813540247919852355e+00
1.629874736842105154e+00,-1.812700111890491961e+00
1.630295789473684032e+00,-1.811012041111579762e+00
1.630559574468084527e+00,-1.809685689562592348e+00
1.630878723404255437e+00,-1.806886279377569515e+00
1.631091489361701674e+00,-1.805884767997793627e+00
1.631355789473683648e+00,-1.805045759671112471e+00
1.631671578947368806e+00,-1.804209966820873090e+00
1.632141666666666602e+00,-1.801930989013460049e+00
1.632454166666666540e+00,-1.801694739880323803e+00
1.632766666666666699e+00,-1.801541613784259033e+00
1.633079166666666637e+00,-1.800553332169119169e+00
1.633183333333333209e+00,-1.800104984838854394e+00
1.633495833333333147e+00,-1.798703201683066188e+00
1.633863157894736684e+00,-1.797357477210139276e+00
1.634234042553191379e+00,-1.796079246699735510e+00
1.634553191489361401e+00,-1.795649481318910112e+00
1.634872340425532089e+00,-1.794114497079584591e+00
1.635085106382978770e+00,-1.793044537941652639e+00
1.635510638297872132e+00,-1.791649404964360315e+00
1.635829787234042598e+00,-1.790909190376217985e+00
1.636255319148936183e+00,-1.789835934964352226e+00
1.636523655913978414e+00,-1.789400145850678303e+00
1.636846236559139633e+00,-1.789978694158850914e+00
1.637009574468085038e+00,-1.789852054159696948e+00
1.637277419354838504e+00,-1.789893394712294139e+00
1.637600000000000611e+00,-1.789007683667340753e+00
1.637922580645160942e+00,-1.787412931622187173e+00
1.638460215053763713e+00,-1.785399115167290773e+00
1.638836170212766064e+00,-1.782286069273502527e+00
1.639155319148936307e+00,-1.780353931829145919e+00
1.639474468085106329e+00,-1.778392131550702526e+00
1.639793617021276351e+00,-1.777019666121529173e+00
1.640112765957446817e+00,-1.775856475358454922e+00
1.640489247311827770e+00,-1.774275141568388392e+00
1.640755319148935909e+00,-1.773600136694747587e+00
1.641074468085106597e+00,-1.772432758090471738e+00
1.641393617021276174e+00,-1.770441480045522376e+00
1.641712765957446862e+00,-1.768758933666142230e+00
1.642138297872340669e+00,-1.766423953559341786e+00
1.642563829787233809e+00,-1.762635785897798790e+00
1.642882978723404275e+00,-1.760553922354370027e+00
1.643202127659574296e+00,-1.759648076006527173e+00
1.643358947368420697e+00,-1.758927461919436386e+00
1.643674736842105411e+00,-1.757254286137314825e+00
1.643934374999999948e+00,-1.756203612492660104e+00
1.644295876288660141e+00,-1.754717091654346195e+00
1.644605154639175337e+00,-1.752717541945537860e+00
1.644914432989690756e+00,-1.751754027396859481e+00
1.645274489795918615e+00,-1.750934521850083581e+00
1.645532989690721370e+00,-1.750270664103645846e+00
1.645842268041237233e+00,-1.748834786143279807e+00
1.646151546391752873e+00,-1.746617278438943988e+00
1.646460824742267848e+00,-1.745552258083037600e+00
1.646770103092783710e+00,-1.743181046963474312e+00
1.647026530612244688e+00,-1.741360815828935538e+00
1.647230612244897863e+00,-1.740169660416498676e+00
1.647536734693877847e+00,-1.738132750240906299e+00
1.647842857142857609e+00,-1.736779295281154267e+00
1.648251020408163292e+00,-1.734442711523152880e+00
1.648557142857143054e+00,-1.733927719047587024e+00
1.648863265306122372e+00,-1.733368529880477293e+00
1.649169387755101912e+00,-1.733522034853193450e+00
1.649373469387755309e+00,-1.733525361694989053e+00
1.649679591836735071e+00,-1.732337262353881746e+00
1.649935051546391751e+00,-1.730868264658001365e+00
1.650293877551020527e+00,-1.729321236898046399e+00
1.650599999999999845e+00,-1.728525236914506547e+00
1.650906122448979607e+00,-1.728080509853044733e+00
1.651161616161616275e+00,-1.727719020227597602e+00
1.651518367346938243e+00,-1.726548312972254529e+00
1.651824489795918449e+00,-1.725642486029714151e+00
1.652130612244897989e+00,-1.725093483329199096e+00
1.652488659793814429e+00,-1.725135079679656513e+00
1.652797938144330070e+00,-1.724718476898978503e+00
1.653107216494845266e+00,-1.723140397686885983e+00
1.653313402061855619e+00,-1.722364140635325391e+00
1.653622680412371038e+00,-1.720270649656313822e+00
1.653931958762886234e+00,-1.718837347702478979e+00
1.654344329896907162e+00,-1.717491884766096266e+00
1.654653608247422802e+00,-1.716092631159839232e+00
1.655015624999999879e+00,-1.714484004931148053e+00
1.655223958333333245e+00,-1.713347123706917330e+00
1.655536458333333627e+00,-1.713322454146706253e+00
1.655848958333333343e+00,-1.712830244040933980e+00
1.656161458333333281e+00,-1.712097120259353122e+00
1.656523711340206040e+00,-1.711229615279767913e+00
1.656832989690721458e+00,-1.710287126519112189e+00
1.657142268041237099e+00,-1.709046594327866986e+00
1.657451546391752517e+00,-1.708049152429740980e+00
1.657760824742268158e+00,-1.707835344658463539e+00
1.658070103092783798e+00,-1.707025038871841538e+00
1.658482474226804060e+00,-1.705723409872819563e+00
1.658791752577319700e+00,-1.704550855854775282e+00
1.659051041666666393e+00,-1.702397749458622433e+00
1.659311340206185648e+00,-1.699841661944661020e+00
1.659571875000000141e+00,-1.697612004747564241e+00
1.659936082474226859e+00,-1.695787919686940537e+00
1.660348453608247343e+00,-1.693880423853850292e+00
1.660657731958763206e+00,-1.692828114008331664e+00
1.660967010309278402e+00,-1.690512906153297301e+00
1.661276288659793821e+00,-1.689126117181051434e+00
1.661482474226804174e+00,-1.688285999966762763e+00
1.661791752577319370e+00,-1.686791349396129736e+00
1.662101030927835232e+00,-1.684996145124433520e+00
1.662461224489795830e+00,-1.682685723059760496e+00
1.662767346938775592e+00,-1.681168516443595440e+00
1.663073469387755354e+00,-1.679699207497816982e+00
1.663328282828283156e+00,-1.678773251308190106e+00
1.663583673469387625e+00,-1.678505940628189697e+00
1.663991836734693974e+00,-1.677653668161675160e+00
1.664297959183673292e+00,-1.675753221495487555e+00
1.664706122448979642e+00,-1.674464723487362638e+00
1.664960606060606585e+00,-1.674401092408493774e+00
1.665263636363635946e+00,-1.673548799145255783e+00
1.665465656565656705e+00,-1.672272645112700129e+00
1.665768686868687176e+00,-1.670213680472565798e+00
1.666071717171717204e+00,-1.668113415885206230e+00
1.666427551020408071e+00,-1.665916819613445732e+00
1.666684536082474244e+00,-1.664600626104659309e+00
1.666993814432989662e+00,-1.662804187493165387e+00
1.667252040816326719e+00,-1.661667759007467549e+00
1.667509278350515434e+00,-1.659302432323441989e+00
1.667818556701031074e+00,-1.657610907729143435e+00
1.668127835051546271e+00,-1.656051327237304527e+00
1.668540206185566754e+00,-1.654356519899983002e+00
1.668849484536082395e+00,-1.653354184925706960e+00
1.669105102040816524e+00,-1.652904118070149142e+00
1.669309183673469255e+00,-1.652771953571074981e+00
1.669615306122449017e+00,-1.652454377189407353e+00
1.669921428571428779e+00,-1.651690870268455846e+00
1.670227551020407875e+00,-1.650524967683435262e+00
1.670635714285714224e+00,-1.647982786882343564e+00
1.670891752577319700e+00,-1.646895522865002848e+00
1.671304123711340184e+00,-1.645296178891735073e+00
1.671613402061855602e+00,-1.644106111549382243e+00
1.671922680412370799e+00,-1.643856303580622846e+00
1.672231958762886439e+00,-1.643310555680707719e+00
1.672644329896907145e+00,-1.641934907371724428e+00
1.672953608247422563e+00,-1.641338428329154553e+00
1.673262886597938204e+00,-1.640430135975637693e+00
1.673469072164948557e+00,-1.638772713579805362e+00
1.673778350515463753e+00,-1.636727273175158981e+00
1.674087628865979172e+00,-1.635868829672559865e+00
1.674449999999999994e+00,-1.635125629930219482e+00
1.674762499999999932e+00,-1.633512341245447530e+00
1.675075000000000314e+00,-1.631382852254081861e+00
1.675335789473684667e+00,-1.629931998712311536e+00
1.675493617021276860e+00,-1.629240109078127885e+00
1.675919148936170666e+00,-1.629091432166863473e+00
1.676185263157894845e+00,-1.628677745935121601e+00
1.676502105263157905e+00,-1.627660233915551924e+00
1.676817894736842396e+00,-1.627765662871981878e+00
1.677133684210526221e+00,-1.627473342670840317e+00
1.677291489361701915e+00,-1.627465437502032763e+00
1.677610638297872381e+00,-1.627144126305520633e+00
1.677929787234042402e+00,-1.626056900979007125e+00
1.678248936170212646e+00,-1.624829999290271942e+00
1.678674468085106675e+00,-1.622759592939948092e+00
1.678993617021276252e+00,-1.621971614463952882e+00
1.679366315789473818e+00,-1.619555434485441037e+00
1.679631914893617406e+00,-1.618045896947028162e+00
1.679898924731182852e+00,-1.616947651316790413e+00
1.680275000000000185e+00,-1.614679942589968054e+00
1.680764516129032105e+00,-1.612216546044884069e+00
1.681087096774193768e+00,-1.610631694727062246e+00
1.681409677419354765e+00,-1.608919086605894000e+00
1.681732258064515761e+00,-1.607427176860787732e+00
1.682054838709677647e+00,-1.604935702422875199e+00
1.682592473118279308e+00,-1.601914849878317115e+00
1.682915053763441193e+00,-1.600976682560325326e+00
1.683237634408602412e+00,-1.599863605604749495e+00
1.683508695652173648e+00,-1.599312899135707067e+00
1.683672527472527491e+00,-1.598884317763962226e+00
1.684002197802197509e+00,-1.596933308453955869e+00
1.684331868131867971e+00,-1.594402530799044371e+00
1.684660439560439871e+00,-1.592588970812185201e+00
1.685099999999999598e+00,-1.591043286243635224e+00
1.685482608695652473e+00,-1.590238939380152150e+00
1.685644086021505395e+00,-1.589717458509486647e+00
1.685966666666666391e+00,-1.587889459080821464e+00
1.686289247311827832e+00,-1.586831633068719993e+00
1.686662765957446908e+00,-1.585178954964324038e+00
1.686981914893616707e+00,-1.583672268522545945e+00
1.687301063829787617e+00,-1.581958872756854984e+00
1.687511458333333492e+00,-1.580762936350395886e+00
1.687774736842105439e+00,-1.578751987360208275e+00
1.688090526315789708e+00,-1.576873964680783224e+00
1.688511578947368141e+00,-1.574971489084092013e+00
1.689037894736842516e+00,-1.572012449462052208e+00
1.689353684210526563e+00,-1.570960858931818915e+00
1.689669473684210388e+00,-1.570201560275679586e+00
1.689931249999999885e+00,-1.569813065696735066e+00
1.690243749999999823e+00,-1.570643506852066551e+00
1.690502061855670091e+00,-1.571184104443041907e+00
1.690914432989690575e+00,-1.569873427316979653e+00
1.691223711340206215e+00,-1.569295438059726600e+00
1.691532989690721633e+00,-1.568624008808265025e+00
1.691739175257731986e+00,-1.568081136265759401e+00
1.691997916666666546e+00,-1.567280085877349016e+00
1.692259999999999653e+00,-1.566478083617265149e+00
1.692681052631578975e+00,-1.563811795721962161e+00
1.692996842105262800e+00,-1.561788447013268133e+00
1.693312631578947736e+00,-1.560303436358480456e+00
1.693523157894736730e+00,-1.559647570253837046e+00
1.693680208333333326e+00,-1.559115880765851614e+00
1.693992708333333264e+00,-1.558410070831025784e+00
1.694254736842105480e+00,-1.558671156733625107e+00
1.694620833333333465e+00,-1.557686246184734280e+00
1.694933333333333181e+00,-1.556626609773093195e+00
1.695245833333333563e+00,-1.555351043046045545e+00
1.695507216494845482e+00,-1.553729936348833940e+00
1.695714736842105053e+00,-1.552900065902558691e+00
1.695976595744680848e+00,-1.550979374931782173e+00
1.696295744680850870e+00,-1.549475228608708566e+00
1.696721276595744898e+00,-1.547895784389575979e+00
1.697203225806451554e+00,-1.545231201892270256e+00
1.697473404255319229e+00,-1.544909039033593556e+00
1.697740860215053660e+00,-1.544559484489053780e+00
1.698010869565217629e+00,-1.543373749431635966e+00
1.698502197802197689e+00,-1.540600048163076607e+00
1.698720224719101335e+00,-1.539906976155837270e+00
1.699169662921347967e+00,-1.537945774336963112e+00
1.699396629213483001e+00,-1.537523803435374203e+00
1.699678409090908948e+00,-1.535818595169885947e+00
1.699960919540229876e+00,-1.533245967670082255e+00
1.700305747126437117e+00,-1.530356299781428620e+00
1.700767058823529521e+00,-1.527577207376345392e+00
1.701237647058823077e+00,-1.527141302140704093e+00
1.701532558139535078e+00,-1.526351924601688781e+00
1.701884883720930164e+00,-1.524977749227408141e+00
1.702118604651162936e+00,-1.524569867823074132e+00
1.702410588235294231e+00,-1.524582771932945002e+00
1.702998823529411343e+00,-1.524979220338215757e+00
1.703354117647059240e+00,-1.524502080220680567e+00
1.703707058823529463e+00,-1.524104072916604879e+00
1.704118604651162494e+00,-1.522948537726826146e+00
1.704529411764705848e+00,-1.520794519228997999e+00
1.704999999999999849e+00,-1.519518686187484091e+00
1.705470588235294072e+00,-1.517831854024623617e+00
1.705769047619047019e+00,-1.516608782764955254e+00
1.706126190476190629e+00,-1.514456905948130094e+00
1.706364285714286000e+00,-1.512664309147484287e+00
1.706783132530120595e+00,-1.509520565957482852e+00
1.707144578313252836e+00,-1.507887186223297427e+00
1.707508641975308716e+00,-1.506242890366717102e+00
1.707755555555555693e+00,-1.504905358581452690e+00
1.708184146341463538e+00,-1.504200387746837508e+00
1.708486746987952332e+00,-1.503203070637425753e+00
1.708789024390243938e+00,-1.501789859720086051e+00
1.709030487804878096e+00,-1.502106802711086431e+00
1.709456626506024035e+00,-1.501877229795531843e+00
1.709697590361445307e+00,-1.501085905218559891e+00
1.709998780487804737e+00,-1.500033746626835196e+00
1.710421686746987913e+00,-1.498706775027971450e+00
1.710898823529411361e+00,-1.497750735103005937e+00
1.711369411764705806e+00,-1.494965234451948177e+00
1.711724705882352593e+00,-1.492104023599053031e+00
1.712022619047619321e+00,-1.490592874200558970e+00
1.712555294117646953e+00,-1.486079595986844026e+00
1.712969047619047558e+00,-1.482903847906544836e+00
1.713264705882352690e+00,-1.481473621389999273e+00
1.713617647058823579e+00,-1.479194907899028300e+00
1.714033333333333076e+00,-1.476832018483043463e+00
1.714447058823529213e+00,-1.475368496057686052e+00
1.714800000000000546e+00,-1.473288034138847680e+00
1.715332142857142639e+00,-1.470334171238661281e+00
1.715627058823529616e+00,-1.468633529551327754e+00
1.715862352941176505e+00,-1.467535802882797391e+00
1.716097647058823172e+00,-1.467105056661541784e+00
1.716388372093023085e+00,-1.466291874035095422e+00
1.716737209302325429e+00,-1.466319253878765938e+00
1.717256321839080391e+00,-1.465603572950658684e+00
1.717540909090909063e+00,-1.464673518974729749e+00
1.717821348314606755e+00,-1.463765200568754032e+00
1.718050574712643552e+00,-1.462682794175184320e+00
1.718395402298850350e+00,-1.461984883808380875e+00
1.718851685393258499e+00,-1.462609134839089275e+00
1.719077528089887563e+00,-1.461648117648255862e+00
1.719414606741572982e+00,-1.459023985864063899e+00
1.719751685393258622e+00,-1.457468573805192458e+00
1.719921590909090803e+00,-1.456789987428232624e+00
1.720261363636363727e+00,-1.456086254524461499e+00
1.720829545454545695e+00,-1.454254086392297918e+00
1.721116091954022931e+00,-1.452263733558860181e+00
1.721404651162790511e+00,-1.451859246127023439e+00
1.721693103448275641e+00,-1.451944798597220476e+00
1.721925287356321554e+00,-1.452385463586214343e+00
1.722212790697674301e+00,-1.452923009156575684e+00
1.722561627906976645e+00,-1.452530806998890256e+00
1.723144186046511983e+00,-1.450078046895122430e+00
1.723436470588235458e+00,-1.449549233069872489e+00
1.723554117647058570e+00,-1.449402301552924044e+00
1.723967857142857385e+00,-1.448798478831743175e+00
1.724263855421686475e+00,-1.447820189574743122e+00
1.724866265060241100e+00,-1.447102907245730652e+00
1.725227710843373341e+00,-1.447152189573725600e+00
1.725589156626506249e+00,-1.447321722714901560e+00
1.725768292682926974e+00,-1.447396957686817309e+00
1.726195061728395430e+00,-1.447272316758017929e+00
1.726441975308641963e+00,-1.446598652110298477e+00
1.727059259259259072e+00,-1.445512931732027440e+00
1.727553086419752804e+00,-1.445152481596745142e+00
1.727860975609756045e+00,-1.444457032520061190e+00
1.728162650602409700e+00,-1.442951177647774141e+00
1.728644578313253355e+00,-1.440712865758435379e+00
1.729250602409639015e+00,-1.437363700999523930e+00
1.729675609756097465e+00,-1.436438593498131855e+00
1.729921951219512088e+00,-1.435233012893074811e+00
1.730167073170731928e+00,-1.434342122486738536e+00
1.730532926829268181e+00,-1.432888931206767857e+00
1.731199999999999850e+00,-1.431378458354308103e+00
1.731561445783132314e+00,-1.430095676713632358e+00
1.731980952380952843e+00,-1.428108594222804451e+00
1.732162650602409482e+00,-1.426832426677885124e+00
1.732460714285714243e+00,-1.425107876710979937e+00
1.732817857142857187e+00,-1.424308594315088161e+00
1.733228235294117292e+00,-1.423633420236187330e+00
1.733519767441860759e+00,-1.421810653843220029e+00
1.733815294117647010e+00,-1.421300659655133414e+00
1.734043678160919422e+00,-1.419888751602134125e+00
1.734388505747126219e+00,-1.417287142500828212e+00
1.734899999999999887e+00,-1.414053397338111084e+00
1.735354545454545594e+00,-1.411093148637381001e+00
1.735642528735632295e+00,-1.409375723418828219e+00
1.735927272727272541e+00,-1.408480356321146321e+00
1.736095505617977652e+00,-1.407779024499312026e+00
1.736485555555555393e+00,-1.406103399506450025e+00
1.736761538461538468e+00,-1.405950772174330510e+00
1.737310989010988793e+00,-1.404810161908348398e+00
1.737588888888889072e+00,-1.403470407194383984e+00
1.737922222222222368e+00,-1.402350979309962220e+00
1.738144444444444048e+00,-1.401823331765036151e+00
1.738538202247190911e+00,-1.400505203063497905e+00
1.738817777777777573e+00,-1.400222813856493609e+00
1.739210112359550697e+00,-1.398346297483777700e+00
1.739437078651685287e+00,-1.397800560798827529e+00
1.739661797752808825e+00,-1.397017822712404600e+00
1.739886516853932585e+00,-1.396185396240276599e+00
1.740387777777777423e+00,-1.394737821801398825e+00
1.740721111111110941e+00,-1.393885136406132208e+00
1.741113483146067509e+00,-1.392757781328975764e+00
1.741393333333333127e+00,-1.391931411482711045e+00
1.741726666666666867e+00,-1.390664738333565076e+00
1.741893406593407079e+00,-1.390496703352556818e+00
1.742332967032966806e+00,-1.390410946838922746e+00
1.742662637362637712e+00,-1.389286104559060098e+00
1.743102197802197662e+00,-1.387539985888702532e+00
1.743431868131868123e+00,-1.386603826951807283e+00
1.743761538461538807e+00,-1.385582514056711290e+00
1.744091208791208381e+00,-1.385221562455383637e+00
1.744424719101123733e+00,-1.385327137668426190e+00
1.744874157303370810e+00,-1.384757106693120132e+00
1.745210112359550481e+00,-1.384618519833110462e+00
1.745432584269662968e+00,-1.384636147803372630e+00
1.745824999999999738e+00,-1.383898320143305494e+00
1.746052272727272703e+00,-1.383848311121662400e+00
1.746393181818181484e+00,-1.383296573237571270e+00
1.746734090909090931e+00,-1.382133218711301570e+00
1.747188636363635972e+00,-1.380124700493242873e+00
1.747417045454545237e+00,-1.379020135148890880e+00
1.747757954545454684e+00,-1.378067636860760503e+00
1.747986363636363949e+00,-1.376802034487624837e+00
1.748214772727272992e+00,-1.376241753237526400e+00
1.748669318181818255e+00,-1.374181859225445557e+00
1.749065168539325699e+00,-1.373996790043894523e+00
1.749456818181818196e+00,-1.373189481305713278e+00
1.749739325842696536e+00,-1.372621128483176189e+00
1.749964044943820074e+00,-1.371668383218187293e+00
1.750470454545454579e+00,-1.369097727518616914e+00
1.750867415730337218e+00,-1.367272279938933632e+00
1.751206896551724013e+00,-1.366228187109276071e+00
1.751551724137931032e+00,-1.364982808782429391e+00
1.751839534883721239e+00,-1.363726483198431483e+00
1.752188372093023583e+00,-1.361267425593841063e+00
1.752481176470588320e+00,-1.359001851270065231e+00
1.752896428571428578e+00,-1.356334379723103778e+00
1.753372619047619096e+00,-1.353753257351318462e+00
1.753667058823529024e+00,-1.352345801217261334e+00
1.753961904761905055e+00,-1.350791386936797345e+00
1.754139999999999588e+00,-1.350180071977424179e+00
1.754612941176470153e+00,-1.348669399016529935e+00
1.754907142857143443e+00,-1.347159918441815929e+00
1.755322352941176334e+00,-1.345322951085355934e+00
1.755676470588235505e+00,-1.344321066562126354e+00
1.755910588235294112e+00,-1.343474519986940230e+00
1.756381176470588334e+00,-1.340822764964026970e+00
1.756796428571428592e+00,-1.337545263200313084e+00
1.757212941176470533e+00,-1.336401837398332626e+00
1.757801176470588089e+00,-1.333166366546067128e+00
1.758093023255813847e+00,-1.331868088228339131e+00
1.758325581395348891e+00,-1.331123421491347436e+00
1.758674418604651013e+00,-1.329444802951629478e+00
1.759139534883720657e+00,-1.325892589954973833e+00
1.759658620689655395e+00,-1.322729461558876052e+00
1.759940909090909056e+00,-1.320594891582796526e+00
1.760335955056179680e+00,-1.318981169118300656e+00
1.760622727272727506e+00,-1.317451820225671755e+00
1.760963636363636731e+00,-1.316665182991880290e+00
1.761309090909090935e+00,-1.315297045518641017e+00
1.761763636363636421e+00,-1.314428641281864651e+00
1.761989772727272863e+00,-1.313846251375902163e+00
1.762217045454545605e+00,-1.313437655130318404e+00
1.762498876404494430e+00,-1.313732233824687956e+00
1.762777777777777555e+00,-1.313630324498799462e+00
1.763058426966292336e+00,-1.314117293585757684e+00
1.763454545454545830e+00,-1.313740757257522151e+00
1.763795454545454611e+00,-1.313021543401803326e+00
1.764022727272727131e+00,-1.313096684783038981e+00
1.764137500000000136e+00,-1.312725305282209431e+00
1.764422988505746970e+00,-1.311557751960070295e+00
1.764767816091953989e+00,-1.309666741753777064e+00
1.765167045454545391e+00,-1.307703029760412194e+00
1.765507954545454616e+00,-1.306441142189521676e+00
1.765964444444444226e+00,-1.303918136506023062e+00
1.766243820224719263e+00,-1.302335258049161615e+00
1.766524444444444786e+00,-1.301417005361790169e+00
1.766968888888888589e+00,-1.299986680534505723e+00
1.767413333333333281e+00,-1.298189756270782702e+00
1.767746666666666577e+00,-1.297842464467299006e+00
1.768191111111111269e+00,-1.296879706417404909e+00
1.768524444444444566e+00,-1.295770804319149150e+00
1.768803370786516727e+00,-1.295643937157596737e+00
1.769540909090909331e+00,-1.294650023117938087e+00
1.769881818181818334e+00,-1.295245715922783036e+00
1.770222727272727559e+00,-1.293805217991770284e+00
1.770450000000000079e+00,-1.293422308313688429e+00
1.770789772727272782e+00,-1.292684422192381000e+00
1.771015909090909224e+00,-1.292192886206903424e+00
1.771353409090909103e+00,-1.291160595124179800e+00
1.771694318181818106e+00,-1.289834014764968728e+00
1.771921590909091071e+00,-1.289392807235403948e+00
1.772151136363636192e+00,-1.288853932080263887e+00
1.772381395348837207e+00,-1.287348425938223739e+00
1.772730232558139551e+00,-1.286455047044495092e+00
1.773018390804597777e+00,-1.284858785997506248e+00
1.773418181818181560e+00,-1.282687487450110631e+00
1.773816091954023122e+00,-1.280358347293545807e+00
1.774102222222222469e+00,-1.278892143943780368e+00
1.774325555555555933e+00,-1.278263673577721526e+00
1.774658888888888564e+00,-1.277239001745533287e+00
1.774992222222222304e+00,-1.275925947860325316e+00
1.775381318681318543e+00,-1.274556779555509278e+00
1.775713483146067473e+00,-1.273149393201855828e+00
1.776052808988764387e+00,-1.272839748508729940e+00
1.776448863636363562e+00,-1.272490675947829386e+00
1.777017045454545530e+00,-1.270419828868213585e+00
1.777528735632184054e+00,-1.267847240536915887e+00
1.777873563218390851e+00,-1.266862274392296372e+00
1.778218390804597870e+00,-1.266664721107599423e+00
1.778448275862068995e+00,-1.266928134546283946e+00
1.778738372093023212e+00,-1.266361599028818397e+00
1.779080681818181908e+00,-1.266144050436061264e+00
1.779535227272727615e+00,-1.265018693295532071e+00
1.779821839080459656e+00,-1.263293287009743526e+00
1.780111627906976191e+00,-1.263285388358224459e+00
1.780344186046511679e+00,-1.262313817895454715e+00
1.780806976744186310e+00,-1.260773268529813640e+00
1.781210344827586445e+00,-1.259068233038247442e+00
1.781555172413792576e+00,-1.257651901334492450e+00
1.781843023255813563e+00,-1.256806113143501547e+00
1.782072727272727475e+00,-1.255894544780496780e+00
1.782243820224719055e+00,-1.255214834065595753e+00
1.782693258426966354e+00,-1.254125459249369356e+00
1.783030337078651772e+00,-1.254050868132055241e+00
1.783423863636363738e+00,-1.253701886457075698e+00
1.783821348314606592e+00,-1.252442360823015299e+00
1.784158426966292010e+00,-1.251439380394110401e+00
1.784328409090908840e+00,-1.251383358045640160e+00
1.784728735632183927e+00,-1.251436832275555577e+00
1.785134883720929988e+00,-1.251137973193908515e+00
1.785541379310344734e+00,-1.249056723998795526e+00
1.785829069767441935e+00,-1.247748218399017839e+00
1.786118390804597444e+00,-1.245738569521327221e+00
1.786463218390804908e+00,-1.243898536075218386e+00
1.786922988505747378e+00,-1.242904478826853065e+00
1.787329069767441991e+00,-1.243309474199519205e+00
1.787618390804597501e+00,-1.242304304389749259e+00
1.787963218390804521e+00,-1.241565534746080113e+00
1.788252325581395574e+00,-1.239878432443071610e+00
1.788542528735632464e+00,-1.239096634829276011e+00
1.788887356321839039e+00,-1.237564212720412504e+00
1.789347126436781732e+00,-1.234571425954727575e+00
1.789806896551724202e+00,-1.233243125280710117e+00
1.790205681818181960e+00,-1.232204382568636625e+00
1.790378160919540163e+00,-1.231920591696148204e+00
1.790779545454545651e+00,-1.229826325146257560e+00
1.791124418604651547e+00,-1.229794126315211011e+00
1.791473255813953447e+00,-1.229005871675388217e+00
1.791764367816091941e+00,-1.227739953555956776e+00
1.792224137931033967e+00,-1.226239912316223757e+00
1.792454022988505313e+00,-1.225341314101159318e+00
1.792798850574712999e+00,-1.223371963059531442e+00
1.793205813953488326e+00,-1.221543260826820188e+00
1.793610344827586411e+00,-1.219630155962050377e+00
1.793901162790697557e+00,-1.218205030612764306e+00
1.794249999999999901e+00,-1.216953010423376114e+00
1.794421839080460046e+00,-1.215913469417130521e+00
1.794820454545454469e+00,-1.213858721149933206e+00
1.795101123595505666e+00,-1.212304707368839551e+00
1.795502325581395331e+00,-1.212139960199514199e+00
1.795794252873563757e+00,-1.211981186449533787e+00
1.796137647058823728e+00,-1.211764746614806931e+00
1.796432142857142811e+00,-1.210897519439350312e+00
1.796667073170731932e+00,-1.209937040053740365e+00
1.796845679012345265e+00,-1.208860296710087878e+00
1.797339506172839663e+00,-1.207213184021772578e+00
1.797708860759493765e+00,-1.204276901959196566e+00
1.797959493670886255e+00,-1.202746178552053236e+00
1.798205194805194918e+00,-1.200937155765927189e+00
1.798594805194805302e+00,-1.198368586614817266e+00
1.798917105263158067e+00,-1.197696501220396836e+00
1.799380519480519247e+00,-1.194760357082627067e+00
1.799703947368421098e+00,-1.193777990669274480e+00
1.800103947368421275e+00,-1.192647986522096248e+00
1.800570666666666986e+00,-1.191412710617360204e+00
1.801298684210525858e+00,-1.188103895887859807e+00
1.801959459459459012e+00,-1.185565225584572779e+00
1.802227777777777762e+00,-1.184817512309587872e+00
1.802852054794520376e+00,-1.183558932379321860e+00
1.803543661971831025e+00,-1.182194793993807780e+00
1.803963380281690565e+00,-1.181064453034946338e+00
1.804526760563380128e+00,-1.179004071627836936e+00
1.804742857142856982e+00,-1.177699789206245518e+00
1.805326470588235699e+00,-1.175522079912434181e+00
1.805818309859154924e+00,-1.174162416120004604e+00
1.806108695652173690e+00,-1.172659884312058587e+00
1.806329411764705739e+00,-1.171913555883084879e+00
1.806615714285713992e+00,-1.171047826839186179e+00
1.806901428571428436e+00,-1.170044325138847929e+00
1.807540579710145145e+00,-1.166441112604088559e+00
1.807757142857142840e+00,-1.166127328408550046e+00
1.808115942028985623e+00,-1.165568260704192394e+00
1.808337142857142865e+00,-1.165585192687174088e+00
1.808834782608695679e+00,-1.165651804562662264e+00
1.809414492753623316e+00,-1.165090335174758795e+00
1.809847826086956601e+00,-1.163118037792609805e+00
1.810208571428571389e+00,-1.161314649536597798e+00
1.810705633802816905e+00,-1.158585214066089275e+00
1.811482857142857172e+00,-1.156771024409847692e+00
1.811912857142857103e+00,-1.155192196592883747e+00
1.812338571428571576e+00,-1.152447900809433712e+00
1.812908571428571536e+00,-1.148852530499825164e+00
1.813557971014492676e+00,-1.146427722408527750e+00
1.813914285714285812e+00,-1.146258393240689566e+00
1.814563768115942111e+00,-1.144964678415802739e+00
1.814775714285714381e+00,-1.144241435014021313e+00
1.815137681159420202e+00,-1.143568068883834332e+00
1.815635714285714020e+00,-1.141510943803426770e+00
1.815985915492957847e+00,-1.139926504477922986e+00
1.816258904109588901e+00,-1.139892757376626431e+00
1.816606944444444594e+00,-1.139378282797714803e+00
1.817087671232876733e+00,-1.139215454607605871e+00
1.817554054054054458e+00,-1.139461365587698616e+00
1.817952631578947376e+00,-1.136510156539352945e+00
1.818348684210526311e+00,-1.134644940762647769e+00
1.818544155844155741e+00,-1.133682201953565061e+00
1.819001315789473994e+00,-1.130880852460415253e+00
1.819324675324675678e+00,-1.129207946362738690e+00
1.819913157894736955e+00,-1.127585017690261981e+00
1.820238961038961323e+00,-1.127203104574912906e+00
1.820564473684210371e+00,-1.127096251822192086e+00
1.820959210526315708e+00,-1.126625999617348439e+00
1.821548051948051805e+00,-1.124990226801345417e+00
1.821809090909090934e+00,-1.124539993930272042e+00
1.822132051282051135e+00,-1.124112477896368034e+00
1.822523076923076690e+00,-1.124174922683659927e+00
1.822715584415584233e+00,-1.124302113535601055e+00
1.823231645569620252e+00,-1.124251331212414717e+00
1.823678205128205221e+00,-1.122044236408997531e+00
1.824061538461538623e+00,-1.120099869993262720e+00
1.824384415584415553e+00,-1.119246386823347317e+00
1.824708974358974167e+00,-1.118236246450769578e+00
1.825031168831168893e+00,-1.117491371245445730e+00
1.825488157894736840e+00,-1.115628261261822907e+00
1.825814666666666808e+00,-1.113859188113969445e+00
1.826081333333333223e+00,-1.112421095377926772e+00
1.826414864864865040e+00,-1.110583776608500717e+00
1.826820270270269830e+00,-1.108127773430295893e+00
1.827298666666666849e+00,-1.105852106161496984e+00
1.827835616438356015e+00,-1.106122575900500227e+00
1.827972602739726060e+00,-1.106085327929781537e+00
1.828316666666666812e+00,-1.106370155328120441e+00
1.828590000000000160e+00,-1.107053300132713414e+00
1.829158571428571411e+00,-1.105939309188280317e+00
1.829727142857142663e+00,-1.105525780206144448e+00
1.830154411764705946e+00,-1.104244134440264702e+00
1.830376811594202735e+00,-1.103448274058856038e+00
1.831325757575757551e+00,-1.101475819118201027e+00
1.831468749999999979e+00,-1.100757285972508104e+00
1.831784374999999798e+00,-1.099359085816743242e+00
1.832409375000000118e+00,-1.096791352298802646e+00
1.832875000000000032e+00,-1.095270391496828477e+00
1.833736507936507998e+00,-1.093145602581777398e+00
1.834207692307692428e+00,-1.093547955856396969e+00
1.834823076923077112e+00,-1.093628042497545971e+00
1.835422388059701593e+00,-1.091856960754383543e+00
1.835867164179104449e+00,-1.091850684771817237e+00
1.836316417910447418e+00,-1.091067169038437035e+00
1.837119117647058708e+00,-1.087143560371300888e+00
1.837704411764705670e+00,-1.085521202235608218e+00
1.838063768115941965e+00,-1.084137026874645526e+00
1.838561428571428458e+00,-1.082602431141815202e+00
1.838833333333333542e+00,-1.080942117969447613e+00
1.839112499999999928e+00,-1.078781723596331066e+00
1.839524999999999855e+00,-1.077234535202566068e+00
1.839865753424657635e+00,-1.075702934639580777e+00
1.840337837837837442e+00,-1.073369784323751963e+00
1.840471621621621923e+00,-1.072699091216738676e+00
1.840872972972973143e+00,-1.070793144653327644e+00
1.841277027027027113e+00,-1.068212778291755649e+00
1.841672368421052752e+00,-1.067184766189402279e+00
1.841866233766233707e+00,-1.066570890685499595e+00
1.842124675324675165e+00,-1.066306004414755870e+00
1.842514285714285771e+00,-1.066142368556616038e+00
1.842774025974025953e+00,-1.065672252652228869e+00
1.843352564102564095e+00,-1.063608060263047550e+00
1.843797468354430258e+00,-1.062351233370454118e+00
1.844113749999999996e+00,-1.061624304429902743e+00
1.844613749999999941e+00,-1.060442541671679395e+00
1.844863749999999580e+00,-1.059565644155087805e+00
1.845434177215190097e+00,-1.058339101262230741e+00
1.845816455696202674e+00,-1.057175611529025394e+00
1.846133333333333404e+00,-1.056166121319021212e+00
1.846451898734177144e+00,-1.054850210378195818e+00
1.847023076923077101e+00,-1.054379883360695880e+00
1.847405128205128477e+00,-1.054721981312283230e+00
1.847794736842105268e+00,-1.054559382631436115e+00
1.848057894736842233e+00,-1.054531912122622206e+00
1.848321052631578754e+00,-1.054679266055445153e+00
1.848654545454545328e+00,-1.053710159480432118e+00
1.848916000000000448e+00,-1.053709898455152061e+00
1.849248684210526461e+00,-1.052975570852089149e+00
1.849577333333333407e+00,-1.052295063141179599e+00
1.850048648648648486e+00,-1.051627920318525478e+00
1.850449999999999928e+00,-1.051635752894840570e+00
1.850851351351351592e+00,-1.050516911283831067e+00
1.851256756756756605e+00,-1.048606831009641027e+00
1.851792105263157850e+00,-1.046483489367828534e+00
1.851992207792207301e+00,-1.045867679311513365e+00
1.852577631578947503e+00,-1.043523528054906668e+00
1.852974324324324407e+00,-1.042728008348713598e+00
1.853452054794520354e+00,-1.043256856884369421e+00
1.854136986301369916e+00,-1.042087463307262318e+00
1.854483333333333483e+00,-1.040697344536388069e+00
1.854835211267605644e+00,-1.039177003686253542e+00
1.855331428571428631e+00,-1.037925432383792312e+00
1.855823943661972120e+00,-1.036805944344929342e+00
1.856311111111111245e+00,-1.035034481511775573e+00
1.856660563380281737e+00,-1.034793278369983582e+00
1.856936986301369830e+00,-1.034583418351272766e+00
1.857419444444444290e+00,-1.032590622150799664e+00
1.857761643835616594e+00,-1.031681997572571952e+00
1.858432000000000306e+00,-1.028743594698036778e+00
1.858829333333333445e+00,-1.027267136432749250e+00
1.859027631578947126e+00,-1.026963882183983268e+00
1.859494666666666962e+00,-1.026365327407755768e+00
1.860032000000000352e+00,-1.025101631588532847e+00
1.860429333333333490e+00,-1.023855936606896444e+00
1.860759210526315321e+00,-1.022108697830028889e+00
1.861085714285714454e+00,-1.021238553188561271e+00
1.861475324675324616e+00,-1.020594141311788494e+00
1.861934210526315914e+00,-1.019995404752620072e+00
1.862258441558441557e+00,-1.019951821512478318e+00
1.862780519480519592e+00,-1.018319758213644954e+00
1.862973076923077009e+00,-1.017194476874415443e+00
1.863293670886075892e+00,-1.015591519466596759e+00
1.863484615384615406e+00,-1.013887850694579429e+00
1.864190909090908566e+00,-1.009632409435167411e+00
1.864574683544303779e+00,-1.008657739503088457e+00
1.864892499999999842e+00,-1.006935946325068221e+00
1.865207594936709068e+00,-1.005267621069470207e+00
1.865524358974358865e+00,-1.004142347679199521e+00
1.865844303797468351e+00,-1.003705309163452020e+00
1.866287179487179593e+00,-1.004043647215367097e+00
1.866609090909091107e+00,-1.003044564537082017e+00
1.866935526315789851e+00,-1.001183553047917618e+00
1.867327631578947322e+00,-9.996264600849852355e-01
1.867654545454545234e+00,-9.970948757897013515e-01
1.868238461538461070e+00,-9.933064206362942627e-01
1.868756410256410705e+00,-9.913707382747616315e-01
1.868949350649351304e+00,-9.902804299822346445e-01
1.869398717948718147e+00,-9.883110455287099638e-01
1.869717721518987519e+00,-9.859204739778475446e-01
1.870224050632911084e+00,-9.832349435406684268e-01
1.870669230769230973e+00,-9.814603120194929087e-01
1.870990909090908927e+00,-9.805299466161080391e-01
1.871567948717948848e+00,-9.793944408869437179e-01
1.872136708860759002e+00,-9.780955364633265869e-01
1.872451249999999678e+00,-9.779102638798862213e-01
1.872951249999999845e+00,-9.768101911494275758e-01
1.873137037037037045e+00,-9.768202895489394022e-01
1.873511111111111127e+00,-9.765771689810716083e-01
1.873697500000000016e+00,-9.763070469927825901e-01
1.874201250000000041e+00,-9.740184114062940823e-01
1.874641772151898422e+00,-9.723851861344844361e-01
1.874954999999999927e+00,-9.720829212022565891e-01
1.875205000000000011e+00,-9.712002127032480780e-01
1.875583749999999883e+00,-9.694863012512077161e-01
1.876022784810126298e+00,-9.669555804692122614e-01
1.876396296296296340e+00,-9.658743913670505554e-01
1.876639759036144550e+00,-9.652382628310037793e-01
1.876939285714285477e+00,-9.641998239007584237e-01
1.877296428571428644e+00,-9.637364964372817644e-01
1.877591764705882182e+00,-9.632656569569340022e-01
1.878062352941176183e+00,-9.624053699858972077e-01
1.878416470588235354e+00,-9.618350569312078546e-01
1.879009411764705817e+00,-9.609328750592586177e-01
1.879186904761904753e+00,-9.596613310702278854e-01
1.879485542168674250e+00,-9.597146744987534728e-01
1.879846987951807602e+00,-9.592392664284425940e-01
1.880450602409638350e+00,-9.575721515515202009e-01
1.880748809523809850e+00,-9.565114615856037394e-01
1.880985714285714483e+00,-9.558733509083263691e-01
1.881284337349397706e+00,-9.549400774548854054e-01
1.881587804878048775e+00,-9.542452260908522721e-01
1.881953658536585028e+00,-9.531051424781912251e-01
1.882258024691358278e+00,-9.521967277202878499e-01
1.882567499999999949e+00,-9.515689837674753404e-01
1.882817500000000255e+00,-9.511816279282444553e-01
1.883192499999999825e+00,-9.499223461520680534e-01
1.883504938271605145e+00,-9.490846004502080380e-01
1.883751851851851900e+00,-9.487968013632532838e-01
1.884370886075949159e+00,-9.472950997865164924e-01
1.884684615384615070e+00,-9.466936748176314476e-01
1.885006329113923407e+00,-9.466115428263192078e-01
1.885322500000000234e+00,-9.463023979769477068e-01
1.885635443037974701e+00,-9.459588846954571917e-01
1.886393670886076013e+00,-9.443076134963028778e-01
1.886773417721519186e+00,-9.443932157419310247e-01
1.887089743589743351e+00,-9.434181793455245213e-01
1.887730769230769434e+00,-9.417438920968533855e-01
1.888123684210526010e+00,-9.409102118854194563e-01
1.888515789473684148e+00,-9.396257346958523105e-01
1.889038157894736614e+00,-9.369651888160811515e-01
1.889300000000000201e+00,-9.369671009245668092e-01
1.889755844155843745e+00,-9.345301065763801374e-01
1.890337179487179498e+00,-9.321263629501129744e-01
1.890721794871794925e+00,-9.321902073474314099e-01
1.891113157894736885e+00,-9.314367654653897821e-01
1.891369230769230469e+00,-9.311189503726950978e-01
1.891625641025640903e+00,-9.300062379281109903e-01
1.892010256410256774e+00,-9.280296958997489298e-01
1.892456962025316436e+00,-9.263968777985615022e-01
1.892770000000000064e+00,-9.248537081729786280e-01
1.893271250000000183e+00,-9.228860448633580127e-01
1.893646250000000197e+00,-9.218733831218159924e-01
1.893955555555555392e+00,-9.213597116543201793e-01
1.894445679012345840e+00,-9.197138706566284627e-01
1.894808433734939568e+00,-9.185275937713406336e-01
1.895107142857143101e+00,-9.172343774006695982e-01
1.895287951807229199e+00,-9.163625255593419450e-01
1.895649397590360996e+00,-9.146476241103792537e-01
1.896069047619047598e+00,-9.130993118674131104e-01
1.896609638554216826e+00,-9.094707288396751688e-01
1.896971084337349289e+00,-9.070838169006624208e-01
1.897328235294117649e+00,-9.048680994863578242e-01
1.897627380952380705e+00,-9.033161753075911182e-01
1.897985714285714609e+00,-9.015763482622038971e-01
1.898281927710843364e+00,-9.007212179357826365e-01
1.898522891566264859e+00,-9.001149089650140045e-01
1.898942857142856822e+00,-9.000651435255389021e-01
1.899239999999999595e+00,-8.994033548204335426e-01
1.899475294117647373e+00,-8.994102155427611267e-01
1.899828235294118040e+00,-9.000384947263789792e-01
