# temperature (K),delta c22/c22 (1e-5)
1.300063636363636421e+00,-1.600000000000000089e+00
1.300404545454545424e+00,-1.601199734903022032e+00
1.300745454545454427e+00,-1.603800886966648687e+00
1.301197727272727311e+00,-1.603933617784219390e+00
1.301594252873562896e+00,-1.605576173733818113e+00
1.302054022988505810e+00,-1.605940183112948283e+00
1.302341860465116241e+00,-1.605314903095578449e+00
1.302806976744185885e+00,-1.604079953781997858e+00
1.303098823529411643e+00,-1.602135162897559972e+00
1.303513095238095110e+00,-1.602830408207211121e+00
1.303870238095238276e+00,-1.605660870322264122e+00
1.304227380952380999e+00,-1.607007733553218243e+00
1.304584523809523722e+00,-1.607713716046133223e+00
1.305116470588235433e+00,-1.608359136584580185e+00
1.305406976744186265e+00,-1.608652626682243847e+00
1.305810344827586178e+00,-1.609780443346722878e+00
1.306102325581395496e+00,-1.611910058225285214e+00
1.306445454545454687e+00,-1.614507670818847940e+00
1.306617241379310457e+00,-1.614820655847051700e+00
1.307077011494252927e+00,-1.613487390510693453e+00
1.307414606741573060e+00,-1.614707095847120799e+00
1.307806666666666784e+00,-1.615285486236323509e+00
1.308251111111111031e+00,-1.615530997742431918e+00
1.308638461538461639e+00,-1.617355977926328237e+00
1.308917777777777625e+00,-1.619515574962199889e+00
1.309251111111111365e+00,-1.619407618214457445e+00
1.309525274725274580e+00,-1.619700228572355183e+00
1.309854945054945041e+00,-1.621165735961170418e+00
1.310127173913043563e+00,-1.622539831049015779e+00
1.310453260869565151e+00,-1.624529941808822375e+00
1.310617582417582305e+00,-1.624296341814512434e+00
1.311057142857142921e+00,-1.623773232319738691e+00
1.311330434782608689e+00,-1.623959747852908864e+00
1.311768478260869397e+00,-1.623554653614346810e+00
1.312094565217391207e+00,-1.623782557125632797e+00
1.312313043478260832e+00,-1.625476031550906031e+00
1.312476923076922875e+00,-1.626818127313795603e+00
1.312806593406593558e+00,-1.630264261247293955e+00
1.313080434782608608e+00,-1.630772726068340894e+00
1.313296739130434876e+00,-1.629673031569332187e+00
1.313731521739130326e+00,-1.626896963592780576e+00
1.314003296703296630e+00,-1.625766623915166242e+00
1.314332967032966870e+00,-1.623404422049349094e+00
1.314608888888888716e+00,-1.622746450899990700e+00
1.314885393258427015e+00,-1.622808090799260805e+00
1.315222471910112434e+00,-1.622979930338495302e+00
1.315727777777777829e+00,-1.624441843016161124e+00
1.316061111111110904e+00,-1.625222228068169184e+00
1.316450549450549179e+00,-1.628376308812130580e+00
1.316670329670329931e+00,-1.630465013729873069e+00
1.316999999999999948e+00,-1.632665394457553099e+00
1.317659340659340872e+00,-1.634642552269440108e+00
1.317989010989011112e+00,-1.635752189840777415e+00
1.318318681318681351e+00,-1.637562514605978681e+00
1.318648351648351813e+00,-1.638745462304158629e+00
1.318978021978022053e+00,-1.638474097164090537e+00
1.319417582417582446e+00,-1.638560926722953504e+00
1.319858241758241846e+00,-1.637127702887476444e+00
1.320297802197802239e+00,-1.634237133152566690e+00
1.320627472527472479e+00,-1.633897753057934832e+00
1.320789130434782743e+00,-1.633488163251578085e+00
1.321115217391304331e+00,-1.635656259984475724e+00
1.321441304347825918e+00,-1.636797432881085701e+00
1.321768478260869628e+00,-1.637932632492062224e+00
1.322094565217391215e+00,-1.638862434491858089e+00
1.322364516129032497e+00,-1.639363947636970575e+00
1.322630851063829827e+00,-1.639851302492462137e+00
1.322843617021276730e+00,-1.639693531328143772e+00
1.323162765957446751e+00,-1.639481649095490212e+00
1.323430107526881727e+00,-1.640870938769590337e+00
1.323802127659574390e+00,-1.643096465607504220e+00
1.324067368421052659e+00,-1.645195817389738524e+00
1.324383157894736707e+00,-1.647099716500785016e+00
1.324644791666666599e+00,-1.648582404540037238e+00
1.324957291666666537e+00,-1.649863426864909721e+00
1.325163541666666722e+00,-1.649883376076739072e+00
1.325476041666666660e+00,-1.652245001209004638e+00
1.325841052631578920e+00,-1.652299973565114488e+00
1.326156842105263189e+00,-1.652196808558642038e+00
1.326526041666666655e+00,-1.649788045719774665e+00
1.326788421052631506e+00,-1.648862722123489943e+00
1.327104210526315775e+00,-1.647395451440575309e+00
1.327367021276595782e+00,-1.645948648743706055e+00
1.327792553191489366e+00,-1.648380936487539694e+00
1.328111702127659610e+00,-1.648859503584079178e+00
1.328537234042553195e+00,-1.648202972828409996e+00
1.328697849462365577e+00,-1.648301230064364908e+00
1.329020430107526796e+00,-1.648214002953710677e+00
1.329343010752688237e+00,-1.649392442855521335e+00
1.329717021276595634e+00,-1.652506583894285397e+00
1.329984946236559162e+00,-1.654878302526448408e+00
1.330415053763440936e+00,-1.655885640880731424e+00
1.330630107526881822e+00,-1.657100116823934988e+00
1.331060215053763374e+00,-1.657472204475830102e+00
1.331276344086021579e+00,-1.657076466061234266e+00
1.331655434782608616e+00,-1.657189825728826893e+00
1.331981521739130425e+00,-1.657981085106826624e+00
1.332307608695652235e+00,-1.658860775884021033e+00
1.332582417582417689e+00,-1.660150698280514980e+00
1.332858888888889037e+00,-1.660851002537528043e+00
1.333192222222222334e+00,-1.661219321760191381e+00
1.333576404494382084e+00,-1.662448855131590797e+00
1.333913483146067502e+00,-1.662685404201491357e+00
1.334193181818181806e+00,-1.662764183891749736e+00
1.334475862068965624e+00,-1.662719898864695622e+00
1.334820689655172199e+00,-1.662771204090758959e+00
1.334991860465116309e+00,-1.663164140034212313e+00
1.335340697674418653e+00,-1.663375617764748293e+00
1.335689534883720997e+00,-1.663687496231810892e+00
1.336096470588235441e+00,-1.664249103058042412e+00
1.336452941176470510e+00,-1.666115288799465688e+00
1.336747619047619295e+00,-1.668113089196402665e+00
1.337043373493975951e+00,-1.672071121442872066e+00
1.337645783132530131e+00,-1.675162721631954232e+00
1.338007228915662816e+00,-1.677479238694221220e+00
1.338368674698795058e+00,-1.678259445945412320e+00
1.338731325301204533e+00,-1.679918871314575401e+00
1.339092771084337219e+00,-1.682197067325531536e+00
1.339639024390243849e+00,-1.684444564181685644e+00
1.340062650602409589e+00,-1.685405572308897204e+00
1.340665060240963768e+00,-1.687214213770407589e+00
1.341026506024096454e+00,-1.687482726940032762e+00
1.341445238095238190e+00,-1.690203676206436967e+00
1.341801190476190397e+00,-1.691425848025362777e+00
1.342221686746987830e+00,-1.692059964296436680e+00
1.342759523809523792e+00,-1.690576202800702754e+00
1.342877380952380850e+00,-1.690007037235305321e+00
1.343178313253012179e+00,-1.691071213331968082e+00
1.343539759036144643e+00,-1.693508508477956642e+00
1.344012941176470521e+00,-1.697228745215451307e+00
1.344365882352940966e+00,-1.700043811125948379e+00
1.344717647058823351e+00,-1.701939469636336799e+00
1.344890697674418378e+00,-1.702437422226553032e+00
1.345239534883720944e+00,-1.704333089511590904e+00
1.345464772727272829e+00,-1.705554798633204028e+00
1.345752873563218488e+00,-1.706387189453519637e+00
1.346151136363636258e+00,-1.707593116959269297e+00
1.346431460674157199e+00,-1.707587959663663169e+00
1.346766292134831566e+00,-1.709975981643801157e+00
1.347103370786516985e+00,-1.710884639890352110e+00
1.347329213483146049e+00,-1.711700031721094417e+00
1.347829999999999862e+00,-1.712696527504683264e+00
1.348221348314606605e+00,-1.712756845531027361e+00
1.348446067415730143e+00,-1.714786090712203226e+00
1.348727777777777970e+00,-1.717013831519200506e+00
1.349007865168539100e+00,-1.717011269744910917e+00
1.349347191011236013e+00,-1.715739264737147884e+00
1.349796629213483090e+00,-1.714557387690991419e+00
1.350133707865168509e+00,-1.714013854021140482e+00
1.350527272727272576e+00,-1.714006992229427206e+00
1.350811235955056144e+00,-1.715861920465528767e+00
1.351095454545454544e+00,-1.715759221334772544e+00
1.351436363636363547e+00,-1.714694179558893472e+00
1.351778409090909072e+00,-1.715150872412767313e+00
1.352285393258427115e+00,-1.713330016962536062e+00
1.352622471910112534e+00,-1.715779156913242565e+00
1.352845054945054803e+00,-1.716183341082043734e+00
1.353175824175824049e+00,-1.717246562557473322e+00
1.353615384615384887e+00,-1.714889850933997817e+00
1.354054945054945058e+00,-1.713254187715900434e+00
1.354494505494505452e+00,-1.710093053908220639e+00
1.354765217391304288e+00,-1.710685778353587594e+00
1.354982608695652235e+00,-1.710131736790095669e+00
1.355308695652174045e+00,-1.709626988064662401e+00
1.355686021505376315e+00,-1.709641499961036537e+00
1.356116129032258089e+00,-1.711026557215769905e+00
1.356388043478260697e+00,-1.712068090813305243e+00
1.356714130434782728e+00,-1.712608831422032907e+00
1.356931521739130675e+00,-1.712674322136654936e+00
1.357202150537634378e+00,-1.713644437174288937e+00
1.357524731182795819e+00,-1.714404519357385803e+00
1.357847311827957038e+00,-1.713697097189550878e+00
1.358221276595744653e+00,-1.711799361577588829e+00
1.358540425531914897e+00,-1.709137404088059808e+00
1.358803157894737046e+00,-1.709237132263973002e+00
1.359013684210526041e+00,-1.709758954929161412e+00
1.359275000000000233e+00,-1.711920877491186044e+00
1.359587499999999949e+00,-1.712974576067380683e+00
1.360004166666666903e+00,-1.717153333593050668e+00
1.360316666666666618e+00,-1.720877143270445497e+00
1.360526041666666686e+00,-1.722016342660669386e+00
1.360735106382978676e+00,-1.721118153546082441e+00
1.361054255319148920e+00,-1.724226050479322536e+00
1.361269148936170126e+00,-1.725189659276503695e+00
1.361801063829787273e+00,-1.729457320198075188e+00
1.362120212765957517e+00,-1.732474463156111311e+00
1.362439361702127538e+00,-1.733603413523708170e+00
1.362758510638297782e+00,-1.735915045708298798e+00
1.362971276595744685e+00,-1.736359901411420159e+00
1.363238709677419447e+00,-1.738614169264713682e+00
1.363506521739130450e+00,-1.739863610002414962e+00
1.363941304347825900e+00,-1.741199239231415952e+00
1.364267391304347932e+00,-1.745734119100924797e+00
1.364593478260869519e+00,-1.748613343448455648e+00
1.364865591397849576e+00,-1.751612459049974868e+00
1.365136956521739053e+00,-1.754130390961406105e+00
1.365680434782608810e+00,-1.756713750388757322e+00
1.366168817204300945e+00,-1.757508807848021437e+00
1.366598924731182718e+00,-1.758272143172155744e+00
1.366864893617021126e+00,-1.758275107044055652e+00
1.367077659574468251e+00,-1.758755064336835705e+00
1.367345161290322464e+00,-1.758748109963723660e+00
1.367667741935483905e+00,-1.760563085282963014e+00
1.368047826086956631e+00,-1.764802575824795605e+00
1.368482608695652081e+00,-1.769353892590228350e+00
1.368917391304347753e+00,-1.770972334187769004e+00
1.369134782608695700e+00,-1.770192459509857486e+00
1.369460869565217287e+00,-1.771009494808170270e+00
1.369786956521739096e+00,-1.769147368026398937e+00
1.370221739130434546e+00,-1.767028772581753282e+00
1.370547826086956578e+00,-1.766661507996859504e+00
1.370759574468085162e+00,-1.766383489717656685e+00
1.371023157894736721e+00,-1.767736348029517179e+00
1.371233684210526382e+00,-1.767340574372416206e+00
1.371493749999999734e+00,-1.768533380619054407e+00
1.371806249999999894e+00,-1.766947943005842570e+00
1.372222916666666848e+00,-1.766531072266958935e+00
1.372639583333333357e+00,-1.766133743810233581e+00
1.373005263157894840e+00,-1.764810585046363789e+00
1.373162500000000064e+00,-1.765318328061631803e+00
1.373475000000000001e+00,-1.765620755862266966e+00
1.373734020618556650e+00,-1.766035347066025274e+00
1.374146391752577134e+00,-1.768205505460392457e+00
1.374455670103092775e+00,-1.768319736077349047e+00
1.374764948453608637e+00,-1.768760562258721469e+00
1.375022448979591694e+00,-1.768399822620594808e+00
1.375229166666666503e+00,-1.767683319938078146e+00
1.375541666666666663e+00,-1.765202820819962826e+00
1.375854166666666600e+00,-1.764938791734072865e+00
1.376270833333333110e+00,-1.766037088226867446e+00
1.376583333333333492e+00,-1.768310263861447629e+00
1.376895833333333430e+00,-1.771522429092083906e+00
1.377104166666666574e+00,-1.773508327293845444e+00
1.377312500000000162e+00,-1.774699512179293670e+00
1.377625000000000099e+00,-1.774094370040771640e+00
1.378089690721649552e+00,-1.772589306431225253e+00
1.378346875000000082e+00,-1.774288453167055968e+00
1.378659374999999798e+00,-1.777033463171102667e+00
1.378920618556701116e+00,-1.781028507568197972e+00
1.379180208333333324e+00,-1.782747406138351032e+00
1.379492708333333484e+00,-1.786180650922611024e+00
1.379754736842105700e+00,-1.788903333651723049e+00
1.380281052631578964e+00,-1.794200942713594094e+00
1.380596842105263233e+00,-1.796043968141575187e+00
1.380912631578946836e+00,-1.796408998838956439e+00
1.381123157894736719e+00,-1.797946332686817250e+00
1.381438947368421211e+00,-1.800825148601431946e+00
1.381754736842105036e+00,-1.804041704737390006e+00
1.382175789473684357e+00,-1.804649245825116877e+00
1.382596842105263457e+00,-1.804706342502750305e+00
1.382912631578947282e+00,-1.806249992392626957e+00
1.383120618556701098e+00,-1.807643788176198640e+00
1.383485416666666579e+00,-1.808944007873376503e+00
1.383797916666666517e+00,-1.810196461534861134e+00
1.384214583333333470e+00,-1.811594029267260098e+00
1.384527083333333186e+00,-1.812379390550432623e+00
1.384943749999999918e+00,-1.812853949665708564e+00
1.385203092783505063e+00,-1.814025791017613631e+00
1.385359375000000171e+00,-1.815967743298835035e+00
1.385671874999999886e+00,-1.818081930188682804e+00
1.385984375000000268e+00,-1.819750422683474866e+00
1.386352631578947614e+00,-1.821010918546047241e+00
1.386668421052631883e+00,-1.820125792490579153e+00
1.386984210526315486e+00,-1.820461459413468264e+00
1.387194736842104925e+00,-1.819724730986792327e+00
1.387455208333333134e+00,-1.821604956140143283e+00
1.387767708333333516e+00,-1.825023707450507793e+00
1.388080208333333232e+00,-1.827794973972124204e+00
1.388395833333333274e+00,-1.828281713960437482e+00
1.388708333333333433e+00,-1.827174483867421539e+00
1.389020833333333371e+00,-1.824644963850408086e+00
1.389229166666666515e+00,-1.824462206535512721e+00
1.389541666666666453e+00,-1.824144799822581708e+00
1.389799999999999924e+00,-1.823835967015807080e+00
1.390212371134020408e+00,-1.821906798448424514e+00
1.390624742268041336e+00,-1.821647313202264140e+00
1.390934020618556755e+00,-1.821909559407068224e+00
1.391243298969072173e+00,-1.820783102200957293e+00
1.391552577319587813e+00,-1.818780440651569963e+00
1.391861855670103232e+00,-1.818874759505229477e+00
1.392274226804123716e+00,-1.821135084525240311e+00
1.392583505154639134e+00,-1.824383550403629428e+00
1.392892783505154330e+00,-1.826438407039092438e+00
1.393202061855670193e+00,-1.827346083886072448e+00
1.393511340206185611e+00,-1.827556201722976503e+00
1.393820618556700808e+00,-1.828377424305578813e+00
1.394129896907216670e+00,-1.828594936545277383e+00
1.394542268041237154e+00,-1.828270990617379299e+00
1.394851546391752350e+00,-1.827670077541581728e+00
1.395111458333333276e+00,-1.827766281651923119e+00
1.395319791666666420e+00,-1.829650354329631190e+00
1.395527083333333529e+00,-1.830602782156658836e+00
1.395839583333333467e+00,-1.832189172901466101e+00
1.396152083333333183e+00,-1.834202862464333617e+00
1.396413684210526363e+00,-1.834420162822889333e+00
1.396676595744681171e+00,-1.833973987216457102e+00
1.396941935483870800e+00,-1.836086301091568673e+00
1.397156989247311687e+00,-1.836117002513301788e+00
1.397423913043478239e+00,-1.835903927608334874e+00
1.397749999999999826e+00,-1.835281877709157294e+00
1.398130107526881938e+00,-1.835624113069867835e+00
1.398452688172043157e+00,-1.836247135055652846e+00
1.398775268817204154e+00,-1.837383943114085927e+00
1.398992473118279678e+00,-1.836478303730116890e+00
1.399261956521739236e+00,-1.836975482021404593e+00
1.399588043478260824e+00,-1.837998016395936407e+00
1.399969230769230855e+00,-1.839096694375047747e+00
1.400518681318681624e+00,-1.840345990233160700e+00
1.400794444444444675e+00,-1.840940370691393158e+00
1.401238888888888923e+00,-1.842391170132002820e+00
1.401630337078651811e+00,-1.843644865410123179e+00
1.402022727272727032e+00,-1.844131853174711955e+00
1.402477272727272739e+00,-1.842776530949195468e+00
1.402931818181818224e+00,-1.841253753733335774e+00
1.403161363636363790e+00,-1.840200161830449543e+00
1.403448275862068995e+00,-1.841017619390533655e+00
1.403793103448275792e+00,-1.841737972269483548e+00
1.404200000000000115e+00,-1.843292069496230035e+00
1.404608235294117602e+00,-1.843892591830717187e+00
1.404961176470588269e+00,-1.845246613658105161e+00
1.405310588235294089e+00,-1.843903285453259544e+00
1.405486046511627896e+00,-1.844149541677461812e+00
1.405894117647058961e+00,-1.843335593398659045e+00
1.406129411764705850e+00,-1.842640194700060574e+00
1.406598823529411790e+00,-1.842210034902574289e+00
1.406890697674418655e+00,-1.841702372733199811e+00
1.407122093023255749e+00,-1.842002125004833513e+00
1.407470930232558315e+00,-1.841776127963190346e+00
1.407703488372093137e+00,-1.843151465080905549e+00
1.408284883720930303e+00,-1.845331640640538895e+00
1.408575294117647037e+00,-1.845267277827375763e+00
1.408928235294117703e+00,-1.845119690694848158e+00
1.409223255813953468e+00,-1.846735792433839451e+00
1.409576190476190538e+00,-1.846583224539194434e+00
1.409816666666666718e+00,-1.846346082715893955e+00
1.410351807228915622e+00,-1.849118332573665535e+00
1.410653571428571285e+00,-1.850106844627609881e+00
1.411248809523809378e+00,-1.852675621394150429e+00
1.411488095238095264e+00,-1.855509868246596472e+00
1.411785542168674690e+00,-1.857871213830664558e+00
1.412266265060241111e+00,-1.859631165119802532e+00
1.412691463414634141e+00,-1.861045439264210399e+00
1.412996385542168776e+00,-1.863062106140605190e+00
1.413297619047618969e+00,-1.867295160961321976e+00
1.413719277108433703e+00,-1.871151083756456002e+00
1.414079518072289154e+00,-1.874497876210346137e+00
1.414561445783132587e+00,-1.879358859504021595e+00
1.415096428571428477e+00,-1.885934827653199974e+00
1.415334523809523848e+00,-1.889523098003726087e+00
1.415691666666666571e+00,-1.892601293915677330e+00
1.415929761904761719e+00,-1.895244286304989423e+00
1.416224705882352941e+00,-1.897911655559126443e+00
1.416749999999999954e+00,-1.899606816213477600e+00
1.417215116279069598e+00,-1.902151074897705740e+00
1.417505882352940727e+00,-1.903427845248204520e+00
1.417797674418604714e+00,-1.905071146381866365e+00
1.418090588235294325e+00,-1.905950960959254648e+00
1.418505952380952451e+00,-1.908736194834709021e+00
1.418745238095237893e+00,-1.911033476449500945e+00
1.419103571428571353e+00,-1.915785415126882718e+00
1.419341666666666724e+00,-1.917547179147020220e+00
1.419637647058823671e+00,-1.920001480251374293e+00
1.419929069767441598e+00,-1.921391657426401167e+00
1.420451724137930860e+00,-1.923104728251600726e+00
1.420796551724138101e+00,-1.925539567867478485e+00
1.421202325581395476e+00,-1.930541369418214970e+00
1.421432954545454486e+00,-1.930774831161854888e+00
1.421720689655172398e+00,-1.928802516604549266e+00
1.422005681818181877e+00,-1.929271081833862089e+00
1.422514606741573040e+00,-1.934613595683668086e+00
1.422851685393258458e+00,-1.936746740986728055e+00
1.423359090909090741e+00,-1.934162800970733231e+00
1.423644827586206585e+00,-1.933727713819821004e+00
1.424045454545454614e+00,-1.936780944760685852e+00
1.424499999999999877e+00,-1.938197895885077404e+00
1.424840909090909102e+00,-1.937570154703078584e+00
1.425181818181818105e+00,-1.937735367907428286e+00
1.425462921348314760e+00,-1.935515120841576620e+00
1.425687640449438298e+00,-1.935135056738840564e+00
1.426025842696629020e+00,-1.933186028096153475e+00
1.426362921348314439e+00,-1.933276562016978506e+00
1.426761363636363633e+00,-1.933676320995829645e+00
1.427102272727272636e+00,-1.935987024861364647e+00
1.427384269662921090e+00,-1.937060073565157747e+00
1.427662222222222166e+00,-1.938643451880808666e+00
1.427942696629213470e+00,-1.940925349019071433e+00
1.428274725274725432e+00,-1.944374019367005157e+00
1.428766304347826255e+00,-1.945332627246930013e+00
1.429036559139784890e+00,-1.945461204780743358e+00
1.429307608695652432e+00,-1.946684558326667203e+00
1.429525000000000379e+00,-1.948436700980821223e+00
1.429796703296703164e+00,-1.951358057648957089e+00
1.430126373626373626e+00,-1.953234809972124175e+00
1.430511111111111289e+00,-1.954587642268401426e+00
1.430899999999999839e+00,-1.955111335734130318e+00
1.431229670329670522e+00,-1.955650517168498137e+00
1.431559340659340762e+00,-1.954840880034704353e+00
1.431834444444444188e+00,-1.955394610934045430e+00
1.432167777777777706e+00,-1.954960199096889895e+00
1.432553846153845845e+00,-1.954735816656768099e+00
1.432941111111110999e+00,-1.957979051872880794e+00
1.433218681318681353e+00,-1.960826303140122295e+00
1.433493478260869702e+00,-1.961676519499337967e+00
1.433710869565217649e+00,-1.961765354635123026e+00
1.434091208791208771e+00,-1.961209669282727663e+00
1.434530769230769387e+00,-1.963115867648077995e+00
1.434970329670329781e+00,-1.963785187079390537e+00
1.435300000000000020e+00,-1.965904082610173020e+00
1.435575555555555383e+00,-1.967444216470295659e+00
1.435851648351648358e+00,-1.968661605901730560e+00
1.436181318681318597e+00,-1.970407895735263981e+00
1.436563043478260582e+00,-1.971605367376482842e+00
1.436997826086956476e+00,-1.971575385146949966e+00
1.437323913043478507e+00,-1.971845553051386091e+00
1.437594623655913839e+00,-1.969938681297493055e+00
1.437919354838709918e+00,-1.967194326491034762e+00
1.438191304347826271e+00,-1.966315872928244390e+00
1.438517391304347637e+00,-1.964830140970951211e+00
1.438952173913043753e+00,-1.963049057215777715e+00
1.439279347826087019e+00,-1.963028161442686770e+00
1.439550537634408434e+00,-1.961743076248982920e+00
1.439822826086956775e+00,-1.960262402406462101e+00
1.440091397849462274e+00,-1.960362018301718967e+00
1.440413978494623493e+00,-1.962054192275907161e+00
1.440893617021276718e+00,-1.963949184042618423e+00
1.441160215053763238e+00,-1.963405277619942435e+00
1.441482795698924901e+00,-1.965287813937486749e+00
1.441644565217391483e+00,-1.966099019521525104e+00
1.441861956521738986e+00,-1.967075450343400256e+00
1.442135164835165018e+00,-1.967062973576388263e+00
1.442574725274725189e+00,-1.965620367770435806e+00
1.442956521739130471e+00,-1.964820901373523387e+00
1.443282608695652280e+00,-1.963622457088975537e+00
1.443499999999999561e+00,-1.964311725373076634e+00
1.443826086956521593e+00,-1.963426966605440471e+00
1.444205376344086078e+00,-1.962355423588296510e+00
1.444635483870967407e+00,-1.960696122727835000e+00
1.444958064516129292e+00,-1.960701053772371028e+00
1.445280645161290289e+00,-1.960762838061764990e+00
1.445496774193548273e+00,-1.961278451070938011e+00
1.445711827956989604e+00,-1.962681357404779448e+00
1.446091304347825846e+00,-1.964210776486832621e+00
1.446417391304347877e+00,-1.964631051140000473e+00
1.447073333333333434e+00,-1.967985952782004055e+00
1.447406666666666730e+00,-1.970615050883850472e+00
1.447628888888888854e+00,-1.972192878032131169e+00
1.447906593406593334e+00,-1.973702216492731365e+00
1.448236263736263796e+00,-1.974336547925923835e+00
1.448622222222222033e+00,-1.977334905187317915e+00
1.448900000000000077e+00,-1.980790496435646197e+00
1.449123595505617645e+00,-1.982078475664360351e+00
1.449403409090909145e+00,-1.984644300878964485e+00
1.449630681818181666e+00,-1.985819199311235073e+00
1.449971590909090891e+00,-1.988269018530723908e+00
1.450426136363636376e+00,-1.989901688390447454e+00
1.450994318181818121e+00,-1.990731011060211442e+00
1.451276404494382000e+00,-1.993270633249879964e+00
1.451613483146067418e+00,-1.995536485425975171e+00
1.451835164835164838e+00,-1.997584456537089048e+00
1.452217391304347682e+00,-2.002082983774493563e+00
1.452543478260869714e+00,-2.007323385689035788e+00
1.452978260869564942e+00,-2.009277932750069606e+00
1.453304347826086973e+00,-2.011985263592631412e+00
1.453683870967741987e+00,-2.015181736010767999e+00
1.454012087912087692e+00,-2.018038046186584555e+00
1.454451648351648529e+00,-2.023048513849809993e+00
1.455001098901098855e+00,-2.030379187613511771e+00
1.455330769230769539e+00,-2.034652854569802827e+00
1.455603260869565041e+00,-2.036697911610494849e+00
1.455820652173912988e+00,-2.037470049348432788e+00
1.456089247311828094e+00,-2.039298754510281864e+00
1.456411827956989313e+00,-2.040694636947214313e+00
1.456734408602150310e+00,-2.042307302454305251e+00
1.457106382978723635e+00,-2.043839000981418685e+00
1.457320212765957468e+00,-2.042715137826878191e+00
1.457639361702127490e+00,-2.042499437243583404e+00
1.457852127659574615e+00,-2.042210823237848416e+00
1.458171276595744859e+00,-2.045076056597777470e+00
1.458490425531914436e+00,-2.047464850402926917e+00
1.458858947368421255e+00,-2.048729746081964009e+00
1.459171134020618599e+00,-2.050623199635821958e+00
1.459480412371134017e+00,-2.051876839106820949e+00
1.459684848484848363e+00,-2.053921934018859918e+00
1.459939795918367311e+00,-2.055741558305780980e+00
1.460245918367347073e+00,-2.056488162457378088e+00
1.460552040816326169e+00,-2.057948440431645487e+00
1.460960204081632741e+00,-2.059359791023441133e+00
1.461266326530612059e+00,-2.058971146129721763e+00
1.461572448979592043e+00,-2.059965203706833226e+00
1.461725773195876155e+00,-2.060096719953639077e+00
1.462138144329896638e+00,-2.061409638135577538e+00
1.462447422680412279e+00,-2.060897310213557709e+00
1.462859793814432985e+00,-2.063365113859360722e+00
1.463169072164948403e+00,-2.063681787797360112e+00
1.463478350515464044e+00,-2.063967996569103569e+00
1.463686597938144374e+00,-2.065114338408365224e+00
1.463894845360824482e+00,-2.065437915684687376e+00
1.464204123711340344e+00,-2.065236124901689063e+00
1.464513402061855762e+00,-2.064078851800774217e+00
1.464925773195876246e+00,-2.066041404488224931e+00
1.465235051546391887e+00,-2.066759583351969631e+00
1.465544329896907083e+00,-2.068447703264126858e+00
1.465750515463917436e+00,-2.070141477383247164e+00
1.466059793814432854e+00,-2.070580749148885680e+00
1.466369072164948717e+00,-2.072189874153308686e+00
1.466884536082474266e+00,-2.075198727375745289e+00
1.467039583333333397e+00,-2.076048738029100615e+00
1.467299999999999827e+00,-2.079906104472987849e+00
1.467615789473684096e+00,-2.083117252868895264e+00
1.467826315789473757e+00,-2.084303463144193014e+00
1.468142105263158248e+00,-2.084793526813370601e+00
1.468509574468084944e+00,-2.085325335900047428e+00
1.468935106382978528e+00,-2.088072287425590368e+00
1.469254255319148772e+00,-2.090755328298340210e+00
1.469573404255319016e+00,-2.092494152218828063e+00
1.469733333333333336e+00,-2.091843597439321023e+00
1.470055913978494333e+00,-2.092701796774539158e+00
1.470378494623655996e+00,-2.094248870960130127e+00
1.470754347826087161e+00,-2.095285082256961307e+00
1.471080434782608526e+00,-2.096312540270535152e+00
1.471406521739130779e+00,-2.098624897614974394e+00
1.471678494623655853e+00,-2.097899276644210609e+00
1.472108602150537404e+00,-2.097217614081950732e+00
1.472538709677419400e+00,-2.098052113079389880e+00
1.472918478260869524e+00,-2.100263480261595817e+00
1.473244565217391555e+00,-2.100493186747628638e+00
1.473461956521738836e+00,-2.100691574502112857e+00
1.473788043478261089e+00,-2.100816806133828152e+00
1.474114130434782677e+00,-2.100674959650897566e+00
1.474440217391304264e+00,-2.102199902052796165e+00
1.474983695652173799e+00,-2.102366594629999863e+00
1.475309782608695386e+00,-2.102176628303664252e+00
1.475583516483516489e+00,-2.102830015298513544e+00
1.475861111111111068e+00,-2.101591105634363466e+00
1.476194444444444365e+00,-2.101137015393006013e+00
1.476527777777777661e+00,-2.101338117142277362e+00
1.476861111111110736e+00,-2.101347018720131299e+00
1.477190217391304294e+00,-2.101575418025473763e+00
1.477460215053763681e+00,-2.102506571695043736e+00
1.477836170212765809e+00,-2.103033814359859033e+00
1.478105376344085897e+00,-2.101918009065086856e+00
1.478427956989247560e+00,-2.102694391273779217e+00
1.478802127659574417e+00,-2.101680257696133758e+00
1.479227659574468223e+00,-2.099118656937021932e+00
1.479495698924731428e+00,-2.098082399198828885e+00
1.479712903225806508e+00,-2.097946021272444117e+00
1.479927956989247617e+00,-2.098265227625776053e+00
1.480250537634408836e+00,-2.097411563869775453e+00
1.480788172043010720e+00,-2.096830471598801982e+00
1.481057608695652394e+00,-2.097713927954011126e+00
1.481383695652173760e+00,-2.100875946183228038e+00
1.481709782608696235e+00,-2.103415012766092218e+00
1.481927173913043516e+00,-2.105449327271923465e+00
1.482253260869565326e+00,-2.109328040465427101e+00
1.482579347826087357e+00,-2.111234615309566465e+00
1.482904347826087044e+00,-2.111708566746531623e+00
1.483230434782608631e+00,-2.113825806863141477e+00
1.483502150537634678e+00,-2.115722700168176651e+00
1.483824731182795453e+00,-2.118144167824793644e+00
1.484039784946236340e+00,-2.120089724841512702e+00
1.484577419354838890e+00,-2.121890960457920805e+00
1.484904395604395466e+00,-2.120804429436996763e+00
1.485234065934065706e+00,-2.121605054710232530e+00
1.485452747252746786e+00,-2.122349430939313386e+00
1.485781720430107589e+00,-2.125067308766568352e+00
1.486160869565217313e+00,-2.128007089143708619e+00
1.486486956521739122e+00,-2.130438240647752224e+00
1.486869230769230610e+00,-2.133893720812768624e+00
1.487198901098900627e+00,-2.135463176635598259e+00
1.487528571428571533e+00,-2.136981508862088930e+00
1.487913043478261033e+00,-2.138996934441034892e+00
1.488187912087912013e+00,-2.141988705696955542e+00
1.488517582417582696e+00,-2.143564926099840839e+00
1.488847252747252714e+00,-2.145890978213842004e+00
1.489235555555555424e+00,-2.149799071730862821e+00
1.489510989010988995e+00,-2.151675509053657898e+00
1.489945161290322284e+00,-2.152444420334336694e+00
1.490217391304348160e+00,-2.154081294082510034e+00
1.490652173913043388e+00,-2.160443683981761787e+00
1.490870652173912791e+00,-2.163842814024195871e+00
1.491248387096774319e+00,-2.167005598696835733e+00
1.491519565217391152e+00,-2.167839031581686893e+00
1.491900000000000004e+00,-2.170524169456224506e+00
1.492171739130435437e+00,-2.172459323213796534e+00
1.492391111111110780e+00,-2.172571359126187929e+00
1.492669230769231081e+00,-2.175716473091526382e+00
1.493108791208790809e+00,-2.178887341560376001e+00
1.493438461538461715e+00,-2.180854313460235616e+00
1.493715555555555907e+00,-2.183411406403947819e+00
1.494048888888888760e+00,-2.184819331711405965e+00
1.494382222222222278e+00,-2.186971828651897987e+00
1.494659340659340696e+00,-2.187895074978016385e+00
1.495041304347825895e+00,-2.190319322257182399e+00
1.495367391304347926e+00,-2.192523177998713990e+00
1.495637634408602201e+00,-2.193707920868836148e+00
1.495962365591397614e+00,-2.193429701338315496e+00
1.496342391304347874e+00,-2.192886024657967781e+00
1.496668478260869239e+00,-2.193176801871452586e+00
1.496991304347826235e+00,-2.192001373741145898e+00
1.497534782608695325e+00,-2.190665027213406280e+00
1.497860869565217357e+00,-2.191031590096560677e+00
1.498025274725274691e+00,-2.192224020526126971e+00
1.498354945054944709e+00,-2.194290618794336734e+00
1.498742222222222420e+00,-2.195999994979604519e+00
1.499128571428571144e+00,-2.196543272182024609e+00
1.499403333333333421e+00,-2.196313215838328059e+00
1.499736666666666718e+00,-2.196933707434153504e+00
1.500014285714285300e+00,-2.199327547610052669e+00
1.500292222222222138e+00,-2.201649691908626583e+00
1.500625555555555435e+00,-2.202081643757922258e+00
1.501010989010988617e+00,-2.203718106509239050e+00
1.501394565217391674e+00,-2.203919791189622668e+00
1.501667032967032966e+00,-2.203553185349109267e+00
1.501943333333333186e+00,-2.203179305589951564e+00
1.502220879120879538e+00,-2.203310022735470053e+00
1.502494565217391109e+00,-2.202974074245667158e+00
1.502875824175823993e+00,-2.204295880494802518e+00
1.503315384615384387e+00,-2.205618399252487372e+00
1.503589999999999760e+00,-2.205190953968457990e+00
1.503869230769230958e+00,-2.206264600411664389e+00
1.504145555555555180e+00,-2.207693754668573316e+00
1.504537078651685178e+00,-2.211725398131290099e+00
1.504874157303370596e+00,-2.213536933494975933e+00
1.505267045454545594e+00,-2.216005622908422623e+00
1.505551724137931036e+00,-2.217856801901727515e+00
1.505781609195402160e+00,-2.219830308382990225e+00
1.505952325581395357e+00,-2.222508689112059344e+00
1.506241176470588083e+00,-2.225940769850266232e+00
1.506829411764705862e+00,-2.231070210067731541e+00
1.507182352941176529e+00,-2.233704471409954984e+00
1.507535294117647195e+00,-2.238207939940620506e+00
1.507946511627906938e+00,-2.240407326207518146e+00
1.508179069767441982e+00,-2.241210782913054533e+00
1.508643023255814120e+00,-2.244019160831085102e+00
1.509108139534883986e+00,-2.244112443356470976e+00
1.509513793103448132e+00,-2.247503689061126853e+00
1.509858620689655151e+00,-2.250724298453131489e+00
1.510145454545454458e+00,-2.253236361870396109e+00
1.510663218390804863e+00,-2.255223355305572053e+00
1.511122988505747111e+00,-2.257852352711989141e+00
1.511812643678160928e+00,-2.261860206875515367e+00
1.512034831460674189e+00,-2.262448426160898585e+00
1.512320454545454718e+00,-2.263474798716559988e+00
1.512661363636363498e+00,-2.266692666976376724e+00
1.513002272727272945e+00,-2.268468976781167434e+00
1.513229545454545466e+00,-2.271663128447042990e+00
1.513571590909090991e+00,-2.275084368874288998e+00
1.513966292134831360e+00,-2.277217109604436907e+00
1.514245555555555622e+00,-2.278034136898657636e+00
1.514469999999999983e+00,-2.279644383362256832e+00
1.514751685393258329e+00,-2.280453622953616755e+00
1.515035227272727436e+00,-2.282539301507816365e+00
1.515322988505746871e+00,-2.283124117921744300e+00
1.515609090909091128e+00,-2.284782938528139518e+00
1.515892134831460902e+00,-2.286779448984015861e+00
1.516061111111110860e+00,-2.288719903296914548e+00
1.516228089887640351e+00,-2.290641711936440394e+00
1.516565168539325770e+00,-2.292813867927152138e+00
1.517069999999999919e+00,-2.296843473283361803e+00
1.517403333333333437e+00,-2.300076025007703251e+00
1.517847777777777463e+00,-2.302967747942132437e+00
1.518069999999999808e+00,-2.304270992143288677e+00
1.518514444444444500e+00,-2.309170927857674638e+00
1.518790109890109541e+00,-2.313071383961404326e+00
1.519229670329670601e+00,-2.315610837961282975e+00
1.519669230769230328e+00,-2.316582719224614451e+00
1.520218681318681542e+00,-2.315299456064376038e+00
1.520495555555555489e+00,-2.314180117762910882e+00
1.520828888888889008e+00,-2.313717008984505163e+00
1.521108988764045433e+00,-2.313570495057330589e+00
1.521677011494252829e+00,-2.313877894614326358e+00
1.521906896551724175e+00,-2.316110353451588111e+00
1.522194318181818273e+00,-2.317509903462612098e+00
1.522481609195402541e+00,-2.318300357568425785e+00
1.522826436781609338e+00,-2.319699410972038578e+00
1.523110227272727490e+00,-2.318562154534742348e+00
1.523453409090908872e+00,-2.317298418579905039e+00
1.523739080459770134e+00,-2.319217218584911144e+00
1.524083908045976710e+00,-2.321032009650402905e+00
1.524313793103448278e+00,-2.322479445639432427e+00
1.524543678160919846e+00,-2.323405851289434221e+00
1.524775862068965315e+00,-2.324270151703049514e+00
1.525062499999999766e+00,-2.326168432602703895e+00
1.525570786516853961e+00,-2.328934378810257666e+00
1.526020224719101481e+00,-2.331550784743391613e+00
1.526300000000000212e+00,-2.332145479534754262e+00
1.526685714285713980e+00,-2.335731261518481539e+00
1.527072222222222164e+00,-2.338950450864924591e+00
1.527516666666666634e+00,-2.340025802694776225e+00
1.527850000000000152e+00,-2.340279346599144272e+00
1.528238461538460990e+00,-2.339632040050122708e+00
1.528462921348314518e+00,-2.338888559211075524e+00
1.528912359550562039e+00,-2.338612182836139919e+00
1.529196590909090991e+00,-2.341983138556217536e+00
1.529878409090908997e+00,-2.347198260942452208e+00
1.530219318181818222e+00,-2.345406187250467234e+00
1.530446590909090965e+00,-2.346228882257123782e+00
1.530725842696629257e+00,-2.346527575097560714e+00
1.531011363636363365e+00,-2.347392946633144462e+00
1.531291011235955235e+00,-2.347945594926581503e+00
1.531569999999999876e+00,-2.349101912985252838e+00
1.531903333333333173e+00,-2.349900329844069269e+00
1.532287912087912041e+00,-2.351014168665095383e+00
1.532507692307692126e+00,-2.349917666704829600e+00
1.532837362637362366e+00,-2.350203551296427662e+00
1.533167032967033050e+00,-2.352140159672997388e+00
1.533655434782608573e+00,-2.354714540603300765e+00
1.533923655913978834e+00,-2.354756865131284904e+00
1.534302173913043577e+00,-2.355418688977390484e+00
1.534411956521739340e+00,-2.356594933525028690e+00
1.534628260869565164e+00,-2.357349536332613127e+00
1.534954347826086973e+00,-2.357514606556046832e+00
1.535389130434782645e+00,-2.358697900086962118e+00
1.535823913043478095e+00,-2.358035508650957013e+00
1.536096703296703225e+00,-2.356575088136058760e+00
1.536426373626373909e+00,-2.353734884883688316e+00
1.536703333333333088e+00,-2.351574880061491069e+00
1.536980219780219592e+00,-2.350223734458941838e+00
1.537366666666666770e+00,-2.350746790033240607e+00
1.537700000000000067e+00,-2.353028931120577649e+00
1.537979775280898798e+00,-2.355021612803265718e+00
1.538204494382022558e+00,-2.356747898937618935e+00
1.538429213483146096e+00,-2.358838647904714314e+00
1.538709090909091026e+00,-2.359276806560296702e+00
1.539271590909090826e+00,-2.361619432863960810e+00
1.539670114942528700e+00,-2.365855117807043939e+00
1.540014942528735720e+00,-2.370746939931856812e+00
1.540244827586206844e+00,-2.373371337143067361e+00
1.540532954545454247e+00,-2.376644283043870320e+00
1.540929885057471527e+00,-2.382406630801566116e+00
1.541332954545454603e+00,-2.387590645000673639e+00
1.541787500000000088e+00,-2.393435814797964412e+00
1.542073563218390619e+00,-2.396783003796397082e+00
1.542418390804598083e+00,-2.404767644758505352e+00
1.542878160919540331e+00,-2.410999264973892942e+00
1.543222988505747129e+00,-2.413279546990016122e+00
1.543743023255814029e+00,-2.417434162009533871e+00
1.544208139534883895e+00,-2.423082320282965441e+00
1.544435227272727307e+00,-2.426674809571204072e+00
1.544831460674157109e+00,-2.428899258568241848e+00
1.545114772727272712e+00,-2.430920886318977292e+00
1.545569318181818419e+00,-2.431439545701861604e+00
1.545910227272727200e+00,-2.435574132713144380e+00
1.546304494382022332e+00,-2.438794638586515795e+00
1.546529213483146092e+00,-2.440879626835802618e+00
1.546755056179775378e+00,-2.443810334491422154e+00
1.547150000000000025e+00,-2.448173505348186119e+00
1.547543820224719147e+00,-2.451864367351833884e+00
1.547880898876404565e+00,-2.453856115325355969e+00
1.548157777777777522e+00,-2.456159554909346898e+00
1.548382222222222548e+00,-2.458453454295590923e+00
1.548715555555555623e+00,-2.460205802197809710e+00
1.548937777777777969e+00,-2.460431686544820362e+00
1.549271111111111265e+00,-2.462085512051122027e+00
1.549602173913043224e+00,-2.462309574213576990e+00
1.549983516483516732e+00,-2.464484538077875708e+00
1.550313186813187416e+00,-2.466744893427428753e+00
1.550532967032966836e+00,-2.468525725128246862e+00
1.550862637362637741e+00,-2.469911807826741690e+00
1.551135869565217762e+00,-2.470383085414129987e+00
1.551626373626373789e+00,-2.470551595954407986e+00
1.551901086956522180e+00,-2.470955136820788933e+00
1.552335869565216964e+00,-2.469741784072261304e+00
1.552498901098901207e+00,-2.469534694700858957e+00
1.552828571428571447e+00,-2.469565283723335725e+00
1.553268131868131841e+00,-2.473590144228286380e+00
1.553597802197802524e+00,-2.477661936150512112e+00
1.554037362637362474e+00,-2.481697588479101935e+00
1.554367032967032936e+00,-2.483077443400624418e+00
1.554586813186813465e+00,-2.483177189829160803e+00
1.554970652173912615e+00,-2.488206233184074190e+00
1.555296739130434869e+00,-2.489529821482549643e+00
1.555731521739130097e+00,-2.493364050500083362e+00
1.556057608695652128e+00,-2.496354408245069489e+00
1.556383695652174382e+00,-2.500281713528978322e+00
1.556601086956521884e+00,-2.503832418463336484e+00
1.556927173913043472e+00,-2.508150286506250382e+00
1.557196774193548405e+00,-2.511016532710850679e+00
1.557685869565217374e+00,-2.513554934386128537e+00
1.557958241758241824e+00,-2.515172833922881601e+00
1.558176923076922904e+00,-2.515757064142619903e+00
1.558452222222222128e+00,-2.517446698433283281e+00
1.558730769230769253e+00,-2.520042373685874360e+00
1.559060439560439271e+00,-2.521989746545683975e+00
1.559500000000000108e+00,-2.527567076560798043e+00
1.559829670329670348e+00,-2.531812942639100061e+00
1.560048351648351872e+00,-2.534656772756499699e+00
1.560378021978022112e+00,-2.538119239379094338e+00
1.560597802197802197e+00,-2.539656400218559984e+00
1.560927472527472215e+00,-2.541786719790355420e+00
1.561257142857143121e+00,-2.545293730918914754e+00
1.561698901098900638e+00,-2.549243394002798091e+00
1.562028571428571322e+00,-2.551433778473230607e+00
1.562468131868131715e+00,-2.554795789214222346e+00
1.562631521739130225e+00,-2.556049073798146054e+00
1.563066304347826341e+00,-2.559892117688920443e+00
1.563562637362637453e+00,-2.562807926590517482e+00
1.563836666666666764e+00,-2.565381135697308856e+00
1.564169999999999838e+00,-2.566960464865803981e+00
1.564448351648351609e+00,-2.570080014485229380e+00
1.564725555555555925e+00,-2.572291767386203798e+00
1.565169999999999950e+00,-2.578076326947484453e+00
1.565503333333333247e+00,-2.582153406811547480e+00
1.565896629213483271e+00,-2.585392658805953037e+00
1.566233707865168912e+00,-2.588139050701625088e+00
1.566568131868131930e+00,-2.590772240433125706e+00
1.566846666666666721e+00,-2.593026316224438688e+00
1.567180000000000017e+00,-2.593632211325886061e+00
1.567403333333333482e+00,-2.594883451047644840e+00
1.567847777777777507e+00,-2.598018795262150960e+00
1.568070000000000075e+00,-2.599496152283945705e+00
1.568509782608695335e+00,-2.601845245823870556e+00
1.568672527472527500e+00,-2.603691042226032870e+00
1.569057777777777662e+00,-2.605836596264184291e+00
1.569391111111110959e+00,-2.608051889238479415e+00
1.569835555555555651e+00,-2.610613155806738916e+00
1.570112087912088006e+00,-2.611842108601469370e+00
1.570441758241758246e+00,-2.615679319681508908e+00
1.570771428571428929e+00,-2.619534461240450085e+00
1.571101098901098725e+00,-2.622212400195090609e+00
1.571323076923077267e+00,-2.624334979882132934e+00
1.571709999999999940e+00,-2.629158655816284273e+00
1.572043333333333015e+00,-2.632405349417859419e+00
1.572433707865168451e+00,-2.634814113820818093e+00
1.572658426966291767e+00,-2.636493904063790694e+00
1.573052272727272660e+00,-2.639794265348037072e+00
1.573277777777777775e+00,-2.642251241828052599e+00
1.573833333333333417e+00,-2.645625685894783530e+00
1.574165555555555374e+00,-2.649482793262412095e+00
1.574498888888888670e+00,-2.653376454174732668e+00
1.574666292134831780e+00,-2.654729753051058516e+00
1.575003370786517198e+00,-2.658016163729624459e+00
1.575340449438202173e+00,-2.661206751994970254e+00
1.575678651685393339e+00,-2.663011763495812367e+00
1.576015730337078757e+00,-2.665614694063037859e+00
1.576412499999999994e+00,-2.668086628226006507e+00
1.576696551724138029e+00,-2.669719593931880297e+00
1.577041379310344604e+00,-2.672914635230581926e+00
1.577439772727272871e+00,-2.674887602171163614e+00
1.577839080459770393e+00,-2.679258905268612434e+00
1.578237499999999960e+00,-2.682499838172879958e+00
1.578578409090908963e+00,-2.687497231850743962e+00
1.578748314606741365e+00,-2.689339488914970211e+00
1.579139999999999988e+00,-2.692636912882633293e+00
1.579473333333333507e+00,-2.695831396392868839e+00
1.580028888888888705e+00,-2.698275924023768368e+00
1.580362222222222224e+00,-2.699334899683350386e+00
1.580806666666666471e+00,-2.699554884219830697e+00
1.581028888888889039e+00,-2.701256779488854676e+00
1.581414285714285439e+00,-2.704896749732195627e+00
1.581686956521739074e+00,-2.705695638044371076e+00
1.582230434782608830e+00,-2.709917312173483417e+00
1.582499999999999574e+00,-2.714679039289918272e+00
1.582772826086956242e+00,-2.718057782467062200e+00
1.583098913043478495e+00,-2.721673370903112676e+00
1.583366666666666589e+00,-2.723456664369058089e+00
1.583689247311828252e+00,-2.724006100565010691e+00
1.584069565217391506e+00,-2.724588350424316907e+00
1.584337634408602202e+00,-2.725236155096407487e+00
1.584660215053763421e+00,-2.722472376563263019e+00
1.584819148936170263e+00,-2.722396541504685796e+00
1.585138297872340063e+00,-2.721699327237679711e+00
1.585407526881720486e+00,-2.721469525427810510e+00
1.585779787234042448e+00,-2.722302866363922824e+00
1.586098936170212470e+00,-2.722418755608849494e+00
1.586362105263157796e+00,-2.724936723953136575e+00
1.586627659574468163e+00,-2.726133880831118184e+00
1.586786315789473711e+00,-2.728548784493450619e+00
1.587102105263157759e+00,-2.732381939667739346e+00
1.587472340425531758e+00,-2.737186229031625118e+00
1.587843157894736956e+00,-2.742421202605219932e+00
1.588158947368421003e+00,-2.746811403085334113e+00
1.588474736842105051e+00,-2.750756890130928056e+00
1.588790526315789542e+00,-2.752368693654885679e+00
1.589053191489361749e+00,-2.753604599991929636e+00
1.589372340425531771e+00,-2.755856397142313341e+00
1.589797872340425577e+00,-2.760253020411161717e+00
1.590170967741935337e+00,-2.764328860819126099e+00
1.590493548387097000e+00,-2.768263017199026343e+00
1.590708602150537443e+00,-2.768949889818530075e+00
1.591031182795698662e+00,-2.768935336954318593e+00
1.591461290322580879e+00,-2.769497768658840897e+00
1.591891397849462209e+00,-2.773568194293239308e+00
1.592213978494623872e+00,-2.775906627085016343e+00
1.592588297872340242e+00,-2.776431833838716834e+00
1.592801063829786923e+00,-2.777043759623294861e+00
1.593120212765957611e+00,-2.778280259162952071e+00
1.593388172043010753e+00,-2.779045319342199782e+00
1.593710752688172194e+00,-2.782024907925885415e+00
1.594082978723404320e+00,-2.782296109288473041e+00
1.594508510638297683e+00,-2.786831307166419691e+00
1.594827659574468148e+00,-2.791001855281483479e+00
1.595040425531915051e+00,-2.793001923685376031e+00
1.595409473684210377e+00,-2.797812243078201533e+00
1.595725263157894869e+00,-2.800659668096682875e+00
1.596146315789473524e+00,-2.802923887827024174e+00
1.596410638297872442e+00,-2.802333682992340425e+00
1.596622340425531972e+00,-2.803334040757790913e+00
1.596835106382978653e+00,-2.803520279362762935e+00
1.597103225806451476e+00,-2.803447156963430054e+00
1.597371276595744849e+00,-2.802723863240817792e+00
1.597796808510637989e+00,-2.801271937261827549e+00
1.598115957446808677e+00,-2.799870087801282992e+00
1.598541489361701817e+00,-2.797576254130611950e+00
1.598755319148935650e+00,-2.797494360352957621e+00
1.599023655913978548e+00,-2.799124739644367033e+00
1.599290425531914916e+00,-2.799761083188046840e+00
1.599609574468084494e+00,-2.800694188788230399e+00
1.600035106382978523e+00,-2.798942055529236139e+00
1.600298947368420821e+00,-2.796848251825518439e+00
1.600561702127659469e+00,-2.795840337035996548e+00
1.600774468085106372e+00,-2.795345961252521771e+00
1.601093617021276616e+00,-2.795403455638244772e+00
1.601625531914893541e+00,-2.795891547747681116e+00
1.602157446808510466e+00,-2.792181182002551054e+00
1.602476595744681154e+00,-2.790803734089729815e+00
1.602743010752688324e+00,-2.788853405456114487e+00
1.602958064516128989e+00,-2.787093562230926302e+00
1.603226595744680960e+00,-2.786796306077917507e+00
1.603545744680851204e+00,-2.785869728319637861e+00
1.604077659574468351e+00,-2.789856486141627290e+00
1.604396808510638373e+00,-2.789520426253571106e+00
1.604715957446808394e+00,-2.788880469419336983e+00
1.604928723404255519e+00,-2.787118562984103320e+00
1.605247872340425541e+00,-2.785093000640377348e+00
1.605567021276595785e+00,-2.780383387680984697e+00
1.606098936170212932e+00,-2.779034102694467379e+00
1.606418085106382954e+00,-2.778827762345878138e+00
1.606626041666666893e+00,-2.778292976965706096e+00
1.606938541666666609e+00,-2.775707011251386191e+00
1.607092783505154721e+00,-2.774588834247668334e+00
1.607402061855670139e+00,-2.773706338812175876e+00
1.607814432989690623e+00,-2.771550836216975178e+00
1.608226804123711551e+00,-2.768454502230954795e+00
1.608485416666666667e+00,-2.766818427026476179e+00
1.608745360824742177e+00,-2.764490102944421768e+00
1.608951546391752752e+00,-2.762007957078742137e+00
1.609260824742268170e+00,-2.760174122578487044e+00
1.609570103092783366e+00,-2.758726001366532010e+00
1.609982474226804072e+00,-2.757674649406878231e+00
1.610291752577319491e+00,-2.757234917334610902e+00
1.610601030927834909e+00,-2.757020634234244927e+00
1.610755208333333188e+00,-2.757757797627155671e+00
1.610963541666666332e+00,-2.758049656475576761e+00
1.611276041666666714e+00,-2.759409543077083971e+00
1.611588541666666430e+00,-2.759734666232652955e+00
1.612005208333333384e+00,-2.760703094690966530e+00
1.612317708333333099e+00,-2.760006433350015165e+00
1.612630208333333259e+00,-2.759435697748717331e+00
1.612837755102040527e+00,-2.759441961996482284e+00
1.613094845360824703e+00,-2.758644381115975541e+00
1.613507216494845631e+00,-2.755427026253321365e+00
1.613816494845360827e+00,-2.751253414830669541e+00
1.614228865979381533e+00,-2.747674664499168973e+00
1.614538144329896729e+00,-2.743855884588991767e+00
1.614847422680412370e+00,-2.743682587559548303e+00
1.615053608247422723e+00,-2.743241344685972471e+00
1.615362886597937919e+00,-2.744014424989983603e+00
1.615878350515463691e+00,-2.747157941839205364e+00
1.616290721649484396e+00,-2.749765086233915135e+00
1.616599999999999815e+00,-2.750548973207935788e+00
1.616909278350515677e+00,-2.750742040999093696e+00
1.617115463917526030e+00,-2.751820867605434984e+00
1.617424742268041227e+00,-2.752315415555353972e+00
1.617734020618556645e+00,-2.752933889306770077e+00
1.618146391752577129e+00,-2.754700217397740403e+00
1.618405208333333123e+00,-2.756172761824415396e+00
1.618662886597938222e+00,-2.757821649717342449e+00
1.618972164948453640e+00,-2.760596873982977151e+00
1.619178350515463771e+00,-2.762145853863850142e+00
1.619436458333333384e+00,-2.762920799147726925e+00
1.619748958333333322e+00,-2.764135003499966992e+00
1.620165625000000054e+00,-2.765395453029799722e+00
1.620478124999999991e+00,-2.764548043671998911e+00
1.620737113402061835e+00,-2.762087979627175116e+00
1.620942424242424185e+00,-2.761326637765419534e+00
1.621145360824742365e+00,-2.760141945360413906e+00
1.621454639175257784e+00,-2.759106887631495475e+00
1.621711458333333411e+00,-2.757716412432293485e+00
1.622128124999999699e+00,-2.756654496055999548e+00
1.622440625000000081e+00,-2.757281737912007813e+00
1.622753125000000018e+00,-2.757819488883254344e+00
1.622961458333333162e+00,-2.758169820325593768e+00
1.623328421052631754e+00,-2.758130218054264837e+00
1.623644210526315579e+00,-2.758576957981879296e+00
1.624065263157894456e+00,-2.757094131337910259e+00
1.624486315789473334e+00,-2.755428539586161296e+00
1.624802105263158269e+00,-2.754388070328325444e+00
1.625012631578947486e+00,-2.754574224865694809e+00
1.625328421052631311e+00,-2.752679840115505705e+00
1.625644210526315581e+00,-2.752553932980140061e+00
1.625959999999999850e+00,-2.751223259240060059e+00
1.626486315789474002e+00,-2.751524717184572921e+00
1.626802105263157827e+00,-2.752349261072311037e+00
1.627065957446808486e+00,-2.751783013378935383e+00
1.627385106382978286e+00,-2.747519582883273692e+00
1.627704255319148974e+00,-2.746338007084224486e+00
1.628023404255319218e+00,-2.745760572757473206e+00
1.628500000000000059e+00,-2.747587298177237347e+00
1.628815789473684106e+00,-2.748850338596145804e+00
1.629028421052631348e+00,-2.747381650492926930e+00
1.629294680851063770e+00,-2.744607432948165560e+00
1.629558947368420663e+00,-2.743119820643451057e+00
1.629874736842105154e+00,-2.742401869890374932e+00
1.630295789473684032e+00,-2.745075752628685528e+00
1.630559574468084527e+00,-2.747251849684241520e+00
1.630878723404255437e+00,-2.750086579795601782e+00
1.631091489361701674e+00,-2.751346868820666813e+00
1.631355789473683648e+00,-2.751903187674431983e+00
1.631671578947368806e+00,-2.753654894973753375e+00
1.632141666666666602e+00,-2.751220985525336893e+00
1.632454166666666540e+00,-2.752279027009064016e+00
1.632766666666666699e+00,-2.751979388418800632e+00
1.633079166666666637e+00,-2.753345471304609049e+00
1.633183333333333209e+00,-2.753820094990140355e+00
1.633495833333333147e+00,-2.754215993296243781e+00
1.633863157894736684e+00,-2.755242663587733176e+00
1.634234042553191379e+00,-2.758980003544738491e+00
1.634553191489361401e+00,-2.763183861640031047e+00
1.634872340425532089e+00,-2.762473952833110147e+00
1.635085106382978770e+00,-2.762191021451350981e+00
1.635510638297872132e+00,-2.763161912101066875e+00
1.635829787234042598e+00,-2.761718358096050707e+00
1.636255319148936183e+00,-2.761034115885445672e+00
1.636523655913978414e+00,-2.760591593824549328e+00
1.636846236559139633e+00,-2.761455176171561554e+00
1.637009574468085038e+00,-2.761603733616700751e+00
1.637277419354838504e+00,-2.764795409305619067e+00
1.637600000000000611e+00,-2.764445205071821121e+00
1.637922580645160942e+00,-2.763910181682779132e+00
1.638460215053763713e+00,-2.764261158469555113e+00
1.638836170212766064e+00,-2.763110967645871163e+00
1.639155319148936307e+00,-2.762282530706546169e+00
1.639474468085106329e+00,-2.762180789896900635e+00
1.639793617021276351e+00,-2.762056731193515358e+00
1.640112765957446817e+00,-2.759754803000041612e+00
1.640489247311827770e+00,-2.757550296102209586e+00
1.640755319148935909e+00,-2.756017066888964973e+00
1.641074468085106597e+00,-2.755063142572328427e+00
1.641393617021276174e+00,-2.755673311821693616e+00
1.641712765957446862e+00,-2.754720449498647028e+00
1.642138297872340669e+00,-2.758010523582187012e+00
1.642563829787233809e+00,-2.760081522347261451e+00
1.642882978723404275e+00,-2.759333220194159608e+00
1.643202127659574296e+00,-2.755777584516649448e+00
1.643358947368420697e+00,-2.755580684128603242e+00
1.643674736842105411e+00,-2.758450372513366666e+00
1.643934374999999948e+00,-2.758990993171374306e+00
1.644295876288660141e+00,-2.756090773346084433e+00
1.644605154639175337e+00,-2.754963142681966737e+00
1.644914432989690756e+00,-2.756082038655106814e+00
1.645274489795918615e+00,-2.758260109654913084e+00
1.645532989690721370e+00,-2.759268449952986479e+00
1.645842268041237233e+00,-2.759477205903829500e+00
1.646151546391752873e+00,-2.761420034363062825e+00
1.646460824742267848e+00,-2.760026110615077855e+00
1.646770103092783710e+00,-2.758786183854855523e+00
1.647026530612244688e+00,-2.758320021499815589e+00
1.647230612244897863e+00,-2.758832247366433066e+00
1.647536734693877847e+00,-2.760741430988567391e+00
1.647842857142857609e+00,-2.761950510819539240e+00
1.648251020408163292e+00,-2.757392416521188938e+00
1.648557142857143054e+00,-2.755182999356859952e+00
1.648863265306122372e+00,-2.754356260819895041e+00
1.649169387755101912e+00,-2.755251527278573587e+00
1.649373469387755309e+00,-2.754245351578844314e+00
1.649679591836735071e+00,-2.753257666944568527e+00
1.649935051546391751e+00,-2.753280853499276315e+00
1.650293877551020527e+00,-2.755015456712632371e+00
1.650599999999999845e+00,-2.756791018279167726e+00
1.650906122448979607e+00,-2.756405978773585730e+00
1.651161616161616275e+00,-2.755309024995584721e+00
1.651518367346938243e+00,-2.752072065293219794e+00
1.651824489795918449e+00,-2.751296932041685572e+00
1.652130612244897989e+00,-2.751015420007749235e+00
1.652488659793814429e+00,-2.748994883895809593e+00
1.652797938144330070e+00,-2.750573998116957242e+00
1.653107216494845266e+00,-2.753188691024885948e+00
1.653313402061855619e+00,-2.753689789101370522e+00
1.653622680412371038e+00,-2.754963307779855874e+00
1.653931958762886234e+00,-2.758273077198502676e+00
1.654344329896907162e+00,-2.762275412996741064e+00
1.654653608247422802e+00,-2.764434440927989733e+00
1.655015624999999879e+00,-2.765667257117756961e+00
1.655223958333333245e+00,-2.766704343283597378e+00
1.655536458333333627e+00,-2.766571165527524023e+00
1.655848958333333343e+00,-2.766198742884351525e+00
1.656161458333333281e+00,-2.764941982165891154e+00
1.656523711340206040e+00,-2.764835878620469423e+00
1.656832989690721458e+00,-2.763369509092798104e+00
1.657142268041237099e+00,-2.763378625121404752e+00
1.657451546391752517e+00,-2.762298084095863970e+00
1.657760824742268158e+00,-2.763031912234350074e+00
1.658070103092783798e+00,-2.766115736962168725e+00
1.658482474226804060e+00,-2.765809428062726560e+00
1.658791752577319700e+00,-2.766175290397003828e+00
1.659051041666666393e+00,-2.768303716424511229e+00
1.659311340206185648e+00,-2.769088200991926207e+00
1.659571875000000141e+00,-2.772452973126450004e+00
1.659936082474226859e+00,-2.774837908643007278e+00
1.660348453608247343e+00,-2.775372760527515581e+00
1.660657731958763206e+00,-2.773197149384808213e+00
1.660967010309278402e+00,-2.772744896209203169e+00
1.661276288659793821e+00,-2.773741866059133088e+00
1.661482474226804174e+00,-2.775274985755178392e+00
1.661791752577319370e+00,-2.777444699323543986e+00
1.662101030927835232e+00,-2.779212175814150587e+00
1.662461224489795830e+00,-2.782852828581857452e+00
1.662767346938775592e+00,-2.784235183407855363e+00
1.663073469387755354e+00,-2.783849456170977454e+00
1.663328282828283156e+00,-2.781640685410122771e+00
1.663583673469387625e+00,-2.779891963243119157e+00
1.663991836734693974e+00,-2.777296335370563973e+00
1.664297959183673292e+00,-2.778229946484676471e+00
1.664706122448979642e+00,-2.774742858672672785e+00
1.664960606060606585e+00,-2.771600439321326270e+00
1.665263636363635946e+00,-2.768777715098962311e+00
1.665465656565656705e+00,-2.768949583186141261e+00
1.665768686868687176e+00,-2.768360303042848081e+00
1.666071717171717204e+00,-2.769393185741267693e+00
1.666427551020408071e+00,-2.770301439658822140e+00
1.666684536082474244e+00,-2.770142780390264292e+00
1.666993814432989662e+00,-2.770079837568374614e+00
1.667252040816326719e+00,-2.768053065279371339e+00
1.667509278350515434e+00,-2.767630020987139616e+00
1.667818556701031074e+00,-2.766074262674642181e+00
1.668127835051546271e+00,-2.764412024016643432e+00
1.668540206185566754e+00,-2.764051940168932742e+00
1.668849484536082395e+00,-2.763711259653863550e+00
1.669105102040816524e+00,-2.763491843532531078e+00
1.669309183673469255e+00,-2.763190979504737577e+00
1.669615306122449017e+00,-2.763207949001722952e+00
1.669921428571428779e+00,-2.761717306264916516e+00
1.670227551020407875e+00,-2.760382361691815944e+00
1.670635714285714224e+00,-2.759094763873335410e+00
1.670891752577319700e+00,-2.760899094975643564e+00
1.671304123711340184e+00,-2.762965807902062476e+00
1.671613402061855602e+00,-2.761404022133973513e+00
1.671922680412370799e+00,-2.758917519266995466e+00
1.672231958762886439e+00,-2.756650413647943054e+00
1.672644329896907145e+00,-2.753258897444480269e+00
1.672953608247422563e+00,-2.753865112511426183e+00
1.673262886597938204e+00,-2.755648167722924313e+00
1.673469072164948557e+00,-2.756754750252785158e+00
1.673778350515463753e+00,-2.757616443355609626e+00
1.674087628865979172e+00,-2.755890506517244098e+00
1.674449999999999994e+00,-2.753643064153060038e+00
1.674762499999999932e+00,-2.753733405616718866e+00
1.675075000000000314e+00,-2.753032689588634341e+00
1.675335789473684667e+00,-2.752501635746576358e+00
1.675493617021276860e+00,-2.751309833006304384e+00
1.675919148936170666e+00,-2.751811490315359876e+00
1.676185263157894845e+00,-2.749223789934416295e+00
1.676502105263157905e+00,-2.749579515912060401e+00
1.676817894736842396e+00,-2.749010294044650138e+00
1.677133684210526221e+00,-2.748567084486899237e+00
1.677291489361701915e+00,-2.749121716563213802e+00
1.677610638297872381e+00,-2.747956270674880130e+00
1.677929787234042402e+00,-2.748139780496206441e+00
1.678248936170212646e+00,-2.751456992565842530e+00
1.678674468085106675e+00,-2.753161485034380629e+00
1.678993617021276252e+00,-2.752735172798804086e+00
1.679366315789473818e+00,-2.753491590793290644e+00
1.679631914893617406e+00,-2.752379621942181220e+00
1.679898924731182852e+00,-2.752987308673754185e+00
1.680275000000000185e+00,-2.754320202175467802e+00
1.680764516129032105e+00,-2.756041337240376699e+00
1.681087096774193768e+00,-2.753383361502024673e+00
1.681409677419354765e+00,-2.753274024365224282e+00
1.681732258064515761e+00,-2.753367992812530751e+00
1.682054838709677647e+00,-2.755285115684045660e+00
1.682592473118279308e+00,-2.753166670791828530e+00
1.682915053763441193e+00,-2.751606002939099849e+00
1.683237634408602412e+00,-2.749347760235247407e+00
1.683508695652173648e+00,-2.747356607750163882e+00
1.683672527472527491e+00,-2.746916599892368360e+00
1.684002197802197509e+00,-2.743843137612667960e+00
1.684331868131867971e+00,-2.741097488567320717e+00
1.684660439560439871e+00,-2.741848040453164437e+00
1.685099999999999598e+00,-2.744753705789058085e+00
1.685482608695652473e+00,-2.748747765497803641e+00
1.685644086021505395e+00,-2.750153561810185998e+00
1.685966666666666391e+00,-2.751533774521568887e+00
1.686289247311827832e+00,-2.753748908376565385e+00
1.686662765957446908e+00,-2.755010218775679753e+00
1.686981914893616707e+00,-2.756962964730329979e+00
1.687301063829787617e+00,-2.758345229140652499e+00
1.687511458333333492e+00,-2.757661193874834993e+00
1.687774736842105439e+00,-2.758187461511842464e+00
1.688090526315789708e+00,-2.757445321432473673e+00
1.688511578947368141e+00,-2.755012770318082005e+00
1.689037894736842516e+00,-2.755219555734619519e+00
1.689353684210526563e+00,-2.754894500856070572e+00
1.689669473684210388e+00,-2.753417753375184240e+00
1.689931249999999885e+00,-2.754390706882051454e+00
1.690243749999999823e+00,-2.752722556216117944e+00
1.690502061855670091e+00,-2.751061661274120773e+00
1.690914432989690575e+00,-2.751077623869753186e+00
1.691223711340206215e+00,-2.751061726288101195e+00
1.691532989690721633e+00,-2.751414645330937159e+00
1.691739175257731986e+00,-2.753103470614063575e+00
1.691997916666666546e+00,-2.752171011181045568e+00
1.692259999999999653e+00,-2.752749393367090569e+00
1.692681052631578975e+00,-2.756621457998145175e+00
1.692996842105262800e+00,-2.759250178155858713e+00
1.693312631578947736e+00,-2.761499758660380444e+00
1.693523157894736730e+00,-2.762348299224654191e+00
1.693680208333333326e+00,-2.762554344347307289e+00
1.693992708333333264e+00,-2.765045500248678678e+00
1.694254736842105480e+00,-2.765756892714030801e+00
1.694620833333333465e+00,-2.766186160593659960e+00
1.694933333333333181e+00,-2.765756930229791077e+00
1.695245833333333563e+00,-2.763245094412181579e+00
1.695507216494845482e+00,-2.762185477939157696e+00
1.695714736842105053e+00,-2.760120297665539901e+00
1.695976595744680848e+00,-2.757868582161642212e+00
1.696295744680850870e+00,-2.757638527625378977e+00
1.696721276595744898e+00,-2.756622396223396443e+00
1.697203225806451554e+00,-2.754289296780407348e+00
1.697473404255319229e+00,-2.754435824322347681e+00
1.697740860215053660e+00,-2.754597833098195281e+00
1.698010869565217629e+00,-2.755818532113376129e+00
1.698502197802197689e+00,-2.755351439192461172e+00
1.698720224719101335e+00,-2.755425973238303960e+00
1.699169662921347967e+00,-2.756881836261312557e+00
1.699396629213483001e+00,-2.757492247375227024e+00
1.699678409090908948e+00,-2.755398773960625824e+00
1.699960919540229876e+00,-2.757176573918656004e+00
1.700305747126437117e+00,-2.760997907569087140e+00
1.700767058823529521e+00,-2.759882443156407739e+00
1.701237647058823077e+00,-2.758518473379903746e+00
1.701532558139535078e+00,-2.756463940912747823e+00
1.701884883720930164e+00,-2.755224615455404091e+00
1.702118604651162936e+00,-2.754728410222631929e+00
1.702410588235294231e+00,-2.752999177922228036e+00
1.702998823529411343e+00,-2.748429833205130457e+00
1.703354117647059240e+00,-2.747204881273296984e+00
1.703707058823529463e+00,-2.747014980814324936e+00
1.704118604651162494e+00,-2.744475101439584730e+00
1.704529411764705848e+00,-2.743614964656486244e+00
1.704999999999999849e+00,-2.742198623086638420e+00
1.705470588235294072e+00,-2.743213983848072246e+00
1.705769047619047019e+00,-2.743684371536267541e+00
1.706126190476190629e+00,-2.745906103515102004e+00
1.706364285714286000e+00,-2.747731308312847176e+00
1.706783132530120595e+00,-2.747060856804073303e+00
1.707144578313252836e+00,-2.749026718568634564e+00
1.707508641975308716e+00,-2.749291082055520974e+00
1.707755555555555693e+00,-2.749275932774318587e+00
1.708184146341463538e+00,-2.746391583337540077e+00
1.708486746987952332e+00,-2.745944773116737458e+00
1.708789024390243938e+00,-2.745040240055189873e+00
1.709030487804878096e+00,-2.745206614431890735e+00
1.709456626506024035e+00,-2.745677810635717364e+00
1.709697590361445307e+00,-2.746220483642059840e+00
1.709998780487804737e+00,-2.745340020826718685e+00
1.710421686746987913e+00,-2.740975152421568861e+00
1.710898823529411361e+00,-2.740187276901652424e+00
1.711369411764705806e+00,-2.741517043718451063e+00
1.711724705882352593e+00,-2.743858953477964491e+00
1.712022619047619321e+00,-2.745407996973419973e+00
1.712555294117646953e+00,-2.749110135234778873e+00
1.712969047619047558e+00,-2.749428285400481009e+00
1.713264705882352690e+00,-2.751268126452470320e+00
1.713617647058823579e+00,-2.754228179815362054e+00
1.714033333333333076e+00,-2.755913429500060907e+00
1.714447058823529213e+00,-2.759591261169511256e+00
1.714800000000000546e+00,-2.758339993154837799e+00
1.715332142857142639e+00,-2.760598679852946713e+00
1.715627058823529616e+00,-2.761781770500520317e+00
1.715862352941176505e+00,-2.762793999276569767e+00
1.716097647058823172e+00,-2.763393465068144206e+00
1.716388372093023085e+00,-2.762560366647050181e+00
1.716737209302325429e+00,-2.761505276099965212e+00
1.717256321839080391e+00,-2.761952007389645303e+00
1.717540909090909063e+00,-2.762813874665595471e+00
1.717821348314606755e+00,-2.761952029007938236e+00
1.718050574712643552e+00,-2.763332517141239286e+00
1.718395402298850350e+00,-2.764646532181341598e+00
1.718851685393258499e+00,-2.764766017787974484e+00
1.719077528089887563e+00,-2.765002043914861485e+00
1.719414606741572982e+00,-2.765435026301847898e+00
1.719751685393258622e+00,-2.765517165947619649e+00
1.719921590909090803e+00,-2.766098634691958491e+00
1.720261363636363727e+00,-2.769445695352266590e+00
1.720829545454545695e+00,-2.772612270216199271e+00
1.721116091954022931e+00,-2.774470636317624361e+00
1.721404651162790511e+00,-2.774599633009063204e+00
1.721693103448275641e+00,-2.774896184670269772e+00
1.721925287356321554e+00,-2.772469952151140227e+00
1.722212790697674301e+00,-2.771541974063909564e+00
1.722561627906976645e+00,-2.770102873490296158e+00
1.723144186046511983e+00,-2.770049201170587061e+00
1.723436470588235458e+00,-2.767723543817175447e+00
1.723554117647058570e+00,-2.767904570554481580e+00
1.723967857142857385e+00,-2.769961053611255331e+00
1.724263855421686475e+00,-2.771822613897962917e+00
1.724866265060241100e+00,-2.776661003030577390e+00
1.725227710843373341e+00,-2.778027128153860659e+00
1.725589156626506249e+00,-2.777243803983328263e+00
1.725768292682926974e+00,-2.777102783056397239e+00
1.726195061728395430e+00,-2.778138950462151868e+00
1.726441975308641963e+00,-2.779098823424733133e+00
1.727059259259259072e+00,-2.781697961284326226e+00
1.727553086419752804e+00,-2.785341546517877909e+00
1.727860975609756045e+00,-2.788467880317795355e+00
1.728162650602409700e+00,-2.790500212991278151e+00
1.728644578313253355e+00,-2.792310566799407923e+00
1.729250602409639015e+00,-2.791781354487681721e+00
1.729675609756097465e+00,-2.790416336175592704e+00
1.729921951219512088e+00,-2.789216437371445423e+00
1.730167073170731928e+00,-2.787333013348821886e+00
1.730532926829268181e+00,-2.785785795954728528e+00
1.731199999999999850e+00,-2.780902602917786126e+00
1.731561445783132314e+00,-2.779206649235845816e+00
1.731980952380952843e+00,-2.778390390266009646e+00
1.732162650602409482e+00,-2.780263814837577119e+00
1.732460714285714243e+00,-2.781861613657449439e+00
1.732817857142857187e+00,-2.783748241366156062e+00
1.733228235294117292e+00,-2.785491424976508146e+00
1.733519767441860759e+00,-2.785756975779483557e+00
1.733815294117647010e+00,-2.786288358258550701e+00
1.734043678160919422e+00,-2.786620119845282240e+00
1.734388505747126219e+00,-2.784461305426277455e+00
1.734899999999999887e+00,-2.778172264210048148e+00
1.735354545454545594e+00,-2.773810173493165721e+00
1.735642528735632295e+00,-2.772329114106836911e+00
1.735927272727272541e+00,-2.772969401893798924e+00
1.736095505617977652e+00,-2.773239357614209588e+00
1.736485555555555393e+00,-2.770782746681777375e+00
1.736761538461538468e+00,-2.770923498802524865e+00
1.737310989010988793e+00,-2.767181113076894849e+00
1.737588888888889072e+00,-2.765912062932103233e+00
1.737922222222222368e+00,-2.764544997004795945e+00
1.738144444444444048e+00,-2.763134922422804785e+00
1.738538202247190911e+00,-2.761891091973154300e+00
1.738817777777777573e+00,-2.760059533109529006e+00
1.739210112359550697e+00,-2.759906377824895340e+00
1.739437078651685287e+00,-2.760422142140138480e+00
1.739661797752808825e+00,-2.760941371267552569e+00
1.739886516853932585e+00,-2.761316542824383102e+00
1.740387777777777423e+00,-2.759704820056797736e+00
1.740721111111110941e+00,-2.760263207796756380e+00
1.741113483146067509e+00,-2.760567082864005428e+00
1.741393333333333127e+00,-2.763056493850847062e+00
1.741726666666666867e+00,-2.763416883805280833e+00
1.741893406593407079e+00,-2.762998558869855348e+00
1.742332967032966806e+00,-2.761891645950213192e+00
1.742662637362637712e+00,-2.759774066762781697e+00
1.743102197802197662e+00,-2.754620894693818656e+00
1.743431868131868123e+00,-2.753597146656900918e+00
1.743761538461538807e+00,-2.751744877208953888e+00
1.744091208791208381e+00,-2.749105403770834677e+00
1.744424719101123733e+00,-2.749500884883359753e+00
1.744874157303370810e+00,-2.753331252995605549e+00
1.745210112359550481e+00,-2.754708427178181651e+00
1.745432584269662968e+00,-2.754453532877834121e+00
1.745824999999999738e+00,-2.751479070154973172e+00
1.746052272727272703e+00,-2.750267263948058094e+00
1.746393181818181484e+00,-2.751336320399702551e+00
1.746734090909090931e+00,-2.752703340840768398e+00
1.747188636363635972e+00,-2.753176322526318387e+00
1.747417045454545237e+00,-2.752378490903594432e+00
1.747757954545454684e+00,-2.750057190434355370e+00
1.747986363636363949e+00,-2.750432675066687871e+00
1.748214772727272992e+00,-2.751437673036002174e+00
1.748669318181818255e+00,-2.753577031043205281e+00
1.749065168539325699e+00,-2.754698654658327417e+00
1.749456818181818196e+00,-2.756474355324609604e+00
1.749739325842696536e+00,-2.755008455085666164e+00
1.749964044943820074e+00,-2.755389053296117829e+00
1.750470454545454579e+00,-2.759646462105930009e+00
1.750867415730337218e+00,-2.764021152420236938e+00
1.751206896551724013e+00,-2.763872321617035333e+00
1.751551724137931032e+00,-2.761849465209635035e+00
1.751839534883721239e+00,-2.761124453045214366e+00
1.752188372093023583e+00,-2.759412584463900142e+00
1.752481176470588320e+00,-2.758952949672259791e+00
1.752896428571428578e+00,-2.760936033112447952e+00
1.753372619047619096e+00,-2.762983552359028039e+00
1.753667058823529024e+00,-2.763145339622374408e+00
1.753961904761905055e+00,-2.764373118056589806e+00
1.754139999999999588e+00,-2.765101214273656183e+00
1.754612941176470153e+00,-2.763781450693159059e+00
1.754907142857143443e+00,-2.762414347815264293e+00
1.755322352941176334e+00,-2.759338936266400033e+00
1.755676470588235505e+00,-2.758522746246661494e+00
1.755910588235294112e+00,-2.759058771814394184e+00
1.756381176470588334e+00,-2.757488070669434244e+00
1.756796428571428592e+00,-2.754798009676226123e+00
1.757212941176470533e+00,-2.758064853789615078e+00
1.757801176470588089e+00,-2.762706289717922647e+00
1.758093023255813847e+00,-2.763544459590155711e+00
1.758325581395348891e+00,-2.764351097878317454e+00
1.758674418604651013e+00,-2.764166041327256629e+00
1.759139534883720657e+00,-2.764911188090563243e+00
1.759658620689655395e+00,-2.762177798461012745e+00
1.759940909090909056e+00,-2.762490068664861909e+00
1.760335955056179680e+00,-2.760911606781639271e+00
1.760622727272727506e+00,-2.759331588105259137e+00
1.760963636363636731e+00,-2.756360923585639444e+00
1.761309090909090935e+00,-2.755666245915240786e+00
1.761763636363636421e+00,-2.759096933909984006e+00
1.761989772727272863e+00,-2.758284676031811156e+00
1.762217045454545605e+00,-2.758890707983255197e+00
1.762498876404494430e+00,-2.758784565824349500e+00
1.762777777777777555e+00,-2.757538839158933719e+00
1.763058426966292336e+00,-2.757843944102341460e+00
1.763454545454545830e+00,-2.759824296747912964e+00
1.763795454545454611e+00,-2.761632940558699012e+00
1.764022727272727131e+00,-2.760998347474868275e+00
1.764137500000000136e+00,-2.760829051436066273e+00
1.764422988505746970e+00,-2.761676514433313301e+00
1.764767816091953989e+00,-2.762611757175136962e+00
1.765167045454545391e+00,-2.763236138715878365e+00
1.765507954545454616e+00,-2.763558047119492045e+00
1.765964444444444226e+00,-2.764224177528334714e+00
1.766243820224719263e+00,-2.765395242608489568e+00
1.766524444444444786e+00,-2.766202342099378875e+00
1.766968888888888589e+00,-2.763420618566122755e+00
1.767413333333333281e+00,-2.761267457967966799e+00
1.767746666666666577e+00,-2.758241799673353700e+00
1.768191111111111269e+00,-2.757159626154552790e+00
1.768524444444444566e+00,-2.758089228837193652e+00
1.768803370786516727e+00,-2.756869437744769336e+00
1.769540909090909331e+00,-2.758110009785719186e+00
1.769881818181818334e+00,-2.758331995208830101e+00
1.770222727272727559e+00,-2.760372340837507821e+00
1.770450000000000079e+00,-2.762903940073537790e+00
1.770789772727272782e+00,-2.764796385285571034e+00
1.771015909090909224e+00,-2.766110130190424066e+00
1.771353409090909103e+00,-2.765484035473410263e+00
1.771694318181818106e+00,-2.764589130778615456e+00
1.771921590909091071e+00,-2.765783872889161721e+00
1.772151136363636192e+00,-2.765032252215945618e+00
1.772381395348837207e+00,-2.764699086134526418e+00
1.772730232558139551e+00,-2.767824164699265843e+00
1.773018390804597777e+00,-2.767355505394543336e+00
1.773418181818181560e+00,-2.763725866098804218e+00
1.773816091954023122e+00,-2.763001526680550768e+00
1.774102222222222469e+00,-2.763245956072959864e+00
1.774325555555555933e+00,-2.761133484897428936e+00
1.774658888888888564e+00,-2.757719678413675712e+00
1.774992222222222304e+00,-2.756622381314220327e+00
1.775381318681318543e+00,-2.759616842177520901e+00
1.775713483146067473e+00,-2.759810584327834437e+00
1.776052808988764387e+00,-2.759722040241611829e+00
1.776448863636363562e+00,-2.758326028760710091e+00
1.777017045454545530e+00,-2.760435743728553604e+00
1.777528735632184054e+00,-2.760240304691874869e+00
1.777873563218390851e+00,-2.761060750977700984e+00
1.778218390804597870e+00,-2.760169763329607395e+00
1.778448275862068995e+00,-2.759120913804337771e+00
1.778738372093023212e+00,-2.757607863491100986e+00
1.779080681818181908e+00,-2.755268978651168599e+00
1.779535227272727615e+00,-2.754205349900991084e+00
1.779821839080459656e+00,-2.754236687684162632e+00
1.780111627906976191e+00,-2.755094056035582550e+00
1.780344186046511679e+00,-2.754618119932415787e+00
1.780806976744186310e+00,-2.751049746450812794e+00
1.781210344827586445e+00,-2.749413144378838325e+00
1.781555172413792576e+00,-2.749149618696606012e+00
1.781843023255813563e+00,-2.748436865892164072e+00
1.782072727272727475e+00,-2.747211534433793290e+00
1.782243820224719055e+00,-2.746325288915484997e+00
1.782693258426966354e+00,-2.744295433615511648e+00
1.783030337078651772e+00,-2.743001967985493117e+00
1.783423863636363738e+00,-2.743934961603041067e+00
1.783821348314606592e+00,-2.743609635822721771e+00
1.784158426966292010e+00,-2.741002647125622360e+00
1.784328409090908840e+00,-2.741226057534095872e+00
1.784728735632183927e+00,-2.742799509975456740e+00
1.785134883720929988e+00,-2.743076281036233688e+00
1.785541379310344734e+00,-2.741397185979257856e+00
1.785829069767441935e+00,-2.741621153950639211e+00
1.786118390804597444e+00,-2.741919273144467706e+00
1.786463218390804908e+00,-2.741538810653210589e+00
1.786922988505747378e+00,-2.740145504551257716e+00
1.787329069767441991e+00,-2.738834660262980059e+00
1.787618390804597501e+00,-2.739073284491326365e+00
1.787963218390804521e+00,-2.739170872747072494e+00
1.788252325581395574e+00,-2.738914435081664323e+00
1.788542528735632464e+00,-2.738194868349009603e+00
1.788887356321839039e+00,-2.737965940280057797e+00
1.789347126436781732e+00,-2.741487200645706501e+00
1.789806896551724202e+00,-2.742302870372417267e+00
1.790205681818181960e+00,-2.739816460952550159e+00
1.790378160919540163e+00,-2.740618605051214018e+00
1.790779545454545651e+00,-2.742237627644181330e+00
1.791124418604651547e+00,-2.742565192550496356e+00
1.791473255813953447e+00,-2.741643463286655091e+00
1.791764367816091941e+00,-2.741393125350236382e+00
1.792224137931033967e+00,-2.744585202668597290e+00
1.792454022988505313e+00,-2.746193830576714845e+00
1.792798850574712999e+00,-2.748284170107285984e+00
1.793205813953488326e+00,-2.750904092220010533e+00
1.793610344827586411e+00,-2.751463656224223620e+00
1.793901162790697557e+00,-2.751625414541366332e+00
1.794249999999999901e+00,-2.754113876493585522e+00
1.794421839080460046e+00,-2.755506987905354421e+00
1.794820454545454469e+00,-2.757822215190896653e+00
1.795101123595505666e+00,-2.760803407584148772e+00
1.795502325581395331e+00,-2.762327098560354521e+00
1.795794252873563757e+00,-2.763190859876732297e+00
1.796137647058823728e+00,-2.765563987032383153e+00
1.796432142857142811e+00,-2.767029551990306757e+00
1.796667073170731932e+00,-2.768346033460092670e+00
1.796845679012345265e+00,-2.769349150275932203e+00
1.797339506172839663e+00,-2.770219959828882139e+00
1.797708860759493765e+00,-2.771142094636617870e+00
1.797959493670886255e+00,-2.770263484778250351e+00
1.798205194805194918e+00,-2.772336161589092463e+00
1.798594805194805302e+00,-2.770726966417141668e+00
1.798917105263158067e+00,-2.768195417604524255e+00
1.799380519480519247e+00,-2.765930155881516583e+00
1.799703947368421098e+00,-2.766986363240319768e+00
1.800103947368421275e+00,-2.765890751377883205e+00
1.800570666666666986e+00,-2.765865848481416478e+00
1.801298684210525858e+00,-2.767562359228451729e+00
1.801959459459459012e+00,-2.767935527272350704e+00
1.802227777777777762e+00,-2.767758206167664436e+00
1.802852054794520376e+00,-2.767150467839705641e+00
1.803543661971831025e+00,-2.763288570788301257e+00
1.803963380281690565e+00,-2.763091847063959605e+00
1.804526760563380128e+00,-2.761765550793760404e+00
1.804742857142856982e+00,-2.760832984708574855e+00
1.805326470588235699e+00,-2.756885483789814018e+00
1.805818309859154924e+00,-2.757995589655930946e+00
1.806108695652173690e+00,-2.756502385028561264e+00
1.806329411764705739e+00,-2.755624907058323192e+00
1.806615714285713992e+00,-2.754662754395264201e+00
1.806901428571428436e+00,-2.752109809122031958e+00
1.807540579710145145e+00,-2.753278973195628865e+00
1.807757142857142840e+00,-2.754114682129551461e+00
1.808115942028985623e+00,-2.755088094012411393e+00
1.808337142857142865e+00,-2.754792988747961857e+00
1.808834782608695679e+00,-2.757072956618120685e+00
1.809414492753623316e+00,-2.758961758204893311e+00
1.809847826086956601e+00,-2.760857764583950047e+00
1.810208571428571389e+00,-2.760263842641902166e+00
1.810705633802816905e+00,-2.757521087359649847e+00
1.811482857142857172e+00,-2.754282055378224570e+00
1.811912857142857103e+00,-2.753166272032223638e+00
1.812338571428571576e+00,-2.753510148784395817e+00
1.812908571428571536e+00,-2.754567921048954204e+00
1.813557971014492676e+00,-2.756666486755244172e+00
1.813914285714285812e+00,-2.757904399984027144e+00
1.814563768115942111e+00,-2.757325639577324683e+00
1.814775714285714381e+00,-2.755325648039609554e+00
1.815137681159420202e+00,-2.755484527550163598e+00
1.815635714285714020e+00,-2.753210637802173011e+00
1.815985915492957847e+00,-2.752375848635259636e+00
1.816258904109588901e+00,-2.754594990751947137e+00
1.816606944444444594e+00,-2.753610975588258736e+00
1.817087671232876733e+00,-2.755891501888063644e+00
1.817554054054054458e+00,-2.750792682542766876e+00
1.817952631578947376e+00,-2.751849243931027367e+00
1.818348684210526311e+00,-2.753133071996047398e+00
1.818544155844155741e+00,-2.754798485206181091e+00
1.819001315789473994e+00,-2.753903058774709312e+00
1.819324675324675678e+00,-2.755455305188538873e+00
1.819913157894736955e+00,-2.755135484883608932e+00
1.820238961038961323e+00,-2.754980717041421112e+00
1.820564473684210371e+00,-2.754039655584393564e+00
1.820959210526315708e+00,-2.753703024133679289e+00
1.821548051948051805e+00,-2.750868641037780726e+00
1.821809090909090934e+00,-2.749592443297650846e+00
1.822132051282051135e+00,-2.747500909550412374e+00
1.822523076923076690e+00,-2.747086201008758000e+00
1.822715584415584233e+00,-2.746100081791703396e+00
1.823231645569620252e+00,-2.745977161631671493e+00
1.823678205128205221e+00,-2.746047424722938501e+00
1.824061538461538623e+00,-2.745994627654811282e+00
1.824384415584415553e+00,-2.749992013610935704e+00
1.824708974358974167e+00,-2.755685452238369137e+00
1.825031168831168893e+00,-2.758292770838436159e+00
1.825488157894736840e+00,-2.758213305116214986e+00
1.825814666666666808e+00,-2.756361126934015804e+00
1.826081333333333223e+00,-2.754496664955325524e+00
1.826414864864865040e+00,-2.752561333751671668e+00
1.826820270270269830e+00,-2.752954206343057653e+00
1.827298666666666849e+00,-2.757261745217907567e+00
1.827835616438356015e+00,-2.756164768265533915e+00
1.827972602739726060e+00,-2.754779481461713253e+00
1.828316666666666812e+00,-2.751311758869503521e+00
1.828590000000000160e+00,-2.751355008393770341e+00
1.829158571428571411e+00,-2.749261794836284523e+00
1.829727142857142663e+00,-2.749252917210892377e+00
1.830154411764705946e+00,-2.751492506849752662e+00
1.830376811594202735e+00,-2.753330211433869579e+00
1.831325757575757551e+00,-2.758230006169821280e+00
1.831468749999999979e+00,-2.759941647268346898e+00
1.831784374999999798e+00,-2.763077778888090918e+00
1.832409375000000118e+00,-2.761381040961326860e+00
1.832875000000000032e+00,-2.760403728319023031e+00
1.833736507936507998e+00,-2.758688482058445857e+00
1.834207692307692428e+00,-2.760161116025177108e+00
1.834823076923077112e+00,-2.756974214159061631e+00
1.835422388059701593e+00,-2.752488191793039718e+00
1.835867164179104449e+00,-2.752765150296538010e+00
1.836316417910447418e+00,-2.753381670524415181e+00
1.837119117647058708e+00,-2.760243235056730526e+00
1.837704411764705670e+00,-2.760234791819800027e+00
1.838063768115941965e+00,-2.763651058996998700e+00
1.838561428571428458e+00,-2.766130871867368946e+00
1.838833333333333542e+00,-2.766993417041104131e+00
1.839112499999999928e+00,-2.769557962270101648e+00
1.839524999999999855e+00,-2.772866926886843331e+00
1.839865753424657635e+00,-2.775429142100292346e+00
1.840337837837837442e+00,-2.777628775271797856e+00
1.840471621621621923e+00,-2.778576964755450796e+00
1.840872972972973143e+00,-2.777394962982377535e+00
1.841277027027027113e+00,-2.778576406228291162e+00
1.841672368421052752e+00,-2.781240139548464718e+00
1.841866233766233707e+00,-2.780963397415650462e+00
1.842124675324675165e+00,-2.781195497377311199e+00
1.842514285714285771e+00,-2.782828815304366099e+00
1.842774025974025953e+00,-2.783954200374369137e+00
1.843352564102564095e+00,-2.780669333777300523e+00
1.843797468354430258e+00,-2.781393477754348975e+00
1.844113749999999996e+00,-2.778891141846174140e+00
1.844613749999999941e+00,-2.779408369974104787e+00
1.844863749999999580e+00,-2.780086685401989222e+00
1.845434177215190097e+00,-2.782333467966624951e+00
1.845816455696202674e+00,-2.783325658500926281e+00
1.846133333333333404e+00,-2.784052355250338451e+00
1.846451898734177144e+00,-2.781548422625984784e+00
1.847023076923077101e+00,-2.781416663056418326e+00
1.847405128205128477e+00,-2.778684990083306161e+00
1.847794736842105268e+00,-2.776019461081659756e+00
1.848057894736842233e+00,-2.775683917806541334e+00
1.848321052631578754e+00,-2.775811488891685830e+00
1.848654545454545328e+00,-2.772455707603283859e+00
1.848916000000000448e+00,-2.770454113000228702e+00
1.849248684210526461e+00,-2.771060984782533154e+00
1.849577333333333407e+00,-2.771792921651525798e+00
1.850048648648648486e+00,-2.772111861084372464e+00
1.850449999999999928e+00,-2.772990473742018125e+00
1.850851351351351592e+00,-2.771349207760813727e+00
1.851256756756756605e+00,-2.770074306007903608e+00
1.851792105263157850e+00,-2.772344979667217046e+00
1.851992207792207301e+00,-2.772112321436736249e+00
1.852577631578947503e+00,-2.772892604551319362e+00
1.852974324324324407e+00,-2.776257621634256267e+00
1.853452054794520354e+00,-2.779178808426873371e+00
1.854136986301369916e+00,-2.781321374376743982e+00
1.854483333333333483e+00,-2.778533170866699820e+00
1.854835211267605644e+00,-2.778639695083005456e+00
1.855331428571428631e+00,-2.778949056451799571e+00
1.855823943661972120e+00,-2.777493277916644132e+00
1.856311111111111245e+00,-2.777804094460678996e+00
1.856660563380281737e+00,-2.777842240197499812e+00
1.856936986301369830e+00,-2.775730611672630133e+00
1.857419444444444290e+00,-2.775383356415976444e+00
1.857761643835616594e+00,-2.777490062597445242e+00
1.858432000000000306e+00,-2.778626441688418325e+00
1.858829333333333445e+00,-2.783322873428769384e+00
1.859027631578947126e+00,-2.785134363793087431e+00
1.859494666666666962e+00,-2.785716742123572232e+00
1.860032000000000352e+00,-2.781652591790101603e+00
1.860429333333333490e+00,-2.777158408517751198e+00
1.860759210526315321e+00,-2.773401821397456501e+00
1.861085714285714454e+00,-2.771307803457271568e+00
1.861475324675324616e+00,-2.769988386709893113e+00
1.861934210526315914e+00,-2.765579300765450554e+00
1.862258441558441557e+00,-2.763710908147332557e+00
1.862780519480519592e+00,-2.764001546726666536e+00
1.862973076923077009e+00,-2.762495502754549914e+00
1.863293670886075892e+00,-2.760423989848111770e+00
1.863484615384615406e+00,-2.758965121052053604e+00
1.864190909090908566e+00,-2.758309323129829238e+00
1.864574683544303779e+00,-2.760403558441902661e+00
1.864892499999999842e+00,-2.762624325788451962e+00
1.865207594936709068e+00,-2.762805050869949763e+00
1.865524358974358865e+00,-2.763870175470412249e+00
1.865844303797468351e+00,-2.763133734112995121e+00
1.866287179487179593e+00,-2.760289597753938118e+00
1.866609090909091107e+00,-2.761515960791920854e+00
1.866935526315789851e+00,-2.761613646030177005e+00
1.867327631578947322e+00,-2.761174762868864541e+00
1.867654545454545234e+00,-2.761907878163720742e+00
1.868238461538461070e+00,-2.763282039281333979e+00
1.868756410256410705e+00,-2.761280013630606156e+00
1.868949350649351304e+00,-2.760068695643616898e+00
1.869398717948718147e+00,-2.756984552957018941e+00
1.869717721518987519e+00,-2.756177860343121289e+00
1.870224050632911084e+00,-2.759186756726699219e+00
1.870669230769230973e+00,-2.761999322650321886e+00
1.870990909090908927e+00,-2.763285994025014958e+00
1.871567948717948848e+00,-2.763704280893669818e+00
1.872136708860759002e+00,-2.767086824159441960e+00
1.872451249999999678e+00,-2.765559830314771705e+00
1.872951249999999845e+00,-2.763632708834195650e+00
1.873137037037037045e+00,-2.762493768836483898e+00
1.873511111111111127e+00,-2.762934165171186063e+00
1.873697500000000016e+00,-2.762568722540618804e+00
1.874201250000000041e+00,-2.761001960279953149e+00
1.874641772151898422e+00,-2.758451249753679502e+00
1.874954999999999927e+00,-2.756233686415589190e+00
1.875205000000000011e+00,-2.755944350669895293e+00
1.875583749999999883e+00,-2.754435361466423871e+00
1.876022784810126298e+00,-2.755423869856749697e+00
1.876396296296296340e+00,-2.756934989822180881e+00
1.876639759036144550e+00,-2.757985094304414186e+00
1.876939285714285477e+00,-2.757766643409706120e+00
1.877296428571428644e+00,-2.757279846488318142e+00
1.877591764705882182e+00,-2.758317116615298659e+00
1.878062352941176183e+00,-2.757658746330866606e+00
1.878416470588235354e+00,-2.757355257506354462e+00
1.879009411764705817e+00,-2.756947837177643912e+00
1.879186904761904753e+00,-2.757065428367471149e+00
1.879485542168674250e+00,-2.758865712733134856e+00
1.879846987951807602e+00,-2.758312853840771073e+00
1.880450602409638350e+00,-2.760360830453569392e+00
1.880748809523809850e+00,-2.760606980516489450e+00
1.880985714285714483e+00,-2.760983544425737790e+00
1.881284337349397706e+00,-2.761413827018852629e+00
1.881587804878048775e+00,-2.761333713500616405e+00
1.881953658536585028e+00,-2.760223081916036492e+00
1.882258024691358278e+00,-2.761831782389039702e+00
1.882567499999999949e+00,-2.762746416664754179e+00
1.882817500000000255e+00,-2.763413861613080336e+00
1.883192499999999825e+00,-2.764598446965533363e+00
1.883504938271605145e+00,-2.762542753523411498e+00
1.883751851851851900e+00,-2.762614715632091489e+00
1.884370886075949159e+00,-2.765050705873629333e+00
1.884684615384615070e+00,-2.765397462763452552e+00
1.885006329113923407e+00,-2.765677831510297668e+00
1.885322500000000234e+00,-2.765174234595404457e+00
1.885635443037974701e+00,-2.765615926743296704e+00
1.886393670886076013e+00,-2.765884249527333694e+00
1.886773417721519186e+00,-2.764676973462082188e+00
1.887089743589743351e+00,-2.763807895043925100e+00
1.887730769230769434e+00,-2.763347702837104514e+00
1.888123684210526010e+00,-2.762464892483541767e+00
1.888515789473684148e+00,-2.762743401348715544e+00
1.889038157894736614e+00,-2.763380387705385299e+00
1.889300000000000201e+00,-2.765117486715087836e+00
1.889755844155843745e+00,-2.765884806426277542e+00
1.890337179487179498e+00,-2.769104028826753439e+00
1.890721794871794925e+00,-2.771572293060730274e+00
1.891113157894736885e+00,-2.774610050175604137e+00
1.891369230769230469e+00,-2.777724335331783756e+00
1.891625641025640903e+00,-2.779974680444985413e+00
1.892010256410256774e+00,-2.780308539935084422e+00
1.892456962025316436e+00,-2.780932686176068813e+00
1.892770000000000064e+00,-2.782802689607014379e+00
1.893271250000000183e+00,-2.784369068990840912e+00
1.893646250000000197e+00,-2.786561170093365902e+00
1.893955555555555392e+00,-2.787284051433512211e+00
1.894445679012345840e+00,-2.786438355614334839e+00
1.894808433734939568e+00,-2.784143174537731635e+00
1.895107142857143101e+00,-2.782223721440939990e+00
1.895287951807229199e+00,-2.781121382144109866e+00
1.895649397590360996e+00,-2.782077291832070642e+00
1.896069047619047598e+00,-2.781536600231754086e+00
1.896609638554216826e+00,-2.780353850614383227e+00
1.896971084337349289e+00,-2.780236908519806427e+00
1.897328235294117649e+00,-2.780712874897092846e+00
1.897627380952380705e+00,-2.782108507319006385e+00
1.897985714285714609e+00,-2.782101218147664312e+00
1.898281927710843364e+00,-2.780623952271739974e+00
1.898522891566264859e+00,-2.779596414612702127e+00
1.898942857142856822e+00,-2.779711612296006162e+00
1.899239999999999595e+00,-2.777920027170892148e+00
1.899475294117647373e+00,-2.778004880180380276e+00
1.899828235294118040e+00,-2.777882996625990142e+00
