# temperature (K),delta c55/c55 (1e-5)
1.300304687500000167e+00,-2.088924410798683517e+00
1.300860317460317495e+00,-2.095825077114220392e+00
1.301176190476190486e+00,-2.098862995795286679e+00
1.301790769230769307e+00,-2.095723690866874378e+00
1.302169696969696755e+00,-2.094850995501997826e+00
1.302692537313432597e+00,-2.094800413017024354e+00
1.303069696969696878e+00,-2.100066489737868913e+00
1.303591044776119423e+00,-2.100550349812647433e+00
1.304192537313432876e+00,-2.097729434630221768e+00
1.304492537313432843e+00,-2.096627643353964565e+00
1.304791044776119291e+00,-2.097712082736523875e+00
1.305018181818181855e+00,-2.098808986608629024e+00
1.305608571428571452e+00,-2.103745075511836315e+00
1.306189705882352836e+00,-2.102314255597654835e+00
1.306483823529412058e+00,-2.104168371020146644e+00
1.306704477611940529e+00,-2.104326077285655572e+00
1.307077941176470803e+00,-2.104646719273518318e+00
1.307672058823529548e+00,-2.107457752903449943e+00
1.308040298507462840e+00,-2.105913473625849353e+00
1.308413235294117571e+00,-2.108190850502014158e+00
1.308708823529411758e+00,-2.109607046032392574e+00
1.309225373134328407e+00,-2.116661275400279152e+00
1.310051515151515300e+00,-2.122952479401003067e+00
1.310279104477612089e+00,-2.117044340410526360e+00
1.310501515151515139e+00,-2.115018612487071348e+00
1.311032307692307608e+00,-2.113396510054017519e+00
1.311796923076922861e+00,-2.114175036530960394e+00
1.312413846153846153e+00,-2.118731431533796616e+00
1.312643939393939529e+00,-2.122288337089951238e+00
1.313178461538461628e+00,-2.127505362764944508e+00
1.313796923076923306e+00,-2.138623108689693630e+00
1.314185937500000012e+00,-2.143636796378668663e+00
1.314653124999999978e+00,-2.146212153913277021e+00
1.314884615384615429e+00,-2.146590610332149929e+00
1.315496923076923341e+00,-2.145374928932188396e+00
1.316404477611940127e+00,-2.141176278878901051e+00
1.316633333333333322e+00,-2.140586675678243456e+00
1.317007462686567543e+00,-2.142708950815125135e+00
1.317305970149253769e+00,-2.143043466930272700e+00
1.317901492537313368e+00,-2.141537219999162467e+00
1.318277272727272464e+00,-2.143482980345178923e+00
1.318725000000000147e+00,-2.145157065510566952e+00
1.319246268656716348e+00,-2.144726005569120630e+00
1.319758823529411762e+00,-2.141300552573894400e+00
1.320277611940298579e+00,-2.148079710973869627e+00
1.320573134328358433e+00,-2.152502678647410406e+00
1.320720289855072505e+00,-2.154439686100176221e+00
1.321011594202898376e+00,-2.157413822358462241e+00
1.321816176470588466e+00,-2.164695923364508001e+00
1.322105882352941464e+00,-2.163771977666757884e+00
1.322623188405797290e+00,-2.161756334877196206e+00
1.322989705882352984e+00,-2.159079520500070792e+00
1.323430882352941262e+00,-2.156998996467081930e+00
1.323944927536232052e+00,-2.163206781274539914e+00
1.324378260869565116e+00,-2.161487277450085287e+00
1.324739999999999807e+00,-2.161895471308793670e+00
1.325240579710144972e+00,-2.164231873985312582e+00
1.325820289855072165e+00,-2.164704852101960952e+00
1.326401449275361966e+00,-2.162630707532136487e+00
1.326617142857142939e+00,-2.161367531995935121e+00
1.326981159420289824e+00,-2.159689080775045955e+00
1.327492647058823749e+00,-2.159735048748788966e+00
1.327856521739130491e+00,-2.163064320204834967e+00
1.328437681159420292e+00,-2.167841622984709282e+00
1.328802941176470354e+00,-2.173543045787015515e+00
1.329097058823529354e+00,-2.178696480535096125e+00
1.329542647058823857e+00,-2.183063771810764386e+00
1.329911940298507567e+00,-2.184135640679409907e+00
1.330429411764705749e+00,-2.185974908863808075e+00
1.330650746268656759e+00,-2.185515958953936799e+00
1.331094202898550849e+00,-2.192333837625302984e+00
1.331676119402985359e+00,-2.194760838956491433e+00
1.332194117647058640e+00,-2.200754779153283991e+00
1.332635294117647140e+00,-2.206091000550191694e+00
1.333076470588235196e+00,-2.209005326022627003e+00
1.333369117647058788e+00,-2.208525165997430761e+00
1.334104411764705844e+00,-2.203191008586375510e+00
1.334544117647058714e+00,-2.205718880720992203e+00
1.335064179104477500e+00,-2.206769713431956603e+00
1.335435294117647054e+00,-2.209573132409313523e+00
1.336104477611940400e+00,-2.215193038504416734e+00
1.336399999999999810e+00,-2.219525653377085739e+00
1.336914705882352727e+00,-2.222833066824796866e+00
1.337276811594203085e+00,-2.228014673240094279e+00
1.337645588235294225e+00,-2.232154940715077807e+00
1.338086764705882281e+00,-2.234091561932506131e+00
1.338672058823529687e+00,-2.234626702257854980e+00
1.338888405797101333e+00,-2.234892478102265656e+00
1.339250000000000052e+00,-2.235662783565570244e+00
1.339832352941176419e+00,-2.243371276410135451e+00
1.340343478260869636e+00,-2.247408410614880836e+00
1.340559999999999974e+00,-2.248358009571267857e+00
1.340920289855072500e+00,-2.247422019362899537e+00
1.341286764705882373e+00,-2.248938251071393779e+00
1.341797101449275109e+00,-2.252422808429769052e+00
1.342233333333333389e+00,-2.251085334887402922e+00
1.342742647058823513e+00,-2.250305006479159431e+00
1.343108695652174056e+00,-2.251311761023885083e+00
1.343472058823529602e+00,-2.252548819666547075e+00
1.344130434782608852e+00,-2.259173416362123099e+00
1.344714492753622981e+00,-2.265100326973593425e+00
1.345001449275362360e+00,-2.264848530225296308e+00
1.345291304347826067e+00,-2.265617920294209497e+00
1.346018840579709996e+00,-2.272126695584889777e+00
1.346529411764705531e+00,-2.276226436325825997e+00
1.346895652173912827e+00,-2.278285031170461661e+00
1.347263235294117623e+00,-2.277403851353061448e+00
1.347628985507246524e+00,-2.279445523412968022e+00
1.348208695652174161e+00,-2.276389414030341563e+00
1.348786956521739189e+00,-2.276151509196317591e+00
1.349007352941176574e+00,-2.276645431170351230e+00
1.349371014492753540e+00,-2.277469290840804739e+00
1.349662318840579633e+00,-2.275382899328193709e+00
1.350313235294117620e+00,-2.273691743899433071e+00
1.350678260869565328e+00,-2.274981519908019223e+00
1.350895588235294209e+00,-2.274268861857438040e+00
1.351479411764705763e+00,-2.272478931541343616e+00
1.351922058823529671e+00,-2.272366475869863400e+00
1.352292537313432685e+00,-2.275113866533245321e+00
1.352669117647058661e+00,-2.275946453681926052e+00
1.352965151515151287e+00,-2.277287507684082613e+00
1.353346268656716367e+00,-2.280998383477027325e+00
1.354016666666666646e+00,-2.281158820426126610e+00
1.354622727272727367e+00,-2.278564975528438286e+00
1.354852307692307356e+00,-2.280477717580002839e+00
1.355233333333333290e+00,-2.284770208274245817e+00
1.356000000000000094e+00,-2.286885897984808125e+00
1.356392307692307897e+00,-2.289889121400888072e+00
1.356853846153846188e+00,-2.291765167012558724e+00
1.357545454545454389e+00,-2.291630246213712141e+00
1.358232307692307739e+00,-2.296563154884418090e+00
1.358621874999999868e+00,-2.298785452927911699e+00
1.359081818181818058e+00,-2.300167215985052582e+00
1.359466153846153880e+00,-2.299740683598940905e+00
1.359851562499999833e+00,-2.301499990443069521e+00
1.360463636363636653e+00,-2.305008569895376169e+00
1.361001538461538374e+00,-2.305973265393329363e+00
1.361383333333333390e+00,-2.305978555964903531e+00
1.361756716417910296e+00,-2.304371662092584483e+00
1.362279411764705905e+00,-2.302626692763743321e+00
1.362577941176470686e+00,-2.301292976991898165e+00
1.362950746268656754e+00,-2.300721835952761918e+00
1.363392537313432795e+00,-2.300521356867718303e+00
1.363766666666666794e+00,-2.300282047443810818e+00
1.364219696969697138e+00,-2.303537368853591616e+00
1.364756923076923201e+00,-2.309637917595860124e+00
1.365063076923076935e+00,-2.311008780523507777e+00
1.365445454545454851e+00,-2.311917809733821105e+00
1.365823076923076806e+00,-2.309162652941413096e+00
1.366051562500000038e+00,-2.308125655230014672e+00
1.366679687500000018e+00,-2.307828060154338168e+00
1.367071428571428715e+00,-2.310919772532023408e+00
1.367547540983606869e+00,-2.308249510750677302e+00
1.368199999999999861e+00,-2.311244221843974600e+00
1.368758064516129025e+00,-2.311984513961787169e+00
1.369326229508196935e+00,-2.314033190382692062e+00
1.369733870967741796e+00,-2.317563566006294096e+00
1.370384999999999964e+00,-2.313848751195521025e+00
1.370958730158730265e+00,-2.316869232297610548e+00
1.371694999999999887e+00,-2.326462900971222325e+00
1.372427868852459154e+00,-2.339884553247775223e+00
1.372904761904762072e+00,-2.344811282760449700e+00
1.373311290322580369e+00,-2.351977412366582865e+00
1.373709523809523603e+00,-2.356732951332746406e+00
1.374347619047619151e+00,-2.361943735248033249e+00
1.374731249999999960e+00,-2.364866307178962401e+00
1.375199999999999978e+00,-2.363937776709843952e+00
1.375670312500000048e+00,-2.366011730218891440e+00
1.375984374999999815e+00,-2.367219818178684765e+00
1.376437878787879043e+00,-2.370621897958725466e+00
1.376740909090909071e+00,-2.370310835140109873e+00
1.377046969696969825e+00,-2.369339243571766396e+00
1.377353030303030357e+00,-2.370167375286593714e+00
1.377807575757575620e+00,-2.374341109016167017e+00
1.378344615384615279e+00,-2.380123771784959708e+00
1.378880303030303178e+00,-2.386521807500458614e+00
1.379107462686567143e+00,-2.389665618065097696e+00
1.379707462686567077e+00,-2.395440795451727389e+00
1.380299999999999860e+00,-2.406786771906876066e+00
1.380744776119402939e+00,-2.416051789181453024e+00
1.381043283582089609e+00,-2.414708607959122233e+00
1.381640298507462727e+00,-2.414378488454431260e+00
1.382240298507462439e+00,-2.418509862129292642e+00
1.382768181818181841e+00,-2.424293708583218354e+00
1.383224242424242467e+00,-2.426321467775665930e+00
1.383531249999999879e+00,-2.428797110927943592e+00
1.383918461538461653e+00,-2.432807816666528566e+00
1.384536923076923109e+00,-2.440119275935723309e+00
1.384916666666666574e+00,-2.442689638913703831e+00
1.385216666666666763e+00,-2.442379335815199504e+00
1.385671212121212470e+00,-2.437157610474177893e+00
1.386204615384615479e+00,-2.436209068029424607e+00
1.386587878787878703e+00,-2.437771299652024659e+00
1.387113432835820781e+00,-2.440826558550811320e+00
1.387414925373134267e+00,-2.441509907834722881e+00
1.387865671641790977e+00,-2.442600107688424060e+00
1.388607462686567429e+00,-2.440573353040248250e+00
1.389052238805970063e+00,-2.438586050850774178e+00
1.389350746268656733e+00,-2.440853717980252302e+00
1.389727272727272700e+00,-2.439033659869460191e+00
1.390261538461538438e+00,-2.437835685318269885e+00
1.390798484848484895e+00,-2.437439436925533442e+00
1.391179999999999861e+00,-2.442861777895998010e+00
1.391713636363636653e+00,-2.443936510135379603e+00
1.391944615384615336e+00,-2.442408011478113483e+00
1.392710769230769197e+00,-2.432394957088399146e+00
1.393089393939394016e+00,-2.425663301848821618e+00
1.393242424242424393e+00,-2.426399421884739116e+00
1.393546969696969562e+00,-2.424232021473697429e+00
1.394151515151515364e+00,-2.423101784063279140e+00
1.394840000000000080e+00,-2.420694422940876223e+00
1.395306153846153974e+00,-2.423987514649747155e+00
1.395615384615384702e+00,-2.427067160566199533e+00
1.396154687500000158e+00,-2.430764480828125684e+00
1.396618181818181981e+00,-2.436174597096250949e+00
1.397230303030303045e+00,-2.443903452766277073e+00
1.397533333333333294e+00,-2.445075690374548749e+00
1.397984848484848719e+00,-2.446039283357043459e+00
1.398823076923076947e+00,-2.450401886751158109e+00
1.399130769230769289e+00,-2.454529374752593807e+00
1.399585074626865655e+00,-2.455174464861338723e+00
1.400038805970149181e+00,-2.458690911517732669e+00
1.400629850746268446e+00,-2.462400319758794254e+00
1.401074626865671746e+00,-2.464981294627603958e+00
1.401444117647058896e+00,-2.465406610621613481e+00
1.401885294117646952e+00,-2.468341829711922397e+00
1.402177941176470322e+00,-2.470463698621526927e+00
1.402697014925373242e+00,-2.480846788228711297e+00
1.403210294117647194e+00,-2.491876866052896933e+00
1.403501470588235378e+00,-2.493454804879970066e+00
1.403789705882353189e+00,-2.496061344907610113e+00
1.404305970149253957e+00,-2.496927201014543130e+00
1.404747761194029776e+00,-2.500040958856370565e+00
1.404895522388059481e+00,-2.502649023551404284e+00
1.405343283582089597e+00,-2.504340782373256413e+00
1.405789552238806195e+00,-2.509392124102071797e+00
1.406235820895522570e+00,-2.509523670362713510e+00
1.406686567164179280e+00,-2.508001991597428315e+00
1.407137313432835768e+00,-2.515942878133508920e+00
1.407590769230769423e+00,-2.522602254706034941e+00
1.407898461538461543e+00,-2.527779047180136907e+00
1.408437878787878850e+00,-2.531408916106292484e+00
1.409119999999999928e+00,-2.533425393872214215e+00
1.409507575757575903e+00,-2.536419544113356572e+00
1.410353846153846291e+00,-2.540854872109891360e+00
1.410737500000000200e+00,-2.541561445478596859e+00
1.411280000000000090e+00,-2.540773525797153098e+00
1.411752380952380648e+00,-2.541915026623137841e+00
1.412145312499999861e+00,-2.542710164628601444e+00
1.412695238095238226e+00,-2.540821115862845314e+00
1.413401562499999820e+00,-2.538339037033112255e+00
1.413714062499999979e+00,-2.540019885989299731e+00
1.414101538461538299e+00,-2.540889751414006525e+00
1.414716923076923205e+00,-2.545074647921005351e+00
1.415092424242424318e+00,-2.544715443811972122e+00
1.415313432835821006e+00,-2.544399409259397338e+00
1.415911940298507199e+00,-2.546453285906328023e+00
1.416279411764705953e+00,-2.546312652379407737e+00
1.416933333333333600e+00,-2.548833651786560406e+00
1.417447058823529282e+00,-2.543099744698114506e+00
1.417741176470588060e+00,-2.540768571850100521e+00
1.417959420289855110e+00,-2.541301552654950058e+00
1.418607142857142733e+00,-2.544475821642506297e+00
1.419038571428571371e+00,-2.547121941427428204e+00
1.419468571428571524e+00,-2.550545095906909587e+00
1.419752857142857261e+00,-2.552223699782936173e+00
1.420179999999999998e+00,-2.550537186410765322e+00
1.420684057971014491e+00,-2.548306769098153346e+00
1.421042857142857274e+00,-2.550490183379332088e+00
1.421259420289854969e+00,-2.550337988055131788e+00
1.421547826086956290e+00,-2.551439885894549953e+00
1.422055714285714423e+00,-2.557997063108636393e+00
1.422628571428571576e+00,-2.565188426636906271e+00
1.423131884057970975e+00,-2.569477589998411027e+00
1.423349999999999893e+00,-2.570105106321822763e+00
1.423707246376811453e+00,-2.570021658870960568e+00
1.424140579710144960e+00,-2.571327519829974761e+00
1.424648529411764564e+00,-2.573752287874522260e+00
1.425163768115942142e+00,-2.573069264941034717e+00
1.425595652173913042e+00,-2.569760524646897970e+00
1.426105882352941112e+00,-2.574317101851578471e+00
1.426700000000000301e+00,-2.579153395782379121e+00
1.427074626865671769e+00,-2.580175729925657802e+00
1.427447058823529513e+00,-2.578089171302742955e+00
1.427891176470588386e+00,-2.575103370865140739e+00
1.428336363636363737e+00,-2.575218301085278938e+00
1.429011940298507533e+00,-2.575606343495248751e+00
1.429387878787878430e+00,-2.572816006863401839e+00
1.429842424242424581e+00,-2.571520796109306950e+00
1.430217910447761254e+00,-2.570873252257696695e+00
1.430667164179104445e+00,-2.574310325170772629e+00
1.431185294117647278e+00,-2.577851259908634951e+00
1.431622058823529331e+00,-2.584838472677764454e+00
1.431984057971014579e+00,-2.587880918445412348e+00
1.432635714285714013e+00,-2.589634478217574198e+00
1.432997101449275279e+00,-2.593011998311355537e+00
1.433576811594203138e+00,-2.596843002735910844e+00
1.433865217391304459e+00,-2.600666227313453316e+00
1.434301449275362517e+00,-2.606443514272248407e+00
1.434734782608695580e+00,-2.607467079408741562e+00
1.435171014492753416e+00,-2.611101677252541275e+00
1.435536764705882318e+00,-2.617908266196180556e+00
1.435901449275362340e+00,-2.618844404774886669e+00
1.436336231884058012e+00,-2.617595437957782600e+00
1.436624637681159333e+00,-2.617304822689669130e+00
1.437060869565217391e+00,-2.622278080419015112e+00
1.437424285714285821e+00,-2.624610514578822773e+00
1.437858823529411856e+00,-2.632688635944650191e+00
1.438227536231884152e+00,-2.635580880168531870e+00
1.438883823529411687e+00,-2.637837477796542096e+00
1.439104477611940158e+00,-2.641204624617318419e+00
1.439628787878787897e+00,-2.648173653019073370e+00
1.439852307692307543e+00,-2.652039025270198191e+00
1.440469230769230835e+00,-2.659169526494437275e+00
1.440854687500000120e+00,-2.658978134434921259e+00
1.441323437499999915e+00,-2.654665435689840258e+00
1.441948437500000013e+00,-2.650630633702310668e+00
1.442342857142857371e+00,-2.653358291324718898e+00
1.442979365079365195e+00,-2.650273702627198524e+00
1.443611111111111178e+00,-2.646744407748128580e+00
1.443846874999999974e+00,-2.648199841148779488e+00
1.444790624999999995e+00,-2.650473196732324510e+00
1.445338095238095422e+00,-2.656108436826887242e+00
1.445728125000000031e+00,-2.655022010782521313e+00
1.446206451612903399e+00,-2.661878356433111659e+00
1.446765079365079254e+00,-2.670008442128404713e+00
1.447084126984127028e+00,-2.672716911160311959e+00
1.447725396825396693e+00,-2.678260289288770579e+00
1.447884126984126940e+00,-2.679953629657168435e+00
1.448358730158730179e+00,-2.678964691186318525e+00
1.448995238095238225e+00,-2.679222583225390864e+00
1.449461538461538579e+00,-2.679064313880032522e+00
1.449687878787878859e+00,-2.680938146885829099e+00
1.450143939393939263e+00,-2.687158305162856031e+00
1.450589705882353142e+00,-2.693725609493901274e+00
1.451253731343283393e+00,-2.697670482381871793e+00
1.451622058823529571e+00,-2.696948664893497494e+00
1.452141791044776253e+00,-2.698603769133263164e+00
1.452508823529411908e+00,-2.698680013123666122e+00
1.453100000000000058e+00,-2.705551626545767974e+00
1.453692647058823617e+00,-2.714551111964507157e+00
1.453988235294117359e+00,-2.717356300597375984e+00
1.454285294117646954e+00,-2.720532569923229893e+00
1.454801492537313612e+00,-2.725729497038740234e+00
1.455247761194029765e+00,-2.726466654057812633e+00
1.455544776119403139e+00,-2.729590861119560063e+00
1.455844776119402884e+00,-2.731472861867857205e+00
1.456217647058823506e+00,-2.731711073751685870e+00
1.456808823529411656e+00,-2.733759136831243275e+00
1.457176119402985082e+00,-2.733564997139712460e+00
1.457549999999999901e+00,-2.733019041406685723e+00
1.458068656716418054e+00,-2.736743491460703837e+00
1.458294117647058741e+00,-2.738944594398697863e+00
1.459029411764705797e+00,-2.745198374726111723e+00
1.459398507462686734e+00,-2.746497522455941809e+00
1.459772058823529450e+00,-2.740417754099667480e+00
1.460366176470588195e+00,-2.730702801250779466e+00
1.461035820895522308e+00,-2.730363494847819261e+00
1.461552941176470499e+00,-2.735605069973201076e+00
1.461847058823529277e+00,-2.741570243359669590e+00
1.462436764705882464e+00,-2.748562237861755797e+00
1.462877941176470742e+00,-2.748413400483977309e+00
1.463395522388059922e+00,-2.748194795547191482e+00
1.463767647058823673e+00,-2.748603336840043987e+00
1.463994029850746337e+00,-2.747328205680192426e+00
1.464589552238805936e+00,-2.745109160748150146e+00
1.465110294117647038e+00,-2.748576476258596024e+00
1.465335820895522279e+00,-2.749025945454017794e+00
1.465708823529411786e+00,-2.748932459963605801e+00
1.466005882352941381e+00,-2.751095230556732218e+00
1.466517391304347884e+00,-2.750257872720009988e+00
1.467030882352940990e+00,-2.749473850043905543e+00
1.467392753623188328e+00,-2.751737850499977434e+00
1.467751470588235074e+00,-2.755200927648099984e+00
1.468191176470588166e+00,-2.759383071985139324e+00
1.468855223880597194e+00,-2.766975339074978280e+00
1.469153731343283642e+00,-2.770473973938831769e+00
1.469525757575757430e+00,-2.778419771149038375e+00
1.470130303030302787e+00,-2.792064969671677055e+00
1.470509230769230902e+00,-2.796018314873457200e+00
1.471124615384615586e+00,-2.803214949193956862e+00
1.471432307692307706e+00,-2.806172724748737579e+00
1.471893846153846219e+00,-2.803641496334602579e+00
1.472201538461538339e+00,-2.805281421453664770e+00
1.472967692307692422e+00,-2.810506696733536813e+00
1.473498484848484669e+00,-2.814348368495407371e+00
1.473804545454545423e+00,-2.812441176424890887e+00
1.474338461538461598e+00,-2.814375195361145110e+00
1.475027272727272631e+00,-2.815605854351796999e+00
1.475402985074626860e+00,-2.818447124951009464e+00
1.475922058823529781e+00,-2.823341011858479188e+00
1.476295522388059611e+00,-2.826514322241878041e+00
1.476827272727272877e+00,-2.829642457249537557e+00
1.477349253731343293e+00,-2.828866208667903948e+00
1.477795522388059668e+00,-2.833247420248635962e+00
1.478161764705882231e+00,-2.833726957454492101e+00
1.478523188405796995e+00,-2.833096289235256471e+00
1.479247826086956596e+00,-2.827129421498199680e+00
1.479537681159420304e+00,-2.827625671567044918e+00
1.479890277777777818e+00,-2.825864538085244959e+00
1.480243661971830882e+00,-2.827025442092411467e+00
1.480526760563380506e+00,-2.828057904919311749e+00
1.481025714285714612e+00,-2.826535276630297133e+00
1.481388405797101626e+00,-2.828741525876659502e+00
1.481821739130434912e+00,-2.833659043866614269e+00
1.482111594202898619e+00,-2.835069522330474712e+00
1.482546376811593847e+00,-2.835721393516653421e+00
1.482981159420289519e+00,-2.836503798552418854e+00
1.483415942028985413e+00,-2.838024062250398494e+00
1.483704347826086734e+00,-2.841744711251077415e+00
1.484137681159420019e+00,-2.845634108541117868e+00
1.484499999999999931e+00,-2.846408094785803033e+00
1.485072857142857305e+00,-2.846631042486505780e+00
1.485578260869565126e+00,-2.847839663009902544e+00
1.486166666666666636e+00,-2.850191424713170996e+00
1.486457971014492729e+00,-2.851939131379737535e+00
1.487038805970149147e+00,-2.860356727099404139e+00
1.487412121212120963e+00,-2.862234520409910221e+00
1.487866666666666671e+00,-2.865909997834824363e+00
1.488322727272727297e+00,-2.867618722450337554e+00
1.488852307692307475e+00,-2.871948547687188213e+00
1.489381818181818140e+00,-2.871725620097469012e+00
1.489763076923076746e+00,-2.876016022660321525e+00
1.490070769230769310e+00,-2.878173294732293996e+00
1.490604545454545571e+00,-2.878732678220156771e+00
1.491128358208955396e+00,-2.879859999563968209e+00
1.491574626865671549e+00,-2.879253319915494380e+00
1.491874626865671516e+00,-2.879753295432081472e+00
1.492549999999999821e+00,-2.885524441114713845e+00
1.493146969696969695e+00,-2.887761640721251410e+00
1.493448484848484803e+00,-2.887816418012183028e+00
1.493898484848484864e+00,-2.889323307939782648e+00
1.494199999999999973e+00,-2.893754423087932182e+00
1.494732307692307804e+00,-2.898647563952823081e+00
1.495273437500000080e+00,-2.905921013160867261e+00
1.495731818181818440e+00,-2.910773809920225830e+00
1.496029411764705941e+00,-2.911089215899481886e+00
1.496555223880597030e+00,-2.914753650259287010e+00
1.497156716417910483e+00,-2.913295175771494883e+00
1.497456716417910227e+00,-2.912368032820941366e+00
1.497826470588234926e+00,-2.910387110555340051e+00
1.498267647058823426e+00,-2.910539337364593582e+00
1.498714705882352893e+00,-2.912643924485002422e+00
1.499382089552238950e+00,-2.921561557564703371e+00
1.499828358208955548e+00,-2.927981309245281771e+00
1.500201515151515119e+00,-2.932310329174164565e+00
1.500506060606060732e+00,-2.936143378336585119e+00
1.500886153846153759e+00,-2.937845639606265102e+00
1.501347692307692272e+00,-2.942637847159254250e+00
1.501807692307692399e+00,-2.950810409157072378e+00
1.502264615384615309e+00,-2.952266175718561314e+00
1.502651562500000093e+00,-2.955356569886663287e+00
1.503121875000000163e+00,-2.961994059186339179e+00
1.503592187500000010e+00,-2.967328593736150211e+00
1.503825396825396954e+00,-2.967632682329229610e+00
1.504296825396825632e+00,-2.966545119475238135e+00
1.504848387096774376e+00,-2.965764841712841271e+00
1.505408196721311542e+00,-2.961550817378820533e+00
1.506140322580645341e+00,-2.957592674188230575e+00
1.506464516129032427e+00,-2.951504671989624740e+00
1.507190476190476414e+00,-2.953664520114464676e+00
1.507754838709677303e+00,-2.965510562268637074e+00
1.508314285714285718e+00,-2.975543389519707205e+00
1.508716129032258380e+00,-2.979017993380205009e+00
1.509359677419355172e+00,-2.975656645116287358e+00
1.510001612903226098e+00,-2.965499572818245611e+00
1.510558730158730212e+00,-2.955090781889981422e+00
1.510950000000000237e+00,-2.954973817390126101e+00
1.511338461538461519e+00,-2.955986243582068962e+00
1.511885937499999999e+00,-2.951965057742039100e+00
1.512198437499999937e+00,-2.952778422619334542e+00
1.512584615384615416e+00,-2.951297085792216279e+00
1.513046153846153929e+00,-2.950434410626875614e+00
1.513503076923076840e+00,-2.949502225978722247e+00
1.513880303030302965e+00,-2.953688744162719537e+00
1.514404477611940081e+00,-2.956434522636345541e+00
1.514695652173912999e+00,-2.961237187055172804e+00
1.515279710144927794e+00,-2.969049772146574284e+00
1.515569565217391279e+00,-2.973019465451575361e+00
1.516079411764705842e+00,-2.981696518982767330e+00
1.516376470588235215e+00,-2.985271234863905221e+00
1.516749253731343394e+00,-2.991818194911604945e+00
1.517346268656716290e+00,-2.991365804708173037e+00
1.517794029850746185e+00,-2.989332440561526916e+00
1.518095384615384624e+00,-2.988506874253337386e+00
1.518477272727272620e+00,-2.986593171236068045e+00
1.518933333333333024e+00,-2.991208779337127588e+00
1.519462686567164100e+00,-2.996742687123900239e+00
1.519836363636363652e+00,-3.005668539896102498e+00
1.520290909090909137e+00,-3.018182334651723586e+00
1.520670769230769270e+00,-3.023552976520714974e+00
1.521429850746268686e+00,-3.024277575098961002e+00
1.521953030303030197e+00,-3.027736332437818145e+00
1.522254545454545527e+00,-3.028258748576504900e+00
1.522776119402985184e+00,-3.033220958055935501e+00
1.523303030303030159e+00,-3.040111731955333241e+00
1.523902941176470627e+00,-3.040644859505916120e+00
1.524347058823529499e+00,-3.041934692197473922e+00
1.524653030303030343e+00,-3.040644579005467918e+00
1.525328358208955182e+00,-3.041622835109619061e+00
1.525776119402984854e+00,-3.044105587094699139e+00
1.526225373134328489e+00,-3.041844310941926199e+00
1.526376119402985232e+00,-3.043449369041665520e+00
1.526679104477612015e+00,-3.047187066945248102e+00
1.527286153846153960e+00,-3.056005646844093704e+00
1.527591044776119400e+00,-3.062256826943947186e+00
1.528116176470588172e+00,-3.066451773935227720e+00
1.528488059701492485e+00,-3.071440185759775066e+00
1.528783582089552340e+00,-3.073554790147050575e+00
1.529526865671641866e+00,-3.078065042032014809e+00
1.529826865671641833e+00,-3.075487021420641121e+00
1.530123880597014985e+00,-3.074798886687328370e+00
1.530568656716418063e+00,-3.073974537121809014e+00
1.531240909090908930e+00,-3.077457812654756708e+00
1.531776923076923147e+00,-3.079786904714185258e+00
1.532162500000000094e+00,-3.084796971943906563e+00
1.532553968253968169e+00,-3.086444818411727020e+00
1.532869841269841160e+00,-3.086656699158131900e+00
1.533424193548386771e+00,-3.093496583502906905e+00
1.533909677419354800e+00,-3.092434843953052681e+00
1.534315873015873244e+00,-3.094140611772243421e+00
1.534877419354838457e+00,-3.097437180072799112e+00
1.535522580645161339e+00,-3.097409585929665088e+00
1.535931147540983366e+00,-3.104184754110936417e+00
1.536262295081967322e+00,-3.106548296449980651e+00
1.536912698412698619e+00,-3.106655002574450375e+00
1.537555737704917824e+00,-3.101527538059309030e+00
1.538135000000000030e+00,-3.103536456429569768e+00
1.538636666666666430e+00,-3.105767126871208372e+00
1.539057627118644023e+00,-3.105952500006550210e+00
1.539719672131147687e+00,-3.109495722757570135e+00
1.540133333333333354e+00,-3.113573448778368835e+00
1.540386440677966151e+00,-3.115394395207371048e+00
1.541380327868852262e+00,-3.124316875331305088e+00
1.541873770491803297e+00,-3.129155185558524011e+00
1.542264062500000144e+00,-3.131987360957432909e+00
1.542661904761904568e+00,-3.135059365740318960e+00
1.543356060606060787e+00,-3.136620654708035971e+00
1.543743076923076885e+00,-3.135814284130638896e+00
1.544356923076923183e+00,-3.139272487150270408e+00
1.544510769230769132e+00,-3.141991932666206022e+00
1.545040909090909187e+00,-3.149718665574176679e+00
1.545732307692307739e+00,-3.157929617801470634e+00
1.546031343283582160e+00,-3.161144965129314421e+00
1.546476119402985017e+00,-3.164968699422078924e+00
1.546842647058823461e+00,-3.166741538967206004e+00
1.547136764705882461e+00,-3.168541165220402078e+00
1.547723529411764831e+00,-3.171586452461106376e+00
1.547943478260869421e+00,-3.173322581230197059e+00
1.548307142857142660e+00,-3.178370775409883553e+00
1.548668115942028800e+00,-3.183354519978232045e+00
1.549244927536231886e+00,-3.193471380112926639e+00
1.549610294117646836e+00,-3.197865909007290508e+00
1.549907352941176653e+00,-3.198823849612538961e+00
1.550414492753623419e+00,-3.200181749849367208e+00
1.550777941176470831e+00,-3.204090190775282565e+00
1.551216176470588071e+00,-3.210393528172171607e+00
1.551655882352941163e+00,-3.213583330436692087e+00
1.552176119402985055e+00,-3.217063171052084503e+00
1.552692647058823372e+00,-3.212065652850505160e+00
1.553066153846153874e+00,-3.216758175998744917e+00
1.553592647058823495e+00,-3.220523270719560127e+00
1.553964179104477594e+00,-3.224958669764093955e+00
1.554487878787878641e+00,-3.225639868082064154e+00
1.555093939393939362e+00,-3.225289480547857135e+00
1.555245454545454376e+00,-3.225575367507742097e+00
1.556000000000000272e+00,-3.228096958321341248e+00
1.556523880597014964e+00,-3.230097994246055926e+00
1.556971641791044636e+00,-3.233714306722867970e+00
1.557420895522388049e+00,-3.237249900595001506e+00
1.557791176470588512e+00,-3.238259925281922413e+00
1.558386363636363514e+00,-3.240815893106595791e+00
1.558537878787878528e+00,-3.241050371918429374e+00
1.558995312500000008e+00,-3.240017547450499968e+00
1.559543076923076921e+00,-3.238133299051551006e+00
1.559925757575757466e+00,-3.240049254346954566e+00
1.560537878787878752e+00,-3.245066910787200776e+00
1.560839393939393860e+00,-3.247298140477520079e+00
1.561223076923077047e+00,-3.251154983529944253e+00
1.561606060606060664e+00,-3.252527406429740253e+00
1.562066666666666492e+00,-3.256167736857578987e+00
1.562373437500000017e+00,-3.260046139068262239e+00
1.562766153846153694e+00,-3.265504760626484870e+00
1.563609374999999968e+00,-3.273328938538115462e+00
1.564381250000000056e+00,-3.276497348245968499e+00
1.564613846153846133e+00,-3.279594650881922480e+00
1.565080000000000027e+00,-3.284793966695815914e+00
1.565387692307692369e+00,-3.284698539149375929e+00
1.566084374999999973e+00,-3.287111596025497295e+00
1.566551562499999939e+00,-3.288681751210403181e+00
1.567107936507936783e+00,-3.288497422024853734e+00
1.567815624999999935e+00,-3.293620000934713410e+00
1.568287499999999834e+00,-3.293764482672193239e+00
1.568587878787878864e+00,-3.295809498515195557e+00
1.568890909090908892e+00,-3.298658995196570132e+00
1.569264179104477686e+00,-3.304541887765901631e+00
1.569929411764705796e+00,-3.314402568938334070e+00
1.570302985074626623e+00,-3.314716472018529814e+00
1.570831818181818162e+00,-3.317705576292977021e+00
1.571204477611940264e+00,-3.318844486548945483e+00
1.571795522388059974e+00,-3.322349877704437571e+00
1.572163235294117722e+00,-3.322562427287271802e+00
1.572526086956521851e+00,-3.321723665525510683e+00
1.572884285714285735e+00,-3.321286823287234569e+00
1.573176470588235176e+00,-3.321204078493482204e+00
1.573686956521739067e+00,-3.321720444252799886e+00
1.574332857142856978e+00,-3.326498727594726645e+00
1.574617142857142937e+00,-3.329818542792384317e+00
1.574971830985915311e+00,-3.328817471612936618e+00
1.575472857142856897e+00,-3.335106231821727718e+00
1.575899999999999856e+00,-3.340218245359897420e+00
1.576260869565217382e+00,-3.343014289282478568e+00
1.576692753623188503e+00,-3.346063805576507733e+00
1.576910294117647160e+00,-3.348840565351310250e+00
1.577420289855072655e+00,-3.349546891361350642e+00
1.578139130434782489e+00,-3.348938356655702719e+00
1.578499999999999792e+00,-3.349420345883802774e+00
1.578788571428571430e+00,-3.353054906587614958e+00
1.579145070422535158e+00,-3.354746152594858977e+00
1.579642857142857126e+00,-3.352270150466726939e+00
1.580142253521126472e+00,-3.352462867648593026e+00
1.580498571428571308e+00,-3.352113842571285751e+00
1.581002898550724733e+00,-3.348464042290591802e+00
1.581439130434782347e+00,-3.352654470446441604e+00
1.582163768115942171e+00,-3.363290602706263233e+00
1.582455072463768486e+00,-3.366159716497964638e+00
1.582675000000000054e+00,-3.368511962776540081e+00
1.583040579710144780e+00,-3.371399410471241254e+00
1.583478260869565224e+00,-3.374998674075701643e+00
1.584064179104477832e+00,-3.378073876626677574e+00
1.584436363636363643e+00,-3.377800264944036179e+00
1.584810447761193952e+00,-3.381979925050008440e+00
1.585033333333333294e+00,-3.386142366316184926e+00
1.585643750000000018e+00,-3.385036816517652092e+00
1.586184615384615526e+00,-3.377567093271129472e+00
1.586492307692307868e+00,-3.379409270568282331e+00
1.586801492537313507e+00,-3.381920273964517776e+00
1.587330303030302980e+00,-3.385608877565180475e+00
1.588015384615384606e+00,-3.396027183475300859e+00
1.588478461538461728e+00,-3.396730748356069807e+00
1.588865624999999948e+00,-3.397383529208663600e+00
1.589485937500000112e+00,-3.401141104552450223e+00
1.589956249999999960e+00,-3.400804660329820095e+00
1.590737878787878756e+00,-3.404921781876300457e+00
1.591204687499999881e+00,-3.409183634891197912e+00
1.591670312500000239e+00,-3.405641820956331500e+00
1.592139062500000035e+00,-3.402705656816483959e+00
1.592610937499999935e+00,-3.400680491379801218e+00
1.592925000000000146e+00,-3.400102598676661092e+00
1.593319047619047524e+00,-3.403834181160776851e+00
1.593879032258064488e+00,-3.405131854212659626e+00
1.594203225806452018e+00,-3.407968722519966409e+00
1.594770491803279011e+00,-3.409633386664336907e+00
1.595093650793650841e+00,-3.412149622224553980e+00
1.595407692307692304e+00,-3.411247339480129259e+00
1.595945312500000046e+00,-3.417444739065115478e+00
1.596635820895522251e+00,-3.427452637526498869e+00
1.597012121212121105e+00,-3.427739471151107331e+00
1.597469696969697095e+00,-3.432339090841112217e+00
1.598004615384615690e+00,-3.428486566024425919e+00
1.598778461538461482e+00,-3.436349532223014869e+00
1.599167187499999976e+00,-3.436857999943963904e+00
1.599556923076923320e+00,-3.439930592658908992e+00
1.600173846153845947e+00,-3.448603586216413497e+00
1.600556060606060482e+00,-3.455302885832795212e+00
1.600940000000000030e+00,-3.457899414958069517e+00
1.601331249999999873e+00,-3.462453357282746502e+00
1.601563076923076867e+00,-3.465819601649574810e+00
1.602181538461538324e+00,-3.468376560060376423e+00
1.602644615384615445e+00,-3.471119170834743528e+00
1.603104615384615572e+00,-3.474687079486827201e+00
1.603483333333333372e+00,-3.474943924294783937e+00
1.604076470588235104e+00,-3.478625433703972369e+00
1.604514705882352787e+00,-3.482755342463339510e+00
1.604879710144927696e+00,-3.483792941910250018e+00
1.605245588235294063e+00,-3.482843199089242781e+00
1.605686764705882341e+00,-3.484854546858676905e+00
1.606419117647058803e+00,-3.489074853371429974e+00
1.606869696969696948e+00,-3.493931854711006757e+00
1.607174242424242117e+00,-3.497856199067114424e+00
1.607553846153846111e+00,-3.499077359295671208e+00
1.608013846153846238e+00,-3.504097463699504367e+00
1.608546969696969864e+00,-3.501561146689542436e+00
1.608850000000000335e+00,-3.500715705964578817e+00
1.609076923076922849e+00,-3.501322721840356422e+00
1.609538461538461362e+00,-3.499054780473543680e+00
1.610222727272727195e+00,-3.501480204951372244e+00
1.610607692307692407e+00,-3.502454072011674580e+00
1.610839393939393904e+00,-3.503967105517401759e+00
1.611369230769230887e+00,-3.506317966257172181e+00
1.612125373134328576e+00,-3.520775957846244530e+00
1.612646969696970078e+00,-3.527773620001843469e+00
1.613103030303030261e+00,-3.527621689107018454e+00
1.613332307692307843e+00,-3.528554892187821146e+00
1.614185937500000056e+00,-3.531540725822439608e+00
1.614726153846154144e+00,-3.535591920418558853e+00
1.615036923076923037e+00,-3.538716478120335296e+00
1.615500000000000158e+00,-3.545995576808992134e+00
1.616046874999999883e+00,-3.554563764458081643e+00
1.616586153846153895e+00,-3.551012866300433224e+00
1.616969696969696724e+00,-3.551147631176090336e+00
1.617192537313432599e+00,-3.552456313716930048e+00
1.617569696969696880e+00,-3.555521962955526138e+00
1.618097014925373056e+00,-3.558328355312768476e+00
1.618780303030302736e+00,-3.563761804298119618e+00
1.618933333333333557e+00,-3.566175619833507504e+00
1.619313432835820965e+00,-3.570984147265123365e+00
1.619836363636363741e+00,-3.576136480577965848e+00
1.620295454545454650e+00,-3.575622650126645929e+00
1.620675384615384740e+00,-3.575276097613663495e+00
1.621060606060606091e+00,-3.574961552044348512e+00
1.621666666666666590e+00,-3.567515108375998611e+00
1.621971875000000063e+00,-3.566872891045406835e+00
1.622603125000000146e+00,-3.564485216853213068e+00
1.622990769230769237e+00,-3.567372061124583826e+00
1.623528787878787849e+00,-3.571527987535385140e+00
1.624063076923076832e+00,-3.573276878451048244e+00
1.624523076923076736e+00,-3.573404729998646001e+00
1.624912499999999982e+00,-3.573433167540942534e+00
1.625304761904761808e+00,-3.574946773946685141e+00
1.625856250000000003e+00,-3.578466562777888882e+00
1.626409523809523527e+00,-3.583645972398968649e+00
1.627041269841269955e+00,-3.589604689582489794e+00
1.627519047619047754e+00,-3.595447028202217066e+00
1.627836507936508026e+00,-3.600233807546879383e+00
1.628389062499999929e+00,-3.601847118697305561e+00
1.628930769230769293e+00,-3.604190259716731681e+00
1.629240000000000244e+00,-3.600631805724964440e+00
1.629782812500000011e+00,-3.601259715595128696e+00
1.630476923076922935e+00,-3.608302401026010742e+00
1.630860606060605900e+00,-3.611709264426222976e+00
1.631167187500000004e+00,-3.614864936962177033e+00
1.631709230769230690e+00,-3.625165270497996861e+00
1.632086363636363613e+00,-3.632086423973617251e+00
1.632619999999999960e+00,-3.639571525028846288e+00
1.633079999999999865e+00,-3.642916692000444101e+00
1.633310937500000115e+00,-3.643677333289735643e+00
1.633699999999999708e+00,-3.647538338121810497e+00
1.634390624999999986e+00,-3.654440302038842070e+00
1.634775384615384741e+00,-3.657027834364366736e+00
1.635078461538461481e+00,-3.659644966605853700e+00
1.635610606060605932e+00,-3.661755555963499997e+00
1.636279104477611934e+00,-3.661340994293991624e+00
1.636580597014925198e+00,-3.661098266711428462e+00
1.636880597014925387e+00,-3.661841094124004936e+00
1.637552941176470656e+00,-3.663027955971348781e+00
1.637922388059701584e+00,-3.664582616158901018e+00
1.638527692307692352e+00,-3.671567438514684145e+00
1.638910606060605790e+00,-3.678699790003473691e+00
1.639366666666666861e+00,-3.686573855998994453e+00
1.639747692307692128e+00,-3.688034808249306185e+00
1.640287499999999898e+00,-3.692436183758714296e+00
1.640673846153846149e+00,-3.695949930543417139e+00
1.640979999999999883e+00,-3.697816485046136137e+00
1.641438461538461624e+00,-3.696243247426136413e+00
1.641906349206349480e+00,-3.694353287948600073e+00
1.642373846153846184e+00,-3.698256054468008092e+00
1.642833846153846311e+00,-3.702902956658707279e+00
1.643365151515151723e+00,-3.708684637475816448e+00
1.643819696969696986e+00,-3.712534215947006722e+00
1.644349253731343330e+00,-3.717757946779381761e+00
1.644874242424242405e+00,-3.721491291996528172e+00
1.645324242424242245e+00,-3.726546100281901808e+00
1.645706153846153930e+00,-3.733523886134797021e+00
1.646390909090909016e+00,-3.748236401037861487e+00
1.646846969696969865e+00,-3.750373839303079215e+00
1.647310937500000128e+00,-3.753760559910486183e+00
1.647621875000000014e+00,-3.756752616773058495e+00
1.648012307692307665e+00,-3.758916458652131531e+00
1.648472307692307570e+00,-3.766060691404426564e+00
1.648780952380952014e+00,-3.768743307754941263e+00
1.649176562500000109e+00,-3.769893908372631053e+00
1.649569841269841186e+00,-3.771390728451189833e+00
1.649965625000000102e+00,-3.772475764972980983e+00
1.650671428571428345e+00,-3.777209890020475580e+00
1.650988888888888839e+00,-3.784908657224076212e+00
1.651385483870968063e+00,-3.793802085604003338e+00
1.651788888888888973e+00,-3.802582398169643163e+00
1.652577777777777923e+00,-3.805017226204529202e+00
1.653057142857142781e+00,-3.806493007553841679e+00
1.653617741935483831e+00,-3.806311400022234448e+00
1.654178688524590157e+00,-3.806308664157567634e+00
1.654836065573770609e+00,-3.803837571231519554e+00
1.655324590163934184e+00,-3.804087509105908982e+00
1.655729032258064670e+00,-3.801892580022534496e+00
1.656465573770491639e+00,-3.801460621693148578e+00
1.657032258064516483e+00,-3.812418344118528424e+00
1.657358064516129437e+00,-3.814959507379973136e+00
1.657685483870967591e+00,-3.812240962512531972e+00
1.658091803278688436e+00,-3.812718805455041160e+00
1.658738095238095234e+00,-3.807479516412406895e+00
1.658973437499999815e+00,-3.806793954908362920e+00
1.659525396825396681e+00,-3.809107510787694384e+00
1.659922580645160961e+00,-3.814978932084336360e+00
1.660556249999999956e+00,-3.823342662760180310e+00
1.661026562500000026e+00,-3.823545405399099373e+00
1.661340625000000015e+00,-3.821484583455495798e+00
1.661730769230769234e+00,-3.819511318124850341e+00
1.662584374999999781e+00,-3.820491800937456439e+00
1.662969230769230755e+00,-3.823675755976835955e+00
1.663433846153846263e+00,-3.827984087661731927e+00
1.663667187499999978e+00,-3.831905505081768304e+00
1.664213846153846266e+00,-3.838436556026740387e+00
1.664893939393939482e+00,-3.853488180932279850e+00
1.665351515151515249e+00,-3.860913491586142943e+00
1.665653030303030135e+00,-3.862836130705654014e+00
1.666257575757575937e+00,-3.868790258593194586e+00
1.666789230769230468e+00,-3.866034591380053786e+00
1.667237313432835544e+00,-3.871289291304023994e+00
1.667385074626865471e+00,-3.873646802102034492e+00
1.667900000000000160e+00,-3.882684326384382878e+00
1.668408695652173979e+00,-3.889033279820055089e+00
1.668999999999999817e+00,-3.899615668835940241e+00
1.669295522388059672e+00,-3.905211796546419922e+00
1.669517647058823551e+00,-3.905575133385204012e+00
1.669957352941176421e+00,-3.905079927808117635e+00
1.670328358208954977e+00,-3.908749994361910840e+00
1.670925373134328318e+00,-3.918096551862596755e+00
1.671222388059701469e+00,-3.923280227107124318e+00
1.671667164179104548e+00,-3.926545985043493392e+00
1.671964179104477477e+00,-3.929081313335993642e+00
1.672558208955224002e+00,-3.938417031794137824e+00
1.672858208955223969e+00,-3.944649639555815490e+00
1.673233333333333128e+00,-3.950447365795330512e+00
1.673684848484848553e+00,-3.952900502320042531e+00
1.674440909090908924e+00,-3.950867689041613673e+00
1.674821538461538362e+00,-3.951649353205835435e+00
1.675356250000000102e+00,-3.954522698158537519e+00
1.675747692307692160e+00,-3.956204421009866579e+00
1.676289062499999982e+00,-3.961076928206487935e+00
1.676827692307692130e+00,-3.960944249326095346e+00
1.677293846153846024e+00,-3.960295011417708899e+00
1.677681250000000013e+00,-3.961382063337826054e+00
1.678465625000000072e+00,-3.959548341748957867e+00
1.678852307692307644e+00,-3.963917208471418263e+00
1.679390909090908934e+00,-3.966248017669996351e+00
1.679621538461538499e+00,-3.969364842270758142e+00
1.680157575757575739e+00,-3.971473289645036875e+00
1.680687692307692549e+00,-3.970148285131890553e+00
1.681149230769230618e+00,-3.971215306915457877e+00
1.681455384615384796e+00,-3.971589734700738283e+00
1.681919999999999860e+00,-3.976696195829097835e+00
1.682388888888889156e+00,-3.975302923602893390e+00
1.682781249999999895e+00,-3.976469270577103199e+00
1.683175384615384518e+00,-3.977450713570771068e+00
1.683560937499999799e+00,-3.980178712054310175e+00
1.683876562500000063e+00,-3.983027381455211735e+00
1.684587301587301411e+00,-3.978136731814442051e+00
1.684979687499999823e+00,-3.973186122716279467e+00
1.685370769230769117e+00,-3.976494136709196603e+00
1.685984615384615415e+00,-3.983861618809359406e+00
1.686598461538461491e+00,-3.989643346257682133e+00
1.687142187500000112e+00,-3.992494180241163537e+00
1.687457812499999932e+00,-3.991089809710480996e+00
1.688082812500000029e+00,-3.992651733433027594e+00
1.688634920634920711e+00,-3.995160802894470731e+00
1.689266666666666694e+00,-3.995819113957716606e+00
1.689590476190476309e+00,-3.998686112265569914e+00
1.690065079365079548e+00,-4.000000000000000000e+00
1.690544444444444405e+00,-3.997357006920327915e+00
1.690934374999999878e+00,-3.999682030974916369e+00
1.691328571428571292e+00,-3.996573913448531634e+00
1.691793846153846204e+00,-3.991936070802830638e+00
1.692412307692307438e+00,-3.989830373362262872e+00
1.692792424242424154e+00,-3.988883057292788692e+00
1.693243939393939357e+00,-3.985885444691946056e+00
1.693627692307692501e+00,-3.983145974274654666e+00
1.694080597014925305e+00,-3.980264819662914455e+00
1.694744117647059012e+00,-3.980050122726710882e+00
1.695329411764705974e+00,-3.982239903780261159e+00
1.695622058823529343e+00,-3.978489658135561768e+00
1.695992537313432580e+00,-3.973163445489769519e+00
1.696515151515151310e+00,-3.971362480138703077e+00
1.696960294117647150e+00,-3.970227057681564808e+00
1.697392857142857148e+00,-3.969695916782117528e+00
1.697679999999999856e+00,-3.970547296217262101e+00
1.698117647058823287e+00,-3.970875932337084357e+00
1.698768115942029144e+00,-3.964139303600894060e+00
1.699128571428571544e+00,-3.962127602910971103e+00
1.699343661971830954e+00,-3.960936281880491183e+00
1.699699999999999989e+00,-3.956601436812187789e+00
1.700053521126760669e+00,-3.956864780667153525e+00
1.700547142857143035e+00,-3.958594042925262624e+00
1.700978571428571451e+00,-3.957608573633430993e+00
1.701549999999999896e+00,-3.962246637148347794e+00
1.701765217391304486e+00,-3.963363582754295678e+00
1.702055072463767749e+00,-3.964519413454978825e+00
1.702640579710144708e+00,-3.964404030245993305e+00
1.703081159420289925e+00,-3.965588987200308946e+00
1.703441428571428551e+00,-3.965246858780425487e+00
1.703724999999999934e+00,-3.964861495099221589e+00
1.704241791044776244e+00,-3.967243657583618965e+00
1.704768181818181905e+00,-3.968139926069598644e+00
1.705150769230769026e+00,-3.965931035294928186e+00
1.705612307692307761e+00,-3.964148474298502034e+00
1.706148484848485136e+00,-3.962965169317623548e+00
1.706676119402984915e+00,-3.961626508860355056e+00
1.707281538461538295e+00,-3.960791138664721878e+00
1.707514062500000041e+00,-3.960486418601968150e+00
1.707985937500000162e+00,-3.962775051463325315e+00
1.708296774193548417e+00,-3.964633820322635671e+00
1.709021311475410254e+00,-3.966650774268543511e+00
1.709509836065573829e+00,-3.962529637279405659e+00
1.710091666666666788e+00,-3.959408809099604021e+00
1.710670491803278903e+00,-3.957027918790425591e+00
1.711079999999999712e+00,-3.953619614709835250e+00
1.711491803278688550e+00,-3.951663033810079995e+00
1.711739999999999817e+00,-3.951302883047499659e+00
1.712314754098360758e+00,-3.949760074006245070e+00
1.713137704918032744e+00,-3.949127529849160378e+00
1.713795081967213196e+00,-3.941047901856947089e+00
1.714364516129032179e+00,-3.942510448931827671e+00
1.715001612903225725e+00,-3.947341127698630547e+00
1.715396825396825475e+00,-3.948844182936744218e+00
1.715712698412698467e+00,-3.947752990776451476e+00
1.716274193548387172e+00,-3.946109363194613806e+00
1.716916129032257876e+00,-3.938432649735576607e+00
1.717476190476190379e+00,-3.932197806685469033e+00
1.717795238095237931e+00,-3.930048026721727261e+00
1.718185937499999927e+00,-3.924602760078963470e+00
1.718500000000000139e+00,-3.920972858305626474e+00
1.719033846153846135e+00,-3.916430943672014386e+00
1.719341538461538477e+00,-3.917272125848141773e+00
1.719798507462686699e+00,-3.919444953320834646e+00
1.720103076923076957e+00,-3.922364529553006296e+00
1.720643750000000027e+00,-3.924630993099901488e+00
1.721186153846154143e+00,-3.931655422418287582e+00
1.721500000000000252e+00,-3.932324186165029989e+00
1.721731249999999935e+00,-3.931433291708959832e+00
1.722283076923077028e+00,-3.930133296497922313e+00
1.722898461538461712e+00,-3.924348162029629439e+00
1.723513846153846174e+00,-3.924457986195980741e+00
1.723889393939393999e+00,-3.922565626941822980e+00
1.724493939393939579e+00,-3.916033506320082402e+00
1.724798484848484748e+00,-3.912328521948478244e+00
1.725556060606060482e+00,-3.910497002147681034e+00
1.725859090909090954e+00,-3.911403236370160297e+00
1.726549230769230725e+00,-3.912677539400019722e+00
1.727160000000000029e+00,-3.916727939585542995e+00
1.727542424242424213e+00,-3.920209891899016696e+00
1.727846969696969825e+00,-3.921708876199916816e+00
1.728150000000000297e+00,-3.922477497451891892e+00
1.728530769230769426e+00,-3.924068806377201568e+00
1.729065151515151610e+00,-3.923011968423607776e+00
1.729366666666666719e+00,-3.920715207361690435e+00
1.729907692307692146e+00,-3.916982906042851376e+00
1.730061538461538317e+00,-3.915600897121088053e+00
1.730521538461538444e+00,-3.914387358442169340e+00
1.731283582089552020e+00,-3.905751054155268243e+00
1.731655882352941100e+00,-3.906198360474005149e+00
1.731948529411764692e+00,-3.905315528655493029e+00
1.732464179104477697e+00,-3.906347472129582776e+00
1.732983823529411493e+00,-3.907535696749244725e+00
1.733728787878787703e+00,-3.909774008929551847e+00
1.733955223880596863e+00,-3.907862571376275795e+00
1.734495312499999997e+00,-3.911704742979061677e+00
1.735042857142857331e+00,-3.909015188520562400e+00
1.735363492063492163e+00,-3.909509796756668543e+00
1.735765624999999979e+00,-3.906547310615082313e+00
1.736079687499999968e+00,-3.904526322188890397e+00
1.736551562499999868e+00,-3.899154273325086795e+00
1.737255384615384646e+00,-3.890843247644542924e+00
1.737716923076923159e+00,-3.884249652973416289e+00
1.738023076923077115e+00,-3.883065729223524887e+00
1.738484615384615628e+00,-3.884503155635186555e+00
1.739010606060605868e+00,-3.884890625135923425e+00
1.739549230769230848e+00,-3.885881912831735896e+00
1.740012307692307525e+00,-3.883484695032762612e+00
1.740701515151515055e+00,-3.880636251362213240e+00
1.741235384615384740e+00,-3.879533773256866436e+00
1.741623437500000149e+00,-3.878768055534416614e+00
1.742012307692307749e+00,-3.877389747252328878e+00
1.742245312500000143e+00,-3.875003953482763386e+00
1.742636507936507817e+00,-3.874961673838676290e+00
1.743348437499999903e+00,-3.872291919444037944e+00
1.743744444444444319e+00,-3.870914236406707509e+00
1.744061904761904813e+00,-3.873011236900792298e+00
1.744528571428571428e+00,-3.871951841412523354e+00
1.745078125000000036e+00,-3.870720265558354356e+00
1.745318461538461596e+00,-3.872018167978449554e+00
1.745784615384615490e+00,-3.874656309215901206e+00
1.746092063492063806e+00,-3.876273185826861756e+00
1.746648387096774391e+00,-3.886299402855410978e+00
1.747456451612903194e+00,-3.894210257575799528e+00
1.747946774193548380e+00,-3.895054747950174256e+00
1.748190163934425945e+00,-3.895150684662997076e+00
1.749013114754098153e+00,-3.887708917386393015e+00
1.749580645161290304e+00,-3.890284962257180901e+00
1.750054687500000039e+00,-3.889008791056050462e+00
1.750681249999999967e+00,-3.891556968471217459e+00
1.751077777777777955e+00,-3.889225546011614298e+00
1.751946875000000015e+00,-3.882800683153132759e+00
1.752188888888889240e+00,-3.881170191950193527e+00
1.752509523809523850e+00,-3.877216493034195910e+00
1.752980952380952084e+00,-3.872558317765373737e+00
1.753617460317460131e+00,-3.877756979912215130e+00
1.754081538461538248e+00,-3.878776159937509682e+00
1.754471875000000125e+00,-3.876241045913415117e+00
1.754775757575757655e+00,-3.874969228813490929e+00
1.755312307692307616e+00,-3.875417932386788777e+00
1.755611940298507534e+00,-3.875063558070305003e+00
1.756139393939393889e+00,-3.869838034021384932e+00
1.756364179104477730e+00,-3.870557866132838143e+00
1.756958208955224032e+00,-3.866648759013536107e+00
1.757547761194030000e+00,-3.865849893225277167e+00
1.757991044776119338e+00,-3.866308600742322188e+00
1.758289552238805786e+00,-3.867639194504421507e+00
1.758660294117647016e+00,-3.870329690690032187e+00
1.759176811594203027e+00,-3.874552628903950247e+00
1.759694117647058853e+00,-3.872994683350914791e+00
1.760138235294117726e+00,-3.873420704801493031e+00
1.760513432835821179e+00,-3.869365045968733874e+00
1.761033823529411624e+00,-3.870315957739424828e+00
1.761550746268656598e+00,-3.871989094806399301e+00
1.761926470588235372e+00,-3.875198098278627157e+00
1.762075000000000280e+00,-3.875849792322849652e+00
1.762592537313433017e+00,-3.881921667652548535e+00
1.763258823529411323e+00,-3.881942387474666134e+00
1.763629850746268657e+00,-3.880711396192181528e+00
1.764009090909090860e+00,-3.882865593168178808e+00
1.764312121212120887e+00,-3.885806227611810826e+00
1.764690769230769174e+00,-3.886291751705818420e+00
1.765303076923076864e+00,-3.884772402670309877e+00
1.765615384615384587e+00,-3.883947836348010885e+00
1.765926153846153923e+00,-3.882672715495459226e+00
1.766615625000000023e+00,-3.870627326342443553e+00
1.767237499999999795e+00,-3.865441264162592372e+00
1.767703125000000153e+00,-3.864128704961596217e+00
1.768012499999999987e+00,-3.860793614515180217e+00
1.768553846153846143e+00,-3.859139999424431533e+00
1.769022222222222274e+00,-3.852488717528118389e+00
1.769653968253968479e+00,-3.847893536209557652e+00
1.770054838709677725e+00,-3.847136435359469253e+00
1.770779365079365286e+00,-3.839573603655445755e+00
1.771263934426229314e+00,-3.832425234692912852e+00
1.771504838709677454e+00,-3.829263052666173728e+00
1.772153225806451848e+00,-3.820305701235589879e+00
1.772396825396825415e+00,-3.820433891215869959e+00
1.773040983606557264e+00,-3.817015114369019635e+00
1.773520634920634942e+00,-3.813505082666445389e+00
1.774161904761904829e+00,-3.806763055617321090e+00
1.774553125000000176e+00,-3.802720733366761863e+00
1.775021874999999971e+00,-3.801339693341248438e+00
1.775637878787879043e+00,-3.802074972970317379e+00
1.775943939393939353e+00,-3.801209782981224361e+00
1.776404687500000135e+00,-3.808635559531530212e+00
1.777028125000000180e+00,-3.815440802244549179e+00
1.777498437500000028e+00,-3.815824259334769764e+00
1.777893650793650471e+00,-3.814020499265385666e+00
1.778207936507936626e+00,-3.811691625989412024e+00
1.778772580645161305e+00,-3.807524589416542593e+00
1.779012698412698601e+00,-3.802610480798111592e+00
1.779493650793650961e+00,-3.801611444373754090e+00
1.779974603174603320e+00,-3.797284191089713268e+00
1.780131746031745621e+00,-3.796426068067918713e+00
1.780769841269841169e+00,-3.795605251490444587e+00
1.781401587301587375e+00,-3.793238522576161564e+00
1.781867692307692153e+00,-3.796740446888123177e+00
1.782256250000000097e+00,-3.793101357541581731e+00
1.782730645161290317e+00,-3.784454009433062094e+00
1.783532258064516318e+00,-3.778525151194985998e+00
1.783931147540983808e+00,-3.780213948674515212e+00
1.784424590163934177e+00,-3.787019839989777203e+00
1.784914754098360756e+00,-3.783595472684923688e+00
1.785576271186440689e+00,-3.778633151972607518e+00
1.785993333333333100e+00,-3.774331200029955813e+00
1.786408196721311459e+00,-3.773866063836029294e+00
1.786658333333333681e+00,-3.771143915934100921e+00
1.787330000000000085e+00,-3.770613932525642475e+00
1.787995000000000001e+00,-3.765805949786080298e+00
1.788325806451612543e+00,-3.766872142851413585e+00
1.788884126984127132e+00,-3.768587897434253708e+00
1.789523809523809517e+00,-3.779362250295587700e+00
1.789841269841269789e+00,-3.779836282075634379e+00
1.790245161290322518e+00,-3.782867155524971103e+00
1.790888709677419310e+00,-3.786043858375157001e+00
1.791298360655737776e+00,-3.790048836970794088e+00
1.792036666666666722e+00,-3.787065837760088094e+00
1.792449180327869040e+00,-3.790530432561683316e+00
1.792854838709677656e+00,-3.790201250321584503e+00
1.793259016393442762e+00,-3.794400070299746019e+00
1.793588524590163713e+00,-3.792421787086179386e+00
1.794083606557377086e+00,-3.785855353444000038e+00
1.794411475409835921e+00,-3.780231360342611868e+00
1.795306451612903142e+00,-3.788673773713897575e+00
1.795706349206349417e+00,-3.787290599107330902e+00
1.796111290322580878e+00,-3.789488479685696021e+00
1.796437096774193831e+00,-3.785525633251483058e+00
1.797080645161290180e+00,-3.776202417456326454e+00
1.797639682539682315e+00,-3.781855354911348943e+00
1.798193750000000035e+00,-3.784754435150278429e+00
1.798922950819672018e+00,-3.779625477542515544e+00
1.799249180327868958e+00,-3.777358016284713127e+00
1.799814516129032205e+00,-3.772022145841116281e+00
1.800138709677419069e+00,-3.770345311740694427e+00
1.800536507936508102e+00,-3.770329109771844323e+00
1.801101612903226012e+00,-3.769733558495795833e+00
1.801670491803278651e+00,-3.768231499834592935e+00
1.802079032258064428e+00,-3.766321788340246002e+00
1.802401612903225647e+00,-3.764039651932049146e+00
1.802887096774193454e+00,-3.763371973890256683e+00
1.803285714285714381e+00,-3.761048707803821056e+00
1.803914285714286025e+00,-3.758390367841711210e+00
1.804230158730158795e+00,-3.759322423094086485e+00
1.804865079365079561e+00,-3.752411666509167354e+00
1.805338095238095519e+00,-3.749109032877303793e+00
1.805814285714286038e+00,-3.748709404067334106e+00
1.806293650793650896e+00,-3.747804861031756474e+00
1.806925396825396879e+00,-3.747437061842461059e+00
1.807241269841270093e+00,-3.748802836424730334e+00
1.807953124999999828e+00,-3.750379887779549115e+00
1.808275806451612899e+00,-3.747464265462803645e+00
1.808745312499999924e+00,-3.749158846745418661e+00
1.809138095238095101e+00,-3.747320601800514073e+00
1.809619672131147716e+00,-3.747459521572375607e+00
1.809946031746032080e+00,-3.747576611468613983e+00
1.810504838709677156e+00,-3.746983181627662862e+00
1.811068253968254327e+00,-3.744970443967861939e+00
1.811547619047619184e+00,-3.746727592991047739e+00
1.811940625000000082e+00,-3.745517151332390604e+00
1.812412499999999982e+00,-3.742994262688492668e+00
1.812649206349206343e+00,-3.743930916824695920e+00
1.813132786885246039e+00,-3.744089172063435722e+00
1.813787301587301615e+00,-3.745938401492254766e+00
1.814348387096774484e+00,-3.743072030962940833e+00
1.814916393442623122e+00,-3.738542583945673847e+00
1.815406557377049035e+00,-3.735435518964776769e+00
1.816047619047619355e+00,-3.732086330635683069e+00
1.816522222222221927e+00,-3.727910184915431469e+00
1.816833846153846466e+00,-3.728271134533923892e+00
1.817304761904761978e+00,-3.727948924642243700e+00
1.818095238095238209e+00,-3.718155938716492415e+00
1.818659677419354859e+00,-3.715366133395152648e+00
1.818820967741935357e+00,-3.716574503927784878e+00
1.819384126984127104e+00,-3.714933194332980193e+00
1.819782812500000180e+00,-3.708109603190128389e+00
1.820333333333333359e+00,-3.702325991246085302e+00
1.820724999999999927e+00,-3.701714151232959882e+00
1.820961904761904560e+00,-3.700873252439346839e+00
1.821436507936508020e+00,-3.699684332462545466e+00
1.821833870967741964e+00,-3.701427223108318287e+00
1.822547619047619083e+00,-3.702146727226727219e+00
1.822930303030303012e+00,-3.701307947953297539e+00
1.823386363636363416e+00,-3.699168128048792692e+00
1.824073846153845935e+00,-3.692599009953240419e+00
1.824603030303030504e+00,-3.698179991656359356e+00
1.824977611940298727e+00,-3.702510781926621419e+00
1.825354545454545452e+00,-3.705739498102945895e+00
1.826036923076923113e+00,-3.705501821498472736e+00
1.826421875000000083e+00,-3.706409317256559532e+00
1.826898387096774545e+00,-3.703630835170033109e+00
1.827058064516129177e+00,-3.703242081535751851e+00
1.827537096774193737e+00,-3.704198068125969190e+00
1.827856451612903443e+00,-3.701251374484980428e+00
1.828255737704918005e+00,-3.693782155552262747e+00
1.828666129032257892e+00,-3.685760037906407938e+00
1.828988709677419333e+00,-3.681265073809510735e+00
1.829550793650793761e+00,-3.679036077883350409e+00
1.830262499999999903e+00,-3.681537941108824263e+00
1.830655555555555480e+00,-3.678025651902786297e+00
1.831201562499999991e+00,-3.671550289380640653e+00
1.832053846153846255e+00,-3.666328869116835421e+00
1.832443749999999927e+00,-3.660829549206106481e+00
1.833228125000000208e+00,-3.654261928112918500e+00
1.833784126984126850e+00,-3.655644983939425607e+00
1.834258730158730311e+00,-3.656453831196695869e+00
1.834738095238095390e+00,-3.650683535091826748e+00
1.835140322580645078e+00,-3.644038364759024429e+00
1.835300000000000376e+00,-3.642732730800788410e+00
1.835948387096774104e+00,-3.639070051897868474e+00
1.836274193548387057e+00,-3.639305832501710913e+00
1.836676190476190573e+00,-3.640305080821186312e+00
1.836834920634921042e+00,-3.641185956936706436e+00
1.837469841269841142e+00,-3.640447710212858290e+00
1.837864062500000006e+00,-3.643611890088965577e+00
1.838176562499999944e+00,-3.649388147641833058e+00
1.838642187500000080e+00,-3.656478977191675028e+00
1.839187692307692412e+00,-3.664663246230402294e+00
1.839495384615384532e+00,-3.667962985832461609e+00
1.840439682539682487e+00,-3.665366552677653988e+00
1.840835937500000075e+00,-3.663332459871517344e+00
1.841468749999999988e+00,-3.665340232205841708e+00
1.842026229508196833e+00,-3.664579147678075799e+00
1.842352459016393329e+00,-3.669231350322935459e+00
1.842924193548386880e+00,-3.670250516087031123e+00
1.843493442622951006e+00,-3.670022630305321609e+00
1.843978688524589904e+00,-3.665662179191513381e+00
1.844460317460317356e+00,-3.662342051855340230e+00
1.844871666666666465e+00,-3.666061078114475791e+00
1.845121311475409920e+00,-3.667523989767258463e+00
1.845618032786884966e+00,-3.667756565298480709e+00
1.846263492063492162e+00,-3.665693069125968151e+00
1.846666129032258352e+00,-3.665025681903180566e+00
1.847379365079364844e+00,-3.664279967187381803e+00
1.847540983606557274e+00,-3.663804307419332940e+00
1.848108064516128968e+00,-3.661428621968677355e+00
1.848593548387096996e+00,-3.657177711529642217e+00
1.848919354838709506e+00,-3.657821462456084749e+00
1.849405000000000188e+00,-3.652715124390790269e+00
1.850548387096774272e+00,-3.649432955220915709e+00
1.850791803278688530e+00,-3.654004792658104961e+00
1.851038333333333563e+00,-3.654504713113425396e+00
1.851536666666666830e+00,-3.648823385189114088e+00
1.851952459016393604e+00,-3.644616246935450388e+00
1.852755737704918193e+00,-3.641212679947557707e+00
1.853000000000000425e+00,-3.638965111343927195e+00
1.853730158730158672e+00,-3.633383295414878145e+00
1.854218032786885129e+00,-3.635025816197607451e+00
1.854709836065573603e+00,-3.636480781188947464e+00
1.854951612903225966e+00,-3.635508246664690635e+00
1.855268750000000022e+00,-3.635174017742988095e+00
1.856295238095237998e+00,-3.634510823248466416e+00
1.856768253968253957e+00,-3.631287796903503562e+00
1.857244444444444476e+00,-3.625983110396531650e+00
1.857631249999999845e+00,-3.621509409528695933e+00
1.858095312500000151e+00,-3.621590800414283162e+00
1.858484615384615291e+00,-3.624191739254968070e+00
1.858869696969696728e+00,-3.627215834614061940e+00
1.859258730158730222e+00,-3.623802231064030988e+00
1.859959375000000081e+00,-3.628998808403475884e+00
1.860271875000000019e+00,-3.630753716040171497e+00
1.860819999999999919e+00,-3.628854672879183507e+00
1.861048484848484730e+00,-3.627705173530720195e+00
1.861503030303030215e+00,-3.632992054499602830e+00
1.861954545454545640e+00,-3.638087675798983511e+00
1.862338461538461498e+00,-3.640310655348063751e+00
1.862875757575757740e+00,-3.641917659415998987e+00
1.863331818181818145e+00,-3.646573425944400704e+00
1.863786363636363630e+00,-3.647206849017115005e+00
1.864393939393939492e+00,-3.642526940656773959e+00
1.864698484848485105e+00,-3.639004883651721478e+00
1.865310606060606169e+00,-3.640513007445751903e+00
1.865538461538461590e+00,-3.642715897115891721e+00
1.866155384615384660e+00,-3.640437496076928792e+00
1.866618461538461560e+00,-3.641828572734248315e+00
1.867007812500000030e+00,-3.646464760904681857e+00
1.867553846153846120e+00,-3.644390055533551553e+00
1.868016923076923241e+00,-3.642604417969198316e+00
1.868479999999999919e+00,-3.645171732558468047e+00
1.868865625000000197e+00,-3.643001827007628091e+00
1.869173437499999979e+00,-3.640064168838105463e+00
1.869880952380952532e+00,-3.632869822534073645e+00
1.870121874999999934e+00,-3.632007464438424815e+00
1.870749999999999913e+00,-3.627936552140891724e+00
1.871072580645161132e+00,-3.627698311634193207e+00
1.871716129032258147e+00,-3.623118528486657830e+00
1.872119047619047905e+00,-3.619797604565163862e+00
1.872437704918032964e+00,-3.615060584518753117e+00
1.872924590163934200e+00,-3.615147255617347177e+00
1.873499999999999943e+00,-3.613295063255125061e+00
1.874242622950820003e+00,-3.616435821224126546e+00
1.874887301587301547e+00,-3.619547693951418843e+00
1.875209836065574009e+00,-3.618862301315838081e+00
1.875544262295082198e+00,-3.616712357061029337e+00
1.876295000000000046e+00,-3.618301517010764634e+00
1.876633333333333375e+00,-3.618059121159386216e+00
1.877049152542372701e+00,-3.618236900295095371e+00
1.877735087719297979e+00,-3.622556022129830300e+00
1.878420338983050941e+00,-3.612354711601624135e+00
1.878766666666666474e+00,-3.606104678375252615e+00
1.879115254237288202e+00,-3.604360785784079813e+00
1.879286440677966130e+00,-3.603562317920491420e+00
1.880288524590163712e+00,-3.594273830400613434e+00
1.881036666666666690e+00,-3.593735977079706156e+00
1.881283606557377031e+00,-3.589439554182970227e+00
1.881940983606557705e+00,-3.583249377794292201e+00
1.882434426229508517e+00,-3.580082661370980635e+00
1.883003225806451963e+00,-3.582969850873630957e+00
1.883325806451613182e+00,-3.581363660717877373e+00
1.884067213114754002e+00,-3.576138797954894422e+00
1.884811666666666774e+00,-3.570921873390064949e+00
1.884979999999999878e+00,-3.570110051462237699e+00
1.885304838709677355e+00,-3.570813071131933469e+00
1.885714754098360757e+00,-3.567640094542881002e+00
1.886282258064516215e+00,-3.564410970590908612e+00
1.886682539682539739e+00,-3.566307210719009468e+00
1.887163492063492320e+00,-3.559914535410615866e+00
1.887559374999999928e+00,-3.558760718235702392e+00
1.888100000000000112e+00,-3.557983213872244921e+00
1.888790909090909187e+00,-3.557203524220922564e+00
1.889168656716418093e+00,-3.556544831220366909e+00
1.889396969696969686e+00,-3.557918013666065526e+00
1.890003030303030407e+00,-3.561938484338523558e+00
1.890763636363636424e+00,-3.562519333610869587e+00
1.891222727272727555e+00,-3.560827548823442434e+00
1.891525757575757583e+00,-3.560211520611147318e+00
1.892064615384615456e+00,-3.560488643434646328e+00
1.892445454545454542e+00,-3.559533822739850528e+00
1.892898484848484664e+00,-3.550648343519410499e+00
1.893129230769230897e+00,-3.549323774852143121e+00
1.893359090909090936e+00,-3.549568746612577819e+00
1.893962121212121374e+00,-3.550789275570807035e+00
1.894498461538461687e+00,-3.547740439793683809e+00
1.894728787878787735e+00,-3.546506675695744182e+00
1.895184848484848805e+00,-3.546543088883077566e+00
1.895565671641791017e+00,-3.545440241283524418e+00
1.896087878787878545e+00,-3.543288260977709658e+00
1.896466153846153802e+00,-3.537788690184480167e+00
1.896848437500000095e+00,-3.538795921199676897e+00
1.897160937500000033e+00,-3.537709443959616618e+00
1.898103225806451633e+00,-3.537877468662446123e+00
1.898506349206348975e+00,-3.540080992615860733e+00
1.898985245901638974e+00,-3.540240393012341613e+00
1.899554838709677229e+00,-3.536147826312994180e+00
1.899796721311475256e+00,-3.537167505124368727e+00
