# temperature (K),delta c33/c33 (1e-5)
1.300059090909090775e+00,-3.235220966917320418e+00
1.300738636363636624e+00,-3.237032685436943780e+00
1.301539534883720872e+00,-3.240814405440581858e+00
1.302469767441860382e+00,-3.239948572417604034e+00
1.303165116279069613e+00,-3.248100621000044264e+00
1.304095348837209345e+00,-3.251000575205896137e+00
1.304685714285714226e+00,-3.255130689753965356e+00
1.305397619047618862e+00,-3.263448112591270878e+00
1.306211627906976647e+00,-3.268621279903029198e+00
1.306911627906977014e+00,-3.274428836926902342e+00
1.307376744186046436e+00,-3.277215440311403771e+00
1.308184090909090935e+00,-3.287789338518969373e+00
1.308645454545454445e+00,-3.293926871929429456e+00
1.309441860465116347e+00,-3.298820760744319180e+00
1.310236363636363643e+00,-3.297483386743929490e+00
1.310697727272727153e+00,-3.297684101128913525e+00
1.311611363636363770e+00,-3.297613056587653357e+00
1.312181395348837265e+00,-3.305162315821406072e+00
1.312648837209302366e+00,-3.308936595110661294e+00
1.313466666666666338e+00,-3.314675187982599969e+00
1.313942857142857079e+00,-3.312910289494637617e+00
1.314774418604651052e+00,-3.306491830247768604e+00
1.315723255813953330e+00,-3.315675160139567090e+00
1.316314285714285548e+00,-3.313955606922586838e+00
1.316907317073170658e+00,-3.315584486032236988e+00
1.317873170731707289e+00,-3.309781303242766981e+00
1.318597560975609984e+00,-3.307543655201156341e+00
1.319329268292682711e+00,-3.315823381916097379e+00
1.320060975609756104e+00,-3.317630659096649559e+00
1.320669047619047687e+00,-3.324525001374988520e+00
1.321521951219512214e+00,-3.332182553450068863e+00
1.322369047619047722e+00,-3.335137080310929036e+00
1.323083333333333389e+00,-3.338243739211640637e+00
1.323797619047619278e+00,-3.342666782044235507e+00
1.324509523809523692e+00,-3.355196017953161913e+00
1.325107317073170643e+00,-3.364565708231853414e+00
1.325947619047618931e+00,-3.365962370349214972e+00
1.326553658536585356e+00,-3.369669037649148713e+00
1.327152380952380861e+00,-3.378566034123750228e+00
1.327871428571428369e+00,-3.392686822796576962e+00
1.328592857142857131e+00,-3.401360387159225951e+00
1.329316666666666480e+00,-3.399990722331367010e+00
1.330160975609756102e+00,-3.404439023599069802e+00
1.330764285714285844e+00,-3.401945935295580536e+00
1.331609756097560826e+00,-3.405051189997929662e+00
1.332578048780487912e+00,-3.407428659166271689e+00
1.333063414634146238e+00,-3.409788782304014720e+00
1.333792682926829398e+00,-3.410041723842672567e+00
1.334768292682926738e+00,-3.401850349694055975e+00
1.335253658536585508e+00,-3.399344749522264841e+00
1.336100000000000065e+00,-3.408034145883225285e+00
1.336821428571428605e+00,-3.412164638114384640e+00
1.337304761904761996e+00,-3.411651123302839039e+00
1.338148780487805167e+00,-3.411862700877725363e+00
1.338988095238095255e+00,-3.418858114074964760e+00
1.339466666666666805e+00,-3.425249884585215288e+00
1.340416666666666590e+00,-3.443031605093997971e+00
1.340892857142857109e+00,-3.448688428047417709e+00
1.341720930232558340e+00,-3.453736419674868330e+00
1.342545238095238069e+00,-3.455019324008963277e+00
1.343252380952380864e+00,-3.458525458822677479e+00
1.343832558139534727e+00,-3.461702159926732580e+00
1.344760465116279224e+00,-3.482661045269141997e+00
1.345223255813953411e+00,-3.485629713552553799e+00
1.346247727272727124e+00,-3.483650694361951405e+00
1.346700000000000008e+00,-3.479591379644703331e+00
1.347264444444444598e+00,-3.485298572124011951e+00
1.348157777777778010e+00,-3.492891455322193917e+00
1.348822222222222367e+00,-3.495588554706740236e+00
1.349266666666666614e+00,-3.498032845288153503e+00
1.350153333333333316e+00,-3.499897556274699895e+00
1.350595555555555327e+00,-3.503844394334125756e+00
1.351037777777778004e+00,-3.511703512439588337e+00
1.351926666666666721e+00,-3.522723753058866425e+00
1.352591111111111077e+00,-3.529895411354998291e+00
1.353141304347826201e+00,-3.535569150382686487e+00
1.353908888888889051e+00,-3.547780734670213931e+00
1.354571111111111170e+00,-3.550692281356040425e+00
1.355013333333333403e+00,-3.556360866910037277e+00
1.355900000000000105e+00,-3.566053448609715293e+00
1.356566666666666254e+00,-3.570484884787044066e+00
1.357121739130434657e+00,-3.564953419819538283e+00
1.357899999999999885e+00,-3.563508019748202305e+00
1.358573333333333411e+00,-3.568999720686670596e+00
1.359136363636363587e+00,-3.573551659004851278e+00
1.359924444444444491e+00,-3.578034414230912841e+00
1.360490909090909195e+00,-3.577653019944007529e+00
1.361059999999999937e+00,-3.582839795009156170e+00
1.361856818181818252e+00,-3.588732117288734091e+00
1.362430232558139442e+00,-3.598379926855226341e+00
1.363127906976743908e+00,-3.603408759472265910e+00
1.364058139534883418e+00,-3.606915493791292171e+00
1.364520930232558049e+00,-3.609907947384126903e+00
1.365333333333333288e+00,-3.610780212185145999e+00
1.366148837209302469e+00,-3.614194839206516630e+00
1.366954545454545533e+00,-3.622824502057961471e+00
1.367870454545454528e+00,-3.630059734518834347e+00
1.368549999999999711e+00,-3.637692057245829780e+00
1.369111111111111168e+00,-3.641626957223603522e+00
1.369995555555555633e+00,-3.645261446159452579e+00
1.370756521739130651e+00,-3.649690334331740615e+00
1.371289361702127563e+00,-3.650963215272896356e+00
1.371816666666666684e+00,-3.649604743488388703e+00
1.372445833333333587e+00,-3.648118023211633698e+00
1.372965306122448936e+00,-3.648786144209531734e+00
1.373485416666666792e+00,-3.648627395115608962e+00
1.374202040816326464e+00,-3.655918308257864791e+00
1.374612244897958968e+00,-3.655323740751008632e+00
1.375224489795918270e+00,-3.659820259843495460e+00
1.375729999999999897e+00,-3.667715472276655397e+00
1.376440816326530481e+00,-3.676588071987048068e+00
1.376949999999999896e+00,-3.685961984394807267e+00
1.377560416666666399e+00,-3.697546055937178888e+00
1.378077551020407965e+00,-3.702432186789703650e+00
1.378793750000000040e+00,-3.704068392914622976e+00
1.379418750000000138e+00,-3.711394263954437278e+00
1.380043749999999791e+00,-3.715808435673603416e+00
1.380666666666666487e+00,-3.717639982986291614e+00
1.381291666666666584e+00,-3.719296160492063130e+00
1.381918749999999863e+00,-3.726834752277832230e+00
1.382846938775510237e+00,-3.739577261998933810e+00
1.383366666666666633e+00,-3.745378716386829954e+00
1.384085714285714586e+00,-3.748575573002060679e+00
1.384702040816326640e+00,-3.751511729198392597e+00
1.385312244897958900e+00,-3.758083050375081502e+00
1.385918367346939073e+00,-3.760965635845117561e+00
1.386617999999999906e+00,-3.769307036073158201e+00
1.387220000000000120e+00,-3.773951819698082577e+00
1.387618000000000018e+00,-3.780743172293585808e+00
1.388305882352941278e+00,-3.782481807562256826e+00
1.388701960784313627e+00,-3.785648764138403344e+00
1.389290196078431183e+00,-3.785234955499178433e+00
1.389880392156862987e+00,-3.795170610878829898e+00
1.390374000000000221e+00,-3.802319690336672497e+00
1.390970000000000040e+00,-3.809338744868641768e+00
1.391466666666666629e+00,-3.816385393516081859e+00
1.392163999999999957e+00,-3.826514746500917052e+00
1.392667346938775363e+00,-3.833269263219535983e+00
1.393172000000000077e+00,-3.837866058752997134e+00
1.393879591836734377e+00,-3.844794198369294147e+00
1.394689795918367281e+00,-3.850597519386420586e+00
1.395199999999999996e+00,-3.854880995017342826e+00
1.395822916666666691e+00,-3.862743920195155223e+00
1.396346808510638526e+00,-3.864359024178497748e+00
1.396987234042553094e+00,-3.869835531818110130e+00
1.397631111111111046e+00,-3.873187084708404004e+00
1.398284444444444441e+00,-3.875563848965597469e+00
1.398944444444444546e+00,-3.873745471789744599e+00
1.399499999999999966e+00,-3.873516941225883858e+00
1.400273333333333259e+00,-3.878617347138300975e+00
1.401052272727272507e+00,-3.882421534270648067e+00
1.401619999999999866e+00,-3.881356765293488387e+00
1.402409090909090938e+00,-3.883347513571839382e+00
1.403090909090909166e+00,-3.887132252282017753e+00
1.403779545454545197e+00,-3.885448427821286188e+00
1.404593023255813922e+00,-3.897305113445910685e+00
1.405293023255814067e+00,-3.903051455005015491e+00
1.405995348837209447e+00,-3.903182746935681458e+00
1.406695348837209147e+00,-3.898959917307510015e+00
1.407390697674418600e+00,-3.890012578519506548e+00
1.408088372093023066e+00,-3.893238949095715551e+00
1.408790697674418668e+00,-3.908255489444226960e+00
1.409493023255814048e+00,-3.917772432303055830e+00
1.410076190476190483e+00,-3.919240135870444064e+00
1.410904651162790957e+00,-3.923065159228088294e+00
1.411495238095238136e+00,-3.925920556996934874e+00
1.412209523809523803e+00,-3.925806779207505315e+00
1.412935714285714184e+00,-3.932757763704703535e+00
1.413661904761904786e+00,-3.944009696181050906e+00
1.414263414634146621e+00,-3.947912705909756070e+00
1.415122500000000061e+00,-3.942390019383946509e+00
1.415743902439024593e+00,-3.946823341082678738e+00
1.416731707317073097e+00,-3.963141818499060776e+00
1.417473170731707421e+00,-3.978734774122314022e+00
1.418092499999999978e+00,-3.985687976873784066e+00
1.418953658536585172e+00,-3.994060370595788445e+00
1.419822499999999987e+00,-4.000174139126760231e+00
1.420680487804877989e+00,-4.003185968841997067e+00
1.421409756097560706e+00,-4.000881354097006515e+00
1.421897560975609709e+00,-4.005779839658071495e+00
1.422745238095238118e+00,-4.015610177701983474e+00
1.423469047619047689e+00,-4.014858798696489650e+00
1.424073170731707361e+00,-4.009613921644256784e+00
1.424911904761904768e+00,-4.020515918412308487e+00
1.425388095238095287e+00,-4.029018725668006340e+00
1.426102380952380733e+00,-4.033939917432078914e+00
1.426936585365853549e+00,-4.035971941936633556e+00
1.427533333333333321e+00,-4.030542920869205403e+00
1.428362790697674578e+00,-4.038596377160864392e+00
1.429195238095237963e+00,-4.040983995379789029e+00
1.429786046511627884e+00,-4.044654755597183460e+00
1.430616666666666648e+00,-4.047529047582601791e+00
1.431448837209302383e+00,-4.058791712542669572e+00
1.432040476190476141e+00,-4.064105573280498263e+00
1.432745238095238127e+00,-4.065505432470318148e+00
1.433332558139535085e+00,-4.066026873312914347e+00
1.434030232558139550e+00,-4.073286772784731724e+00
1.434838636363636510e+00,-4.071555558212920367e+00
1.435531818181818187e+00,-4.077113046230516069e+00
1.436106976744186081e+00,-4.081394803546574579e+00
1.436795348837209385e+00,-4.086213753969458296e+00
1.437488372093022937e+00,-4.097163613006850724e+00
1.438183720930232612e+00,-4.099403794748335272e+00
1.438879069767442065e+00,-4.103084210934656362e+00
1.439344186046511487e+00,-4.106602857135877471e+00
1.440051162790697337e+00,-4.111951551873683997e+00
1.440760465116279088e+00,-4.122756401898181267e+00
1.441347619047619100e+00,-4.126280000538970150e+00
1.442295238095238075e+00,-4.128865837493096436e+00
1.443009523809523742e+00,-4.143889900504722945e+00
1.443607317073170915e+00,-4.155267227692998055e+00
1.444580487804878022e+00,-4.176472831622014326e+00
1.445437500000000153e+00,-4.179231539491222058e+00
1.446051219512195063e+00,-4.182816407958507732e+00
1.446787804878048922e+00,-4.195006403785307647e+00
1.447521951219512104e+00,-4.203102571148584765e+00
1.448132500000000045e+00,-4.210482220856535562e+00
1.448992682926829145e+00,-4.204721288061689322e+00
1.449842857142857211e+00,-4.216082894140026127e+00
1.450443902439024546e+00,-4.226294011887235413e+00
1.451280952380952449e+00,-4.233865529894851321e+00
1.451990476190476054e+00,-4.247223623398436843e+00
1.452809302325581475e+00,-4.255744142725212953e+00
1.453611363636363674e+00,-4.253431255690131252e+00
1.454293181818182124e+00,-4.256499211703806296e+00
1.454950000000000410e+00,-4.259430009159309805e+00
1.455828260869564961e+00,-4.265673447726754830e+00
1.456263043478260633e+00,-4.271012897203373626e+00
1.457002127659574819e+00,-4.276151647739903083e+00
1.457524999999999737e+00,-4.272964785732193960e+00
1.458154166666666640e+00,-4.280376349583057127e+00
1.458570833333333594e+00,-4.289020887242465108e+00
1.459193750000000067e+00,-4.301459272203918438e+00
1.459706122448979793e+00,-4.301761549000111984e+00
1.460222916666666704e+00,-4.300306539006697903e+00
1.460938775510204124e+00,-4.299563505183641610e+00
1.461348979591836628e+00,-4.299471922982426975e+00
1.461862499999999843e+00,-4.301071220313380294e+00
1.462485416666666538e+00,-4.298470961360435716e+00
1.463320833333333404e+00,-4.301637486536025179e+00
1.463739583333333316e+00,-4.303192192720132425e+00
1.464472340425531760e+00,-4.310530448052753982e+00
1.465215217391304448e+00,-4.318203385973101049e+00
1.465755319148936309e+00,-4.320072798809526660e+00
1.466510869565217146e+00,-4.315210653478890990e+00
1.467165217391304566e+00,-4.326280863028610923e+00
1.467928888888888839e+00,-4.330167746414750773e+00
1.468473913043478074e+00,-4.328924770311294523e+00
1.469343478260869418e+00,-4.331056536157142034e+00
1.469782608695652248e+00,-4.336281417374063807e+00
1.470656521739130085e+00,-4.347198487333298722e+00
1.471310869565217505e+00,-4.350072216357812493e+00
1.471965217391304481e+00,-4.354028606943376900e+00
1.472502127659574445e+00,-4.354964469081179956e+00
1.473258695652174044e+00,-4.363807209549365851e+00
1.473797872340425918e+00,-4.371938643828414683e+00
1.474552173913043385e+00,-4.377028301901119356e+00
1.475300000000000056e+00,-4.384968613212682165e+00
1.475725531914893640e+00,-4.388465282389614863e+00
1.476368085106383177e+00,-4.394174607414658595e+00
1.477010638297872269e+00,-4.395785747325571258e+00
1.477648936170212535e+00,-4.399141001081027014e+00
1.478280851063829671e+00,-4.403815238014455957e+00
1.478914893617021331e+00,-4.415764745937977409e+00
1.479656249999999895e+00,-4.425945505816207159e+00
1.480077083333333432e+00,-4.429240807619709841e+00
1.480814893617021566e+00,-4.441003858768507229e+00
1.481554166666666505e+00,-4.452535968666431643e+00
1.482085106382978745e+00,-4.461785893569244266e+00
1.482721276595744930e+00,-4.471606175999154331e+00
1.483353191489361844e+00,-4.478940126598672578e+00
1.483985106382978980e+00,-4.479758435500958313e+00
1.484516666666666707e+00,-4.475358264541098308e+00
1.485253191489361635e+00,-4.477284997208093920e+00
1.485989583333333419e+00,-4.480346625641704605e+00
1.486408333333333331e+00,-4.484774449076576630e+00
1.487140425531914945e+00,-4.504375320480276557e+00
1.487877083333333461e+00,-4.507066647580561636e+00
1.488406382978723075e+00,-4.512466510431062616e+00
1.489147916666666793e+00,-4.510681584758005513e+00
1.489678723404255223e+00,-4.510268781128008442e+00
1.490317021276595932e+00,-4.512287660957083446e+00
1.490841666666666399e+00,-4.515557126615118655e+00
1.491576595744680267e+00,-4.511860228430681907e+00
1.492204255319148576e+00,-4.513970321218540249e+00
1.492727083333333482e+00,-4.521832725080068727e+00
1.493562500000000126e+00,-4.531367058363040989e+00
1.494081632653061043e+00,-4.538163175640914204e+00
1.494804166666666712e+00,-4.551290797765922491e+00
1.495526530612245164e+00,-4.555029312274894160e+00
1.496144897959183817e+00,-4.560117704001658723e+00
1.496660416666666604e+00,-4.560020328298707071e+00
1.497277083333333536e+00,-4.559554827725847304e+00
1.497895833333333426e+00,-4.570377818166654116e+00
1.498506000000000116e+00,-4.574235812857272876e+00
1.499014285714285855e+00,-4.575830135486286032e+00
1.499620408163265139e+00,-4.579660165575132780e+00
1.500024489795918292e+00,-4.580273736499995252e+00
1.500737499999999836e+00,-4.584147420763633463e+00
1.501455102040816225e+00,-4.592289531448893847e+00
1.501966666666666894e+00,-4.595882594256663900e+00
1.502585416666666562e+00,-4.595371612715698717e+00
1.503204166666666453e+00,-4.597164501928743263e+00
1.503824999999999967e+00,-4.598017422458719139e+00
1.504449999999999621e+00,-4.597506505044867353e+00
1.505185106382978422e+00,-4.603905752178496513e+00
1.505817021276595336e+00,-4.611543793636538879e+00
1.506242553191489142e+00,-4.617151903679520331e+00
1.507089361702127484e+00,-4.621546904537101597e+00
1.507723404255318922e+00,-4.618822950521908055e+00
1.508361702127659632e+00,-4.619813454788501694e+00
1.508895652173912749e+00,-4.625312222729356826e+00
1.509760869565217378e+00,-4.644004020944293210e+00
1.510189130434782534e+00,-4.649220667921531103e+00
1.510839130434782573e+00,-4.649448503097310947e+00
1.511493478260869994e+00,-4.660804924243993952e+00
1.512147826086956526e+00,-4.669829769171824907e+00
1.512804347826087303e+00,-4.679723411004760969e+00
1.513465217391304352e+00,-4.683142584483784177e+00
1.514126086956521622e+00,-4.691616038601310379e+00
1.514677777777777790e+00,-4.698362533331795099e+00
1.515559999999999796e+00,-4.705964720617509478e+00
1.516220000000000123e+00,-4.707620546828972685e+00
1.516989130434782451e+00,-4.709134840938903110e+00
1.517746808510638701e+00,-4.715961081929638254e+00
1.518284782608695371e+00,-4.719261485307223225e+00
1.519133333333333225e+00,-4.720723533652756210e+00
1.519970833333333049e+00,-4.724822032434225605e+00
1.520485714285714218e+00,-4.730969757608187720e+00
1.520897959183673098e+00,-4.732573538862350659e+00
1.521712244897958977e+00,-4.730672958768548320e+00
1.522118367346938728e+00,-4.729711517115923414e+00
1.522623999999999755e+00,-4.726950123288731653e+00
1.523330612244897742e+00,-4.730196619297133864e+00
1.523827999999999738e+00,-4.734133404301543280e+00
1.524224000000000023e+00,-4.736689081059452633e+00
1.524719607843137537e+00,-4.745984750508545069e+00
1.525410000000000155e+00,-4.754113880418797677e+00
1.525905882352941223e+00,-4.761374595644311647e+00
1.526498039215686164e+00,-4.771319771907529983e+00
1.527194000000000162e+00,-4.779882938444286467e+00
1.527797999999999989e+00,-4.792134911934459396e+00
1.528397999999999701e+00,-4.807540415196907446e+00
1.529008000000000145e+00,-4.817033793467834002e+00
1.529722448979591976e+00,-4.829872864759991558e+00
1.530336734693877654e+00,-4.838354582766161371e+00
1.530955102040816085e+00,-4.853443256627757663e+00
1.531575510204081336e+00,-4.863716069454047997e+00
1.532193877551020211e+00,-4.869642216864510154e+00
1.532908000000000159e+00,-4.874600364854886791e+00
1.533513999999999822e+00,-4.880859982355342908e+00
1.534125999999999879e+00,-4.884789351407695435e+00
1.534640816326530377e+00,-4.885701048979784744e+00
1.535156250000000000e+00,-4.887767456326940874e+00
1.535877551020408127e+00,-4.901431664771216390e+00
1.536491836734693806e+00,-4.902109928099478431e+00
1.537006249999999907e+00,-4.907765870991701362e+00
1.537728571428571334e+00,-4.913786588719080584e+00
1.538241666666666729e+00,-4.909678069442458437e+00
1.538753061224489738e+00,-4.907539107535662026e+00
1.539577551020408164e+00,-4.913554830789172101e+00
1.540302083333333405e+00,-4.913281627620213143e+00
1.540714583333333110e+00,-4.913352266499739329e+00
1.541335416666666847e+00,-4.912688044088531214e+00
1.542162499999999881e+00,-4.924808956507437330e+00
1.542575000000000029e+00,-4.931944757859124451e+00
1.543312765957446819e+00,-4.935945709993882602e+00
1.544045833333333340e+00,-4.940598149479091816e+00
1.544464583333333252e+00,-4.943517302531995838e+00
1.545091666666666752e+00,-4.944775231993171261e+00
1.545927083333333174e+00,-4.947791772333131277e+00
1.546549999999999869e+00,-4.953985209134271983e+00
1.546966666666666823e+00,-4.952721636408817574e+00
1.547799999999999843e+00,-4.955609565823373863e+00
1.548422916666666538e+00,-4.966314384214179256e+00
1.548839583333333492e+00,-4.972634563851242362e+00
1.549662500000000165e+00,-4.967903243775140254e+00
1.550281250000000055e+00,-4.972070902512131241e+00
1.550793877551020383e+00,-4.972915498401725642e+00
1.551503999999999994e+00,-4.979109652329985813e+00
1.552214285714285547e+00,-4.979324171499212248e+00
1.552719999999999878e+00,-4.979332763275063911e+00
1.553219607843137284e+00,-4.986133305138037208e+00
1.554120000000000168e+00,-5.004500147248523767e+00
1.554511538461538445e+00,-5.011600083957854501e+00
1.555198039215686334e+00,-5.017045957913560450e+00
1.555592156862745101e+00,-5.017078977997473821e+00
1.556376470588235250e+00,-5.018623349851502269e+00
1.556766666666666632e+00,-5.026056489213496015e+00
1.557349019607843221e+00,-5.031230444084563658e+00
1.558023076923076955e+00,-5.036454191136305880e+00
1.558505660377358604e+00,-5.041350719056891805e+00
1.558986538461538451e+00,-5.049044735646652349e+00
1.559660377358490724e+00,-5.057698993051147340e+00
1.560420754716981051e+00,-5.064817740706180516e+00
1.560707692307692351e+00,-5.071188612476206892e+00
1.561473076923076686e+00,-5.080092159850455147e+00
1.562044230769231046e+00,-5.090629194598549567e+00
1.562520754716981042e+00,-5.099980094185984747e+00
1.562999999999999945e+00,-5.107136773916788997e+00
1.563769230769230800e+00,-5.108712736789644993e+00
1.564342307692307532e+00,-5.104929375185866647e+00
1.564726923076922960e+00,-5.108231062185064175e+00
1.565203773584905589e+00,-5.111554957570564106e+00
1.566149056603773460e+00,-5.122409208822562121e+00
1.566526415094339431e+00,-5.124255963040952544e+00
1.567094339622641774e+00,-5.126944243714972593e+00
1.567845283018868052e+00,-5.137252857324529742e+00
1.568405660377358624e+00,-5.142335916027667153e+00
1.568868518518518718e+00,-5.146315307855323873e+00
1.569424074074074138e+00,-5.144517675545715818e+00
1.569979629629629558e+00,-5.150026015388792899e+00
1.570537037037037065e+00,-5.151823771051206258e+00
1.570996363636363524e+00,-5.154331823967183368e+00
1.571640740740740672e+00,-5.154075476748360529e+00
1.572194444444444672e+00,-5.155193718632180122e+00
1.572650909090909765e+00,-5.154766571178080348e+00
1.573198181818181940e+00,-5.154769968520033885e+00
1.573743636363636567e+00,-5.156852574630036656e+00
1.574289090909090971e+00,-5.162103911714652327e+00
1.574742857142857000e+00,-5.161636489863498767e+00
1.575290740740741047e+00,-5.165827518224872961e+00
1.575934545454545477e+00,-5.167674037321189573e+00
1.576394444444444209e+00,-5.166917709269912784e+00
1.576944444444444482e+00,-5.169586900647046512e+00
1.577318518518518786e+00,-5.165006372601332885e+00
1.578062962962963001e+00,-5.158644191735563211e+00
1.578530188679245105e+00,-5.160483986656434929e+00
1.579096226415094284e+00,-5.159861359830673955e+00
1.579666037735849127e+00,-5.160228292599960298e+00
1.580426415094339454e+00,-5.158261828344464561e+00
1.580805660377358590e+00,-5.155856243168859265e+00
1.581378431372548965e+00,-5.159935816169180178e+00
1.582242307692307781e+00,-5.164844408555412159e+00
1.582722641509433981e+00,-5.160470323211532317e+00
1.583205769230769278e+00,-5.158666221726592838e+00
1.583884313725490101e+00,-5.161434240676894269e+00
1.584565384615384653e+00,-5.152324416286184317e+00
1.584962000000000204e+00,-5.152921440589499191e+00
1.585364000000000217e+00,-5.148185878938586590e+00
1.586365999999999943e+00,-5.148006051665634075e+00
1.586765999999999899e+00,-5.148102516397525363e+00
1.587262745098039218e+00,-5.151858592646686219e+00
1.588050980392156974e+00,-5.147630396603446457e+00
1.588639215686274753e+00,-5.143256174817555149e+00
1.589125000000000121e+00,-5.142753115463262858e+00
1.590183018867924458e+00,-5.137849974830969835e+00
1.590855769230769434e+00,-5.138945006266029125e+00
1.591330188679245472e+00,-5.137652060190216474e+00
1.591803846153846624e+00,-5.132432537177487930e+00
1.592375000000000318e+00,-5.124115712442521620e+00
1.592948076923077050e+00,-5.120126341090267985e+00
1.593413207547169863e+00,-5.110112508415511456e+00
1.593975471698113155e+00,-5.097502585085386784e+00
1.594624074074073805e+00,-5.093907355460283171e+00
1.594898181818181992e+00,-5.089524716884928246e+00
1.595346428571428499e+00,-5.082458335780998482e+00
1.596060714285714388e+00,-5.068968515247266993e+00
1.596416071428571559e+00,-5.064741171095947792e+00
1.596951785714285865e+00,-5.054538049346502859e+00
1.597489285714285723e+00,-5.049076111394160904e+00
1.598201785714285839e+00,-5.044029576059982922e+00
1.598733928571428597e+00,-5.034350382495181186e+00
1.599091071428571542e+00,-5.027312489654738314e+00
1.599628571428571622e+00,-5.016118049186783168e+00
1.600341071428571516e+00,-5.002930198579467636e+00
1.600878571428571595e+00,-4.989436999399638140e+00
1.601235714285714096e+00,-4.978063682058957440e+00
1.601949999999999985e+00,-4.958225799940418455e+00
1.602568421052631642e+00,-4.944794163871748083e+00
1.602835714285714364e+00,-4.939038050390183621e+00
1.603369642857142896e+00,-4.931239431911914828e+00
1.604080357142857238e+00,-4.911058412966349707e+00
1.604527272727272802e+00,-4.898989683269112660e+00
1.604975000000000041e+00,-4.889272534589313324e+00
1.605508928571428573e+00,-4.880925507179098233e+00
1.606219642857142915e+00,-4.864794409461758562e+00
1.606753571428571448e+00,-4.855000739627521433e+00
1.607107142857142845e+00,-4.843014732647796805e+00
1.607816071428571414e+00,-4.822644844306282153e+00
1.608351785714285720e+00,-4.806483661834204391e+00
1.608887500000000026e+00,-4.787156568529233880e+00
1.609241071428571646e+00,-4.770699739642582315e+00
1.610038596491228269e+00,-4.737838334069250479e+00
1.610568421052631649e+00,-4.727085203850155182e+00
1.610919298245613973e+00,-4.715642376677704917e+00
1.611445614035087459e+00,-4.700636560567964750e+00
1.612147368421052551e+00,-4.677183955830781059e+00
1.612671929824561534e+00,-4.659353794704663265e+00
1.613106896551724123e+00,-4.638857983961415243e+00
1.613627586206896503e+00,-4.613058754797140004e+00
1.614146551724137790e+00,-4.595810602586515081e+00
1.614745762711864430e+00,-4.568358007922805442e+00
1.615088135593220509e+00,-4.551168712831277219e+00
1.615601694915254294e+00,-4.523210309973869414e+00
1.616281355932203789e+00,-4.485805196167578224e+00
1.616789830508474690e+00,-4.457652325516191283e+00
1.617209999999999814e+00,-4.437077611634343555e+00
1.617715000000000014e+00,-4.405950330740235898e+00
1.618383333333333285e+00,-4.363445241220343718e+00
1.618716666666666804e+00,-4.345644541280908157e+00
1.619218333333333204e+00,-4.319115613656062003e+00
1.619548333333333145e+00,-4.303485445250723629e+00
1.620215000000000183e+00,-4.258800528768967197e+00
1.620716666666666805e+00,-4.220443594053882919e+00
1.621050000000000102e+00,-4.198521496346817372e+00
1.621550000000000047e+00,-4.158207713793387938e+00
1.622049999999999992e+00,-4.116523114814038209e+00
1.622551666666666392e+00,-4.079072474803166592e+00
1.623051666666666559e+00,-4.043017305328362454e+00
1.623467796610169600e+00,-4.013293464498660867e+00
1.624056666666666704e+00,-3.964341055548865622e+00
1.624562068965517136e+00,-3.922131866348286700e+00
1.624989830508474675e+00,-3.883315904884782288e+00
1.625499999999999945e+00,-3.837737688422278026e+00
1.626100000000000101e+00,-3.781972774356389344e+00
1.626617241379310519e+00,-3.732278273882364328e+00
1.627049122807017412e+00,-3.694259128961844940e+00
1.627573684210526395e+00,-3.650254821418752904e+00
1.628185714285714569e+00,-3.594820299101377348e+00
1.628628070175438758e+00,-3.553903831980495642e+00
1.629244642857142988e+00,-3.502096488047982792e+00
1.629776785714285969e+00,-3.452901287831974475e+00
1.630398245614035346e+00,-3.396924660950903174e+00
1.630841071428571487e+00,-3.355108232992271233e+00
1.631464912280701673e+00,-3.308649109365198626e+00
1.631996491228070001e+00,-3.267838887413736515e+00
1.632617857142857343e+00,-3.211430843964180770e+00
1.633151785714285875e+00,-3.163226942845572154e+00
1.633687500000000181e+00,-3.116913581827779112e+00
1.634223214285714265e+00,-3.071482129241680070e+00
1.634842105263158096e+00,-3.021692327344631668e+00
1.635194736842105367e+00,-2.994890515729381697e+00
1.635812500000000114e+00,-2.954565166631752948e+00
1.636429824561403512e+00,-2.913858153719301569e+00
1.636957894736842389e+00,-2.875860260611211139e+00
1.637308771929824713e+00,-2.848187576592708048e+00
1.637833333333333474e+00,-2.812459977185528537e+00
1.638441379310344947e+00,-2.777833363518728671e+00
1.638963793103448197e+00,-2.739691850117154104e+00
1.639310344827585864e+00,-2.715460010872700281e+00
1.639831034482758465e+00,-2.680415419278729949e+00
1.640522413793103373e+00,-2.635523605788085089e+00
1.641037931034482700e+00,-2.598199568599546261e+00
1.641555172413793118e+00,-2.553983928700955808e+00
1.641987719298245274e+00,-2.520228512821025113e+00
1.642589655172414176e+00,-2.477450709904975845e+00
1.643101724137931097e+00,-2.446529328680733251e+00
1.643615517241379331e+00,-2.414132314617391195e+00
1.644124999999999837e+00,-2.389425655857459585e+00
1.644715254237288038e+00,-2.354888455796808167e+00
1.645225423728813752e+00,-2.326188041357849290e+00
1.645564406779660871e+00,-2.304588933960351582e+00
1.646153333333333357e+00,-2.266249102925771197e+00
1.646731147540983597e+00,-2.223758572334768147e+00
1.647226229508196749e+00,-2.190269106686605571e+00
1.647718032786885001e+00,-2.156362975570277118e+00
1.648206557377049464e+00,-2.119816632690965541e+00
1.648846031746031615e+00,-2.077819592985044039e+00
1.649166666666666448e+00,-2.056415205102048116e+00
1.649644444444444247e+00,-2.021172451063462105e+00
1.650195312499999956e+00,-1.982257149187898859e+00
1.650824999999999987e+00,-1.942425916899436000e+00
1.651139062499999977e+00,-1.921750498411402663e+00
1.651524615384615480e+00,-1.896221574018507994e+00
1.651986153846153771e+00,-1.871164043777500785e+00
1.652601538461538455e+00,-1.836714990031857786e+00
1.652909230769230797e+00,-1.816587061706266493e+00
1.653290909090909144e+00,-1.794375872113566750e+00
1.653667164179104532e+00,-1.773813363204353788e+00
1.654121538461538421e+00,-1.741293927373920747e+00
1.654723880597015029e+00,-1.707282249324714840e+00
1.655023880597014996e+00,-1.691477182343978702e+00
1.655473134328358187e+00,-1.667386730956544660e+00
1.655770149253731338e+00,-1.650755144804784136e+00
1.656295454545454460e+00,-1.624428627638572431e+00
1.656674626865671573e+00,-1.610026344270682586e+00
1.657200000000000006e+00,-1.586997204439740017e+00
1.657576923076923281e+00,-1.569637448623989018e+00
1.658110606060606118e+00,-1.549643765447324295e+00
1.658566666666666523e+00,-1.532240302934875453e+00
1.659100000000000241e+00,-1.509943832182183865e+00
1.659406153846153975e+00,-1.497865231401706909e+00
1.659866153846153880e+00,-1.486940176607949526e+00
1.660330769230769388e+00,-1.474719745112188507e+00
1.660870312500000168e+00,-1.462032843474560639e+00
1.661335937500000082e+00,-1.452787475198273892e+00
1.661725396825397105e+00,-1.447497984421215689e+00
1.662346153846153696e+00,-1.438945005473544869e+00
1.662734374999999876e+00,-1.434776213477950479e+00
1.663278461538461261e+00,-1.432143551094388290e+00
1.663825000000000109e+00,-1.428372871279915080e+00
1.664135937499999995e+00,-1.425633686395687549e+00
1.664760937500000093e+00,-1.421101447573891674e+00
1.665229687499999889e+00,-1.417141568745634350e+00
1.665698437499999907e+00,-1.415060681664112252e+00
1.666089230769230767e+00,-1.410149203872184565e+00
1.666635937499999720e+00,-1.403951315329422966e+00
1.667106250000000012e+00,-1.399999999999999911e+00
1.667418749999999950e+00,-1.400980259456756638e+00
1.667964615384615268e+00,-1.407473223128919537e+00
1.668510937500000235e+00,-1.405725926509017398e+00
1.668979687499999809e+00,-1.409235757898956276e+00
1.669292187499999969e+00,-1.414069546406814704e+00
1.669760937499999986e+00,-1.414530042148580913e+00
1.670225000000000071e+00,-1.413892132731010109e+00
1.670919999999999961e+00,-1.419006699672637151e+00
1.671227692307692303e+00,-1.420747045341335113e+00
1.671690769230769202e+00,-1.416698616193389881e+00
1.672152307692307716e+00,-1.417323650869585450e+00
1.672767692307692400e+00,-1.414306906140110787e+00
1.673227692307692305e+00,-1.413273223849781823e+00
1.673538461538461419e+00,-1.411041245832316049e+00
1.674079687499999913e+00,-1.411403826684866747e+00
1.674619999999999997e+00,-1.414283836969012720e+00
1.675084615384615505e+00,-1.420469051617800904e+00
1.675468181818182023e+00,-1.424604795990661588e+00
1.675775757575757696e+00,-1.427372001253065070e+00
1.676312307692307657e+00,-1.436663558511651173e+00
1.676845454545454528e+00,-1.446747744327375518e+00
1.677304545454545437e+00,-1.452099769154330478e+00
1.677683582089552372e+00,-1.455617887286484891e+00
1.678063636363636535e+00,-1.451509591113161468e+00
1.678665151515151388e+00,-1.451814428577604899e+00
1.679118181818181732e+00,-1.448077035176928540e+00
1.679419696969696840e+00,-1.445701578190228043e+00
1.679947761194029665e+00,-1.447790103488457492e+00
1.680398507462686597e+00,-1.447442900324539927e+00
1.680853846153846032e+00,-1.447409471890156230e+00
1.681384848484848593e+00,-1.457889199840446182e+00
1.681687878787878621e+00,-1.462400221887403484e+00
1.682143939393939469e+00,-1.464305864695330417e+00
1.682604545454545519e+00,-1.469318311647058062e+00
1.683138461538461694e+00,-1.478040379585466857e+00
1.683443283582089611e+00,-1.478422819334079596e+00
1.683898461538461566e+00,-1.483596547589949743e+00
1.684507692307692261e+00,-1.485441656885276185e+00
1.684887878787878712e+00,-1.486000058436126148e+00
1.685269230769230742e+00,-1.484105541529758598e+00
1.685883076923076596e+00,-1.484409566619700804e+00
1.686190769230769160e+00,-1.482824242330366804e+00
1.686803076923077072e+00,-1.483185866924955132e+00
1.687337878787878775e+00,-1.479795612455902853e+00
1.687721538461538273e+00,-1.479642323838772588e+00
1.688181538461538622e+00,-1.485855218390319088e+00
1.688719696969696926e+00,-1.490207683933303828e+00
1.689178787878788057e+00,-1.491525226936997850e+00
1.689561538461538559e+00,-1.500336835263791357e+00
1.690099999999999936e+00,-1.505738475585191027e+00
1.690486153846153972e+00,-1.510687065586359568e+00
1.691098461538461661e+00,-1.511711513292899545e+00
1.691481818181818086e+00,-1.508232163560347283e+00
1.691937878787878935e+00,-1.509501716318925268e+00
1.692316417910447957e+00,-1.510403087053728832e+00
1.692914925373134372e+00,-1.514143800610836532e+00
1.693292424242424099e+00,-1.513436885032546364e+00
1.693667164179104789e+00,-1.517405805524076223e+00
1.694183823529411770e+00,-1.512978403841755304e+00
1.694852238805970357e+00,-1.515773496865841174e+00
1.695073529411764701e+00,-1.518216957617974039e+00
1.695592537313433068e+00,-1.517580986508101581e+00
1.695894029850746332e+00,-1.515935104074643824e+00
1.696269696969697094e+00,-1.516735400926661148e+00
1.696573437499999892e+00,-1.517997767741657844e+00
1.697043749999999962e+00,-1.520975342351013282e+00
1.697277777777777663e+00,-1.520560059111767837e+00
1.697675806451612868e+00,-1.517228696016430289e+00
1.698075409836065530e+00,-1.515861712054284549e+00
1.698570491803279126e+00,-1.518248371936509633e+00
1.698970689655172617e+00,-1.522243117076195862e+00
1.699233898305084756e+00,-1.525621020240904846e+00
1.699825862068965465e+00,-1.525750971861889793e+00
1.700333928571428510e+00,-1.526139240366945593e+00
1.701134545454545677e+00,-1.526944033335352335e+00
1.701667924528301956e+00,-1.528420325794467738e+00
1.702711538461538776e+00,-1.533274156559349510e+00
1.703288000000000357e+00,-1.532639101021185501e+00
1.704091666666666782e+00,-1.538387264540317823e+00
1.704823404255319419e+00,-1.529396602889760537e+00
1.705569565217391226e+00,-1.525259039163946673e+00
1.706002173913043318e+00,-1.529675913531215015e+00
1.706753191489361887e+00,-1.535612784189126945e+00
1.707393617021277343e+00,-1.541243921003746964e+00
1.707927083333333540e+00,-1.548520530945884044e+00
1.708565217391304847e+00,-1.552072490775350699e+00
1.709312765957446967e+00,-1.556236298453717914e+00
1.709948936170212930e+00,-1.551918816412740210e+00
1.710802127659574623e+00,-1.560423029235093351e+00
1.711221276595744856e+00,-1.564922818192397980e+00
1.711857446808510819e+00,-1.575857255761501818e+00
1.712491489361702035e+00,-1.579674420041207172e+00
1.713123404255318949e+00,-1.577733109785034005e+00
1.713761702127659436e+00,-1.574986946275956701e+00
1.714402127659574671e+00,-1.587106184017723409e+00
1.715040425531915158e+00,-1.599570434837312538e+00
1.715575000000000072e+00,-1.603923959006003264e+00
1.716208695652174265e+00,-1.607819512162561804e+00
1.716959574468085448e+00,-1.609821266154369379e+00
1.717491304347826375e+00,-1.609376188808261832e+00
1.718134782608695899e+00,-1.612766656601298587e+00
1.718893617021276521e+00,-1.610203477587358378e+00
1.719538297872340360e+00,-1.607179171919522753e+00
1.720080434782608636e+00,-1.608386833838638674e+00
1.720837777777777688e+00,-1.610422545206180445e+00
1.721600000000000019e+00,-1.609956155005179301e+00
1.722036956521739270e+00,-1.607370382030423261e+00
1.722910869565217329e+00,-1.608771986559633937e+00
1.723567391304347440e+00,-1.618207671198508280e+00
1.724002173913043334e+00,-1.622293262609449505e+00
1.724876086956521615e+00,-1.614230079782904115e+00
1.725528260869565234e+00,-1.612187373139087665e+00
1.725965217391304041e+00,-1.614292606316607426e+00
1.726617391304347882e+00,-1.616087670162157375e+00
1.727489130434782583e+00,-1.621464113874119040e+00
1.728139130434782622e+00,-1.618547416226451485e+00
1.728663829787233874e+00,-1.615655378863456448e+00
1.729304255319148886e+00,-1.621292961705207647e+00
1.730045833333333283e+00,-1.635847083744709884e+00
1.730674999999999963e+00,-1.639471173011410876e+00
1.731506250000000025e+00,-1.640073575296224329e+00
1.732014285714285506e+00,-1.643180774545507816e+00
1.732725999999999766e+00,-1.647922794036394079e+00
1.733325999999999478e+00,-1.649727507271427474e+00
1.733921999999999963e+00,-1.647403327034991705e+00
1.734605882352941109e+00,-1.646554928451314570e+00
1.735082692307692298e+00,-1.648127097269454833e+00
1.735655769230769030e+00,-1.648740485906423858e+00
1.736214814814814877e+00,-1.650993015217255833e+00
1.736587037037036874e+00,-1.651406794573372361e+00
1.737325925925925940e+00,-1.653234342020060588e+00
1.737877777777777633e+00,-1.657197663611263971e+00
1.738330909090908927e+00,-1.660987321442010778e+00
1.738878181818181767e+00,-1.661645731109971269e+00
1.739330357142857109e+00,-1.656810784785910373e+00
1.739871428571428735e+00,-1.650997134894886642e+00
1.740143636363636004e+00,-1.649199750595355507e+00
1.740692727272727058e+00,-1.650674640139790927e+00
1.741419999999999968e+00,-1.653299555248335606e+00
1.741789090909090953e+00,-1.655638738864613657e+00
1.742334545454545580e+00,-1.665723032414125893e+00
1.742884905660377681e+00,-1.669696456985581445e+00
1.743260377358490709e+00,-1.675907542255313354e+00
1.743828301886792387e+00,-1.677733514509181179e+00
1.744494230769230603e+00,-1.685946142388511371e+00
1.745170588235293918e+00,-1.694859734373203919e+00
1.745756862745098115e+00,-1.694624852534498238e+00
1.746152941176470685e+00,-1.695031367424499669e+00
1.746847999999999956e+00,-1.693895836205450145e+00
1.747553061224489834e+00,-1.694217860520446539e+00
1.748274999999999801e+00,-1.695915836765371942e+00
1.749002040816326708e+00,-1.691165803424223846e+00
1.749520833333333414e+00,-1.695086110570829030e+00
1.750044680851063905e+00,-1.700476372232841538e+00
1.750680851063829646e+00,-1.701614700144731041e+00
1.751428260869565268e+00,-1.702015209456493983e+00
1.752182222222222086e+00,-1.696089938991229173e+00
1.752726086956521767e+00,-1.690857593574122353e+00
1.753474468085106430e+00,-1.682272284799672946e+00
1.753900000000000015e+00,-1.681784619752558552e+00
1.754652173913043178e+00,-1.681862996961998036e+00
1.755499999999999838e+00,-1.682718532027604574e+00
1.756244680851064111e+00,-1.690372504076605109e+00
1.756770833333333171e+00,-1.694306299266260085e+00
1.757604166666666856e+00,-1.701460089557038868e+00
1.758120408163265536e+00,-1.709521764500677055e+00
1.758734693877550992e+00,-1.718897955956877555e+00
1.759557142857142820e+00,-1.737820301349018548e+00
1.759965306122449169e+00,-1.742729843699477588e+00
1.760467999999999922e+00,-1.742686305528844404e+00
1.761069999999999913e+00,-1.742860530884511983e+00
1.761668000000000234e+00,-1.741452208168329241e+00
1.762166666666666881e+00,-1.746884730982203759e+00
1.762754901960784215e+00,-1.754187144198530612e+00
1.763447999999999904e+00,-1.760322876866537989e+00
1.763941176470588568e+00,-1.764706132307473307e+00
1.764331372549019727e+00,-1.771193943935109649e+00
1.765016000000000140e+00,-1.771308471438401533e+00
1.765705882352941236e+00,-1.772130685175109299e+00
1.766294117647058570e+00,-1.769233794083327371e+00
1.766886274509803956e+00,-1.770839539529752260e+00
1.767478431372549119e+00,-1.771837079314767971e+00
1.768170000000000019e+00,-1.770785799059517718e+00
1.768565999999999860e+00,-1.770886074541581312e+00
1.769454901960784143e+00,-1.767623979665426948e+00
1.769850980392156936e+00,-1.765719703476659852e+00
1.770344000000000140e+00,-1.767963474536719648e+00
1.770939999999999959e+00,-1.774943242483348227e+00
1.771733999999999920e+00,-1.779784747084386165e+00
1.772229411764705498e+00,-1.774966615973903483e+00
1.772926000000000002e+00,-1.773042649954055028e+00
1.773419607843137236e+00,-1.777700412931737084e+00
1.774109999999999632e+00,-1.773351808016303099e+00
1.774599999999999955e+00,-1.776283955616787091e+00
1.775184313725490126e+00,-1.784177216735822746e+00
1.776057692307692282e+00,-1.791377972486265291e+00
1.776446153846153786e+00,-1.789820930940539068e+00
1.776931372549019450e+00,-1.790308791997008431e+00
1.777709803921568632e+00,-1.799160153919850957e+00
1.778194230769230666e+00,-1.806931418588553218e+00
1.778582692307692392e+00,-1.810243487766280079e+00
1.779544230769231072e+00,-1.817352028836815236e+00
1.779924999999999757e+00,-1.821720767314236378e+00
1.780399999999999983e+00,-1.827622981379763534e+00
1.780868518518518684e+00,-1.831483857447046226e+00
1.781612962962963120e+00,-1.835411738243438506e+00
1.782348148148148015e+00,-1.844438503001415430e+00
1.782901851851851793e+00,-1.848332196849415743e+00
1.783450000000000202e+00,-1.849394763574557787e+00
1.783903636363636247e+00,-1.850397302899712271e+00
1.784357142857142975e+00,-1.855369102129121206e+00
1.784907407407407609e+00,-1.855997075480238845e+00
1.785543636363636555e+00,-1.858039969135218072e+00
1.786003703703704204e+00,-1.862400807672985215e+00
1.786458181818181945e+00,-1.867049254632289657e+00
1.786908928571428579e+00,-1.868809399201502464e+00
1.787621428571428472e+00,-1.869760604321301756e+00
1.788157142857142778e+00,-1.869934110605192323e+00
1.788335714285713918e+00,-1.869221927468687650e+00
1.789046428571428482e+00,-1.866856591408404986e+00
1.789764285714285696e+00,-1.871692111890861376e+00
1.790121428571428419e+00,-1.873255612967112960e+00
1.790747272727272854e+00,-1.874027847604987196e+00
1.791201785714285677e+00,-1.878788660231166530e+00
1.791839999999999655e+00,-1.883957230955779938e+00
1.792205454545454435e+00,-1.883883022087588177e+00
1.792846296296296549e+00,-1.885130346408228075e+00
1.793577777777778159e+00,-1.887827686802113103e+00
1.794036363636363651e+00,-1.887642912978065191e+00
1.794494444444444392e+00,-1.889201307388845175e+00
1.795042592592592801e+00,-1.889347322276128338e+00
1.795503773584905538e+00,-1.890739916350085092e+00
1.795971153846153801e+00,-1.892394486359968209e+00
1.796447058823529508e+00,-1.897270427986095243e+00
1.797134000000000009e+00,-1.900235649353808398e+00
1.797628571428571576e+00,-1.902866377161131606e+00
1.797929166666666800e+00,-1.905081069468884669e+00
1.798442553191489823e+00,-1.911925083254545576e+00
1.799180434782609028e+00,-1.912324695016243581e+00
1.799719999999999764e+00,-1.907836371037160639e+00
1.800500000000000211e+00,-1.907801892169137314e+00
1.801402380952380922e+00,-1.898447767503717465e+00
1.802114285714285336e+00,-1.902226073681238194e+00
1.803322500000000161e+00,-1.920153545570648213e+00
1.804205128205128350e+00,-1.924826250334418232e+00
1.805115789473684451e+00,-1.934238324081484439e+00
1.805905263157894680e+00,-1.940622902806966144e+00
1.806692105263157710e+00,-1.942727433210882815e+00
1.807218421052631641e+00,-1.945526382013109457e+00
1.808265789473684215e+00,-1.946310769502188842e+00
1.808910256410256379e+00,-1.951985309454424833e+00
1.809933333333333394e+00,-1.965632032378749949e+00
1.810564999999999758e+00,-1.968451811323558065e+00
1.811197435897436092e+00,-1.976765990671375928e+00
1.812077500000000230e+00,-1.985614061411089093e+00
1.812829999999999941e+00,-1.983809000331863803e+00
1.813575000000000159e+00,-1.984252125363575425e+00
1.814322500000000060e+00,-1.985807130579125168e+00
1.815067500000000056e+00,-1.985507992743869909e+00
1.815929268292682641e+00,-1.974892508028494476e+00
1.816421951219512110e+00,-1.979911569818059824e+00
1.817160975609756202e+00,-1.978147133980624250e+00
1.817895121951219828e+00,-1.980414181861892553e+00
1.818629268292682566e+00,-1.986817271640076266e+00
1.819239999999999968e+00,-1.983674990969135132e+00
1.820104878048780961e+00,-1.990526799108467193e+00
1.820597560975609541e+00,-1.995045605436204461e+00
1.821700000000000319e+00,-1.992908730702425135e+00
1.822309756097561184e+00,-1.997098796052278136e+00
1.822930000000000161e+00,-1.999634876043633103e+00
1.823682500000000317e+00,-1.998652901382488078e+00
1.824435000000000029e+00,-2.000184766621922794e+00
1.825189999999999868e+00,-2.005212829339590996e+00
1.825957499999999900e+00,-2.005085144099142180e+00
1.826470000000000038e+00,-1.997165332902582247e+00
1.827231578947368318e+00,-1.996191370133205023e+00
1.828394871794871479e+00,-1.988527232163597169e+00
1.829042105263157580e+00,-1.986326220461211101e+00
1.829815789473684173e+00,-1.986724609637122052e+00
1.830855263157894486e+00,-1.990979428686168173e+00
1.831513513513513658e+00,-1.993085697015666735e+00
1.832578378378378448e+00,-1.994718304689795829e+00
1.832976315789473620e+00,-1.998374605373220092e+00
1.834021052631578996e+00,-2.009236048324947621e+00
1.834544736842105284e+00,-2.009057850314930338e+00
1.835334210526315291e+00,-2.014389757627772504e+00
1.836246153846154083e+00,-2.025617654301426818e+00
1.837030769230769467e+00,-2.042550682608368362e+00
1.837939473684210290e+00,-2.050483176197815283e+00
1.838731578947368606e+00,-2.055032512894429786e+00
1.839255263157894671e+00,-2.056248973009292325e+00
1.840305263157894888e+00,-2.059889582789176110e+00
1.840834210526315795e+00,-2.060634383025896188e+00
1.841884210526316012e+00,-2.066973835854993613e+00
1.842410526315789943e+00,-2.067739797761637188e+00
1.843460526315789272e+00,-2.073291669387094860e+00
1.844116216216216131e+00,-2.076291874092335288e+00
1.844776315789473431e+00,-2.075373876184475996e+00
1.845563157894736905e+00,-2.075937953909159361e+00
1.846610526315789480e+00,-2.072891187043008454e+00
1.847264102564102339e+00,-2.072521263265548086e+00
1.848178947368420699e+00,-2.079538664721780616e+00
1.848697368421052589e+00,-2.085115417263793791e+00
1.849489473684210683e+00,-2.091110819499765849e+00
1.850402564102564096e+00,-2.085791434928970567e+00
1.851050000000000084e+00,-2.084763907425727147e+00
1.851964102564102266e+00,-2.080435308020810226e+00
1.852743589743589547e+00,-2.086728858998246672e+00
1.853392105263157452e+00,-2.088046226933576666e+00
1.854305128205128383e+00,-2.088595061902658756e+00
1.855087179487179716e+00,-2.094244820227137982e+00
1.855994736842105253e+00,-2.106537488305527450e+00
1.856638461538461682e+00,-2.107730168373842083e+00
1.857661538461538253e+00,-2.114034248145809869e+00
1.858423076923076733e+00,-2.117353618428684303e+00
1.859047499999999742e+00,-2.116552409458126505e+00
1.859797499999999770e+00,-2.122177010655485585e+00
1.860679487179486946e+00,-2.136924040600192143e+00
1.861299999999999955e+00,-2.143032163977742321e+00
1.862153658536585654e+00,-2.154413835561338697e+00
1.862643902439024668e+00,-2.159387414509262637e+00
1.863375609756097839e+00,-2.153600305015780592e+00
1.864100000000000090e+00,-2.157771193764686402e+00
1.864831707317073262e+00,-2.164665534187324880e+00
1.865551219512195047e+00,-2.166871918455571144e+00
1.866275609756097742e+00,-2.177059096532798055e+00
1.866880952380952197e+00,-2.183058552461874857e+00
1.867719512195121778e+00,-2.181316220085444790e+00
1.868434146341463098e+00,-2.184934497231693307e+00
1.869507142857142812e+00,-2.195387678012203914e+00
1.869976190476190236e+00,-2.198962811501315784e+00
1.870790697674419079e+00,-2.194433453326619876e+00
1.871488372093023100e+00,-2.198277569550702637e+00
1.872188372093022801e+00,-2.200892005650532113e+00
1.872879069767441784e+00,-2.201109125710846826e+00
1.873672727272727156e+00,-2.206609486690938926e+00
1.874228888888888944e+00,-2.214471325159827586e+00
1.874891111111110620e+00,-2.219367541172567293e+00
1.875553333333332962e+00,-2.224893350701235395e+00
1.876102173913043236e+00,-2.228513757184231281e+00
1.876855319148935886e+00,-2.225111441912661636e+00
1.877500000000000169e+00,-2.227968610596136489e+00
1.878134042553191607e+00,-2.233534331543768126e+00
1.878860416666666922e+00,-2.229940411686376578e+00
1.879277083333333431e+00,-2.229572896315745734e+00
1.879908333333333514e+00,-2.233752282570693026e+00
1.880531249999999988e+00,-2.239768254646625767e+00
1.881152083333333280e+00,-2.246083488303225906e+00
1.881667346938775465e+00,-2.246085012944081249e+00
1.882279591836734767e+00,-2.247719399202165569e+00
1.882889795918367470e+00,-2.250114264637590900e+00
1.883399999999999963e+00,-2.252082167866020335e+00
1.883912244897959276e+00,-2.244970117075833826e+00
1.884827999999999948e+00,-2.245011277899448654e+00
1.885336734693877414e+00,-2.245270396800441937e+00
1.885742857142856943e+00,-2.245664603596067899e+00
1.886553061224489625e+00,-2.247969454888746110e+00
1.886961224489796196e+00,-2.248816043328732306e+00
1.887687500000000185e+00,-2.252441485714891556e+00
1.888419148936169911e+00,-2.258545250742222343e+00
1.889048936170212523e+00,-2.259322131540861811e+00
1.889366666666666639e+00,-2.260726164593096499e+00
1.890104255319149384e+00,-2.262815551062339114e+00
1.890849999999999698e+00,-2.257511082787188705e+00
1.891276086956521052e+00,-2.257666678823039952e+00
1.892145652173912840e+00,-2.258480830603720069e+00
1.892688888888889087e+00,-2.259536646791835413e+00
1.893353333333333444e+00,-2.258521932275765920e+00
1.894131818181818083e+00,-2.269200303156010623e+00
1.894813636363636533e+00,-2.270749063744277763e+00
1.895502272727272564e+00,-2.273261808639035486e+00
1.896306976744186024e+00,-2.278085914153862301e+00
1.897004651162790489e+00,-2.282646582292430448e+00
1.897465116279069663e+00,-2.280578525969853665e+00
1.898390697674418481e+00,-2.280202854348439168e+00
1.899088372093023169e+00,-2.283215709580707742e+00
1.899890909090908853e+00,-2.288482718948981365e+00
