# temperature (K),delta c55/c55 (1e-5)
1.300101086956521712e+00,-1.317960986450001259e+00
1.300318478260869659e+00,-1.317992851230005646e+00
1.300644565217391246e+00,-1.315257195140934865e+00
1.301079347826087140e+00,-1.319329490829731943e+00
1.301461538461538447e+00,-1.321235908244019708e+00
1.301791208791208909e+00,-1.327517318989649864e+00
1.302230769230769303e+00,-1.328352784442092371e+00
1.302395652173913065e+00,-1.329083504601362709e+00
1.302667032967033123e+00,-1.325344893115166123e+00
1.302940217391304500e+00,-1.326800013267873002e+00
1.303266304347826088e+00,-1.326509346116188759e+00
1.303649450549450473e+00,-1.319223430149322418e+00
1.304089010989011088e+00,-1.327180457885928089e+00
1.304308988764044885e+00,-1.330525002748411012e+00
1.304870786516853842e+00,-1.339702047700796150e+00
1.305151136363636333e+00,-1.345610593828513890e+00
1.305605681818181818e+00,-1.344276844101796042e+00
1.305889887640449443e+00,-1.347626757466260816e+00
1.306172727272727263e+00,-1.348380011321612448e+00
1.306513636363636266e+00,-1.346946434872336784e+00
1.306854545454545269e+00,-1.344501524352331723e+00
1.307135955056179633e+00,-1.344272673329085954e+00
1.307531818181818073e+00,-1.344288337783984044e+00
1.307932183908045998e+00,-1.345986149460646653e+00
1.308277011494252795e+00,-1.352042533690289705e+00
1.308566279069767635e+00,-1.354533776966377667e+00
1.308915116279069535e+00,-1.352094530827853136e+00
1.309259090909090872e+00,-1.356754795935755542e+00
1.309769662921348221e+00,-1.360697169375889359e+00
1.310048888888888596e+00,-1.360919844362049158e+00
1.310440449438202037e+00,-1.357419941929712826e+00
1.310610227272727135e+00,-1.358810147867036022e+00
1.311008045977011482e+00,-1.355785301500231466e+00
1.311295454545454708e+00,-1.353401457711948197e+00
1.311695402298850510e+00,-1.344751114084526300e+00
1.312040229885057308e+00,-1.349195810088634984e+00
1.312443023255813968e+00,-1.359868045870064934e+00
1.312733333333333308e+00,-1.365073703456195497e+00
1.313022093023255898e+00,-1.365968486098505963e+00
1.313428735632184097e+00,-1.369824519097551319e+00
1.313832558139534923e+00,-1.374119050787719676e+00
1.314123529411764801e+00,-1.374254873790073050e+00
1.314298837209302295e+00,-1.375842612857123282e+00
1.314531395348837117e+00,-1.375829356319012930e+00
1.314880232558139461e+00,-1.368668728979074656e+00
1.315230232558139534e+00,-1.365563105353370998e+00
1.315811627906976700e+00,-1.362642789203577509e+00
1.316216091954023115e+00,-1.357970904967452430e+00
1.316560919540229690e+00,-1.353918306316854947e+00
1.316905747126436932e+00,-1.352288277352341250e+00
1.317195348837209457e+00,-1.350217468630115603e+00
1.317713793103448161e+00,-1.347209016942814586e+00
1.318111363636363498e+00,-1.351505131121377046e+00
1.318452272727272723e+00,-1.353784371361220096e+00
1.318620224719101008e+00,-1.353506630847824965e+00
1.319069662921348085e+00,-1.359097772592763098e+00
1.319631460674157264e+00,-1.371053454884159306e+00
1.320080898876404341e+00,-1.371458196649907757e+00
1.320471111111111151e+00,-1.379069275361417546e+00
1.320746153846154014e+00,-1.381168640332316677e+00
1.320965934065934100e+00,-1.384170490308003210e+00
1.321238043478260904e+00,-1.389206507147961789e+00
1.321564130434782491e+00,-1.390708372330276887e+00
1.321888043478260721e+00,-1.396797200766971336e+00
1.322322826086956615e+00,-1.392385650505436168e+00
1.322592473118279432e+00,-1.387307915499548461e+00
1.322756521739130386e+00,-1.382198277074990544e+00
1.323026881720430037e+00,-1.375232608663720102e+00
1.323349462365591478e+00,-1.366793176392120168e+00
1.323779569892473029e+00,-1.356929288657094945e+00
1.324044680851063971e+00,-1.352202467942324127e+00
1.324258510638297803e+00,-1.349138640414673906e+00
1.324523157894736958e+00,-1.347250997326466138e+00
1.324733684210526397e+00,-1.347149864789289442e+00
1.325049473684210444e+00,-1.349678906416629465e+00
1.325259999999999883e+00,-1.350670307279012050e+00
1.325628723404255194e+00,-1.350536218258977961e+00
1.325947872340425437e+00,-1.355647479160941637e+00
1.326267021276595681e+00,-1.367475427513039854e+00
1.326533684210526420e+00,-1.375573771447547777e+00
1.326905319148936391e+00,-1.382153089092176268e+00
1.327169473684210343e+00,-1.386996584646036146e+00
1.327695789473684496e+00,-1.385681181771883930e+00
1.328011578947368543e+00,-1.378192075306885034e+00
1.328327368421052590e+00,-1.375854564987269990e+00
1.328590625000000136e+00,-1.379321645941611107e+00
1.328853684210526298e+00,-1.378699387303217394e+00
1.329222340425532112e+00,-1.371731966080639964e+00
1.329488172043010952e+00,-1.368731460591999571e+00
1.329918279569892725e+00,-1.367128797187933786e+00
1.330297826086956681e+00,-1.371913666509282370e+00
1.330623913043478490e+00,-1.372818752592326330e+00
1.330950000000000077e+00,-1.370571573225691342e+00
1.331276086956521665e+00,-1.371301524232599212e+00
1.331602173913043474e+00,-1.372084017909765752e+00
1.331979569892473014e+00,-1.378088322679026811e+00
1.332302150537634455e+00,-1.387167472765604703e+00
1.332570212765957551e+00,-1.392561839268875001e+00
1.332782978723404232e+00,-1.397199186091903300e+00
1.333102127659574476e+00,-1.407788395177055119e+00
1.333421276595744720e+00,-1.416242960343903068e+00
1.333846808510638304e+00,-1.428810896130856767e+00
1.334111578947368537e+00,-1.436324806248054919e+00
1.334532631578947415e+00,-1.442038387298030244e+00
1.334848421052631462e+00,-1.444814655770073841e+00
1.335167368421052769e+00,-1.439788487071862022e+00
1.335483157894736816e+00,-1.436004344595845250e+00
1.335848958333333059e+00,-1.431203411665538106e+00
1.336110526315789526e+00,-1.431425484288302297e+00
1.336426315789473573e+00,-1.430052643892711917e+00
1.336689583333333209e+00,-1.430314548216082615e+00
1.336952631578947503e+00,-1.425711987268053704e+00
1.337268421052631773e+00,-1.424761376002124047e+00
1.337584210526315820e+00,-1.428783675778108497e+00
1.338005263157894698e+00,-1.439514448455448070e+00
1.338321052631578967e+00,-1.446334977982825398e+00
1.338636842105263458e+00,-1.450599352624073690e+00
1.338796808510638314e+00,-1.452052144387394828e+00
1.339115957446808558e+00,-1.450707802616251429e+00
1.339328723404255239e+00,-1.449137226467943851e+00
1.339593684210526270e+00,-1.450505994343211924e+00
1.340066666666666739e+00,-1.452232206120225522e+00
1.340326315789473810e+00,-1.451328514627840516e+00
1.340590624999999925e+00,-1.450917526516435352e+00
1.340905319148936181e+00,-1.453726226436441227e+00
1.341224468085106203e+00,-1.453004821994604123e+00
1.341543617021276447e+00,-1.450797778851056874e+00
1.341969148936170031e+00,-1.446628190123223412e+00
1.342236559139785124e+00,-1.445104269080639714e+00
1.342559139784945899e+00,-1.447638478691945618e+00
1.342774193548387007e+00,-1.446331448037312395e+00
1.343043478260869561e+00,-1.447010019858128826e+00
1.343369565217391370e+00,-1.450118082124820740e+00
1.343913043478260683e+00,-1.447198159896242897e+00
1.344347826086956577e+00,-1.447562172323757945e+00
1.344673913043478164e+00,-1.451903905041104670e+00
1.344836559139785059e+00,-1.457145572259507249e+00
1.345159139784946056e+00,-1.464059516107876435e+00
1.345589247311827830e+00,-1.470848212101712571e+00
1.346072340425531921e+00,-1.477010817527223407e+00
1.346338709677419310e+00,-1.479540715176318244e+00
1.346661290322580751e+00,-1.481974450915768404e+00
1.346876344086021415e+00,-1.481518048468948079e+00
1.347306451612903411e+00,-1.478237572713815284e+00
1.347629032258064408e+00,-1.474161666777185076e+00
1.348008695652173961e+00,-1.470877146121215562e+00
1.348443478260869410e+00,-1.464756129929159822e+00
1.348660869565217357e+00,-1.463161700110480412e+00
1.348878260869565304e+00,-1.468297976064359522e+00
1.349152747252747364e+00,-1.477596319898573984e+00
1.349424999999999875e+00,-1.484705783331008888e+00
1.349805494505494474e+00,-1.491486130627494022e+00
1.350081111111111065e+00,-1.492147747595296670e+00
1.350305555555555648e+00,-1.493498766422398205e+00
1.350638888888888722e+00,-1.492465079477097056e+00
1.350806593406593370e+00,-1.488778314656970192e+00
1.351246153846153986e+00,-1.492013888790780118e+00
1.351575824175824003e+00,-1.495015535264715423e+00
1.352015384615384619e+00,-1.504662785054647678e+00
1.352288043478260926e+00,-1.505374952902070351e+00
1.352614130434782513e+00,-1.502607619558397722e+00
1.352886813186813253e+00,-1.509635469748726866e+00
1.353159782608695627e+00,-1.503734759342594485e+00
1.353594565217391521e+00,-1.499343409512715164e+00
1.354138043478261055e+00,-1.503659149515303994e+00
1.354464130434782643e+00,-1.504140561794744757e+00
1.354790217391304230e+00,-1.503036109923259422e+00
1.355333695652173764e+00,-1.500980108426550608e+00
1.355659782608695796e+00,-1.499658462349697352e+00
1.356043956043956111e+00,-1.494815921979402162e+00
1.356373626373626351e+00,-1.488290030827351895e+00
1.356644565217391296e+00,-1.485563758836229376e+00
1.356970652173913106e+00,-1.485696144861442969e+00
1.357188043478261052e+00,-1.486788404062389102e+00
1.357462637362637281e+00,-1.491322732091052927e+00
1.357792307692307521e+00,-1.495286012006167065e+00
1.358280434782608515e+00,-1.501725380646068198e+00
1.358606521739130324e+00,-1.506442787853580656e+00
1.358822826086956370e+00,-1.506609786522480565e+00
1.358984946236559077e+00,-1.505338363430189563e+00
1.359256521739130141e+00,-1.502599509383183207e+00
1.359582608695652173e+00,-1.502031606353150250e+00
1.359961290322580618e+00,-1.503308544292728532e+00
1.360174736842105325e+00,-1.503936245570264285e+00
1.360490526315789372e+00,-1.502796174252702732e+00
1.360809473684210458e+00,-1.509334600795078973e+00
1.361074468085106348e+00,-1.515219929478106575e+00
1.361393617021276592e+00,-1.520495431720988000e+00
1.361712765957446836e+00,-1.518690180947491752e+00
1.362138297872340420e+00,-1.517207893300712485e+00
1.362512903225806538e+00,-1.520381596803882962e+00
1.362781914893616886e+00,-1.520376857594064823e+00
1.362994680851063789e+00,-1.520325287359516109e+00
1.363260215053763602e+00,-1.529047129593874121e+00
1.363636956521739219e+00,-1.532344688158256751e+00
1.364180434782608753e+00,-1.527851414832810617e+00
1.364506521739130562e+00,-1.529255630527322607e+00
1.364832608695652150e+00,-1.531366566314740663e+00
1.365050000000000097e+00,-1.534811142849034304e+00
1.365376086956521462e+00,-1.541292308625697993e+00
1.365755913978494718e+00,-1.551191931926061640e+00
1.366186021505376491e+00,-1.565084887828810611e+00
1.366508602150537488e+00,-1.574284555812292430e+00
1.366831182795698929e+00,-1.578442354434412609e+00
1.367046236559139594e+00,-1.582214824014197552e+00
1.367420212765957377e+00,-1.590522578513240415e+00
1.367739361702127621e+00,-1.591949352835728693e+00
1.368164893617021205e+00,-1.596038876534578543e+00
1.368540860215053945e+00,-1.598660638319408633e+00
1.368862365591397845e+00,-1.600694908598426558e+00
1.369023404255319321e+00,-1.601836971607404347e+00
1.369290322580645203e+00,-1.601908367484468299e+00
1.369612903225806422e+00,-1.604269505305582211e+00
1.369992391304347690e+00,-1.604888910068996033e+00
1.370318478260869721e+00,-1.614798216764525618e+00
1.370590322580645060e+00,-1.619807936280085237e+00
1.370912903225806501e+00,-1.622210884411237952e+00
1.371127956989247387e+00,-1.627499396861124215e+00
1.371450537634408606e+00,-1.629765010500379807e+00
1.371719565217391246e+00,-1.639817902813029526e+00
1.372154347826086918e+00,-1.653603222998702105e+00
1.372424731182795732e+00,-1.659515010061745954e+00
1.372747311827956951e+00,-1.663373086826865688e+00
1.373015957446808155e+00,-1.667161880390854556e+00
1.373286021505376375e+00,-1.673486139125135663e+00
1.373502150537634581e+00,-1.678141793871128495e+00
1.374039784946236464e+00,-1.681872346543298979e+00
1.374469892473118238e+00,-1.688313428505915370e+00
1.374899999999999789e+00,-1.688451823559828702e+00
1.375115053763440898e+00,-1.686127433745163051e+00
1.375437634408602117e+00,-1.684094426143029732e+00
1.375760215053763558e+00,-1.680651658814652061e+00
1.376190322580645109e+00,-1.677785222302665691e+00
1.376512903225806550e+00,-1.675648357216970696e+00
1.376943010752688101e+00,-1.677758408667750389e+00
1.377158064516128766e+00,-1.676985736563762375e+00
1.377480645161290207e+00,-1.674304944712998955e+00
1.377803225806451426e+00,-1.674071014729590523e+00
1.378074999999999717e+00,-1.668217306362213659e+00
1.378560215053763249e+00,-1.663588137600717998e+00
1.378883870967742009e+00,-1.664022279898668799e+00
1.379098924731182674e+00,-1.662870822854836783e+00
1.379365957446808233e+00,-1.665374752730872210e+00
1.379685106382978921e+00,-1.670065905810450113e+00
1.379895744680851299e+00,-1.671994357465979908e+00
1.380321276595744662e+00,-1.672563328199265342e+00
1.380588172043010653e+00,-1.675615980270534822e+00
1.380910752688172094e+00,-1.678268526813431860e+00
1.381125806451612981e+00,-1.675260665119867376e+00
1.381448387096774422e+00,-1.674317394626019917e+00
1.381717021276595680e+00,-1.671676028376732237e+00
1.382142553191489487e+00,-1.666664676822998237e+00
1.382461702127659953e+00,-1.665660597781175367e+00
1.382780851063829974e+00,-1.666496575408122016e+00
1.383152631578947522e+00,-1.664586926165406044e+00
1.383364210526315752e+00,-1.663022191339405653e+00
1.383730208333333378e+00,-1.665239803517433170e+00
1.384146875000000110e+00,-1.672398030977754413e+00
1.384459374999999826e+00,-1.672458992782875908e+00
1.384771874999999985e+00,-1.669757771610916652e+00
1.385136082474226704e+00,-1.672444643426594046e+00
1.385396874999999861e+00,-1.679082055563224429e+00
1.385762105263157906e+00,-1.683961540966052883e+00
1.386183157894736784e+00,-1.689809524500509585e+00
1.386498947368421053e+00,-1.687489464673511907e+00
1.386814736842105322e+00,-1.685460015585080740e+00
1.387078723404254976e+00,-1.687088379375850433e+00
1.387291489361702324e+00,-1.689297662694912994e+00
1.387560215053763590e+00,-1.692351955346397041e+00
1.387828723404255227e+00,-1.699624850407444709e+00
1.388254255319149033e+00,-1.708708179886396561e+00
1.388573404255318833e+00,-1.710928071382018301e+00
1.388837894736842049e+00,-1.713662840097844420e+00
1.389101041666666703e+00,-1.717872197188252903e+00
1.389364210526315979e+00,-1.720701772195609491e+00
1.389680000000000026e+00,-1.716531002983644916e+00
1.389942708333333554e+00,-1.715568778823350460e+00
1.390359374999999842e+00,-1.716508769260272071e+00
1.390618556701031183e+00,-1.712727409165802683e+00
1.391030927835051223e+00,-1.711196280887234522e+00
1.391237113402061798e+00,-1.711889324401203449e+00
1.391546391752577438e+00,-1.711060868868704787e+00
1.391855670103093079e+00,-1.710993575911117226e+00
1.392428124999999683e+00,-1.714229322047316151e+00
1.392740625000000065e+00,-1.720063356529317300e+00
1.393053124999999781e+00,-1.724499701339551772e+00
1.393261458333332925e+00,-1.725330008743546140e+00
1.393573958333333307e+00,-1.727326501028036310e+00
1.393836842105263152e+00,-1.726709820348788949e+00
1.394257894736842029e+00,-1.727877048224719436e+00
1.394573684210526521e+00,-1.732569262118595077e+00
1.394837234042552776e+00,-1.731310466784744984e+00
1.395103225806451741e+00,-1.728501300351219072e+00
1.395318279569892406e+00,-1.725363857397528955e+00
1.395640860215053847e+00,-1.722074257749464987e+00
1.395855913978494511e+00,-1.715639630952790151e+00
1.396286021505376063e+00,-1.712371217581704297e+00
1.396608602150537726e+00,-1.718559316979465956e+00
1.396880434782608704e+00,-1.723334376927325939e+00
1.397042857142857031e+00,-1.724422589979760723e+00
1.397317391304347511e+00,-1.723251813204626171e+00
1.397587912087912221e+00,-1.720872668085944968e+00
1.398027472527472614e+00,-1.726188527698471864e+00
1.398357142857142854e+00,-1.732283530076790479e+00
1.398743333333333450e+00,-1.738954994899449158e+00
1.399023076923077147e+00,-1.739437470684239040e+00
1.399298888888888870e+00,-1.739999714298531064e+00
1.399743333333333339e+00,-1.742160854389293911e+00
1.400298888888888760e+00,-1.740806359694968330e+00
1.400577528089887780e+00,-1.745291131729401091e+00
1.401026966292135079e+00,-1.746145903080973838e+00
1.401251685393258395e+00,-1.747949304133838977e+00
1.401588764044943813e+00,-1.751749147504473969e+00
1.402203333333333246e+00,-1.748537415816978857e+00
1.402647777777777716e+00,-1.738370391110013458e+00
1.403092222222222185e+00,-1.723339110588696155e+00
1.403368131868131918e+00,-1.726151059417667222e+00
1.403647777777777828e+00,-1.726697022535429671e+00
1.404031868131868199e+00,-1.729499176460898902e+00
1.404309999999999947e+00,-1.729101520608338882e+00
1.404704494382022384e+00,-1.724587492705470515e+00
1.404983333333333251e+00,-1.726498121910462258e+00
1.405259340659340550e+00,-1.732763665923278351e+00
1.405426666666666824e+00,-1.736490436347674304e+00
1.405759999999999899e+00,-1.746577241971545513e+00
1.406093333333333417e+00,-1.757881162606824699e+00
1.406486516853932667e+00,-1.765952010687540596e+00
1.406711235955055983e+00,-1.765723334495511221e+00
1.406991111111111303e+00,-1.761549613114762103e+00
1.407157142857142773e+00,-1.760688325631160511e+00
1.407432222222222196e+00,-1.764449570004064105e+00
1.407654444444444541e+00,-1.766532880604203548e+00
1.407932584269662835e+00,-1.768289599445566962e+00
1.408382022471910133e+00,-1.760571006731167287e+00
1.408662222222222260e+00,-1.754595419759261254e+00
1.409108888888888744e+00,-1.754048028974187989e+00
1.409387640449438317e+00,-1.758477183509739028e+00
1.409724719101123735e+00,-1.761162184947521636e+00
1.410286516853932692e+00,-1.773176090999877497e+00
1.410510112359550483e+00,-1.772963773037514956e+00
1.410903409090909166e+00,-1.780059384800391387e+00
1.411244318181818169e+00,-1.780278406444538275e+00
1.411641379310344835e+00,-1.782467888497248021e+00
1.411986206896551632e+00,-1.785147541381861380e+00
1.412560919540229776e+00,-1.800931667243039769e+00
1.413135632183908141e+00,-1.817005377364890206e+00
1.413421590909091030e+00,-1.822844545616309597e+00
1.413710344827586507e+00,-1.825219262102304008e+00
1.414055172413793082e+00,-1.826216190997904443e+00
1.414338636363636326e+00,-1.822852374921690721e+00
1.414793181818181811e+00,-1.815741902781008887e+00
1.415134090909091036e+00,-1.810650308683088738e+00
1.415415730337078681e+00,-1.804208904623382903e+00
1.415640449438202220e+00,-1.797898362229885194e+00
1.416141111111111295e+00,-1.788635185102738445e+00
1.416415384615384854e+00,-1.784859707614976143e+00
1.416854945054945247e+00,-1.782222189227233855e+00
1.417233695652174053e+00,-1.787936831727266807e+00
1.417503225806451495e+00,-1.796491146531764338e+00
1.417719354838710144e+00,-1.796780703523560119e+00
1.417985106382978477e+00,-1.794685164508146746e+00
1.418197872340425381e+00,-1.794279301128320903e+00
1.418623404255319409e+00,-1.794897455128922958e+00
1.418892473118279485e+00,-1.794442254672875769e+00
1.419160638297872534e+00,-1.793649655190063141e+00
1.419427956989247619e+00,-1.794556982441176007e+00
1.419750537634408616e+00,-1.791068910318843299e+00
1.420073118279570279e+00,-1.783110934140075488e+00
1.420452173913043126e+00,-1.776161439825175714e+00
1.420722580645161104e+00,-1.769632723246939543e+00
1.420936559139785116e+00,-1.766182609547296334e+00
1.421259139784945891e+00,-1.765858690060047254e+00
1.421474193548387221e+00,-1.764539235595037336e+00
1.421742553191489344e+00,-1.762028063129746691e+00
1.422061702127658922e+00,-1.759223105004047660e+00
1.422487234042553395e+00,-1.756129884559281873e+00
1.422806382978723416e+00,-1.753152047313556450e+00
1.423231914893617223e+00,-1.749994974510731494e+00
1.423444680851064126e+00,-1.744521968161367731e+00
1.423870212765957266e+00,-1.740182835226822045e+00
1.424189361702127732e+00,-1.743114201070036229e+00
1.424663157894736631e+00,-1.751010094837639031e+00
1.424978947368420901e+00,-1.753820322946400667e+00
1.425400000000000222e+00,-1.757476923376020128e+00
1.425610526315789661e+00,-1.759560921489435215e+00
1.425926315789473708e+00,-1.759292327267753420e+00
1.426347368421052808e+00,-1.763224974822332092e+00
1.426768421052631242e+00,-1.765787470653449098e+00
1.427084210526316177e+00,-1.764649569500489790e+00
1.427400000000000002e+00,-1.763966977615337051e+00
1.427610526315789441e+00,-1.765143801880363572e+00
1.427875531914893914e+00,-1.763679298492069503e+00
1.428138947368420952e+00,-1.766341180161259405e+00
1.428454736842105000e+00,-1.772445471611579837e+00
1.428820833333333207e+00,-1.779005651545089828e+00
1.429133333333333367e+00,-1.782613390807191278e+00
1.429392783505154529e+00,-1.782284991387129258e+00
1.429598969072165104e+00,-1.778933981531432895e+00
1.429858333333333453e+00,-1.779626045567849646e+00
1.430170833333333391e+00,-1.786768716512908250e+00
1.430531958762886413e+00,-1.797432591049304307e+00
1.430841237113402276e+00,-1.808097498792024638e+00
1.431097959183673440e+00,-1.812376699902051191e+00
1.431404081632652758e+00,-1.818214132861672994e+00
1.431608163265306377e+00,-1.820170917654567067e+00
1.431914285714286139e+00,-1.818565759736456178e+00
1.432220408163265013e+00,-1.817421517196309066e+00
1.432579381443299216e+00,-1.815428173187895622e+00
1.432939583333333156e+00,-1.809815198721045570e+00
1.433252083333333315e+00,-1.813853879081631204e+00
1.433460416666666681e+00,-1.814970447181948554e+00
1.433772916666666619e+00,-1.818911260356856907e+00
1.434033684210526127e+00,-1.822614401276738016e+00
1.434404255319148946e+00,-1.827971314386577228e+00
1.434829787234042531e+00,-1.841564163522653841e+00
1.435148936170212774e+00,-1.848837903547415396e+00
1.435415789473684534e+00,-1.858530614413603566e+00
1.435627956989247167e+00,-1.864745354390603405e+00
1.435950537634408608e+00,-1.862875805941016205e+00
1.436220652173913148e+00,-1.863994582272561873e+00
1.436601098901099105e+00,-1.866028495203547521e+00
1.436930769230769345e+00,-1.864386780042806668e+00
1.437204444444444507e+00,-1.858636811501674480e+00
1.437537777777777803e+00,-1.863285368222251881e+00
1.437924175824176087e+00,-1.871488718383436778e+00
1.438200000000000145e+00,-1.869341931031248683e+00
1.438644444444444614e+00,-1.872922730287612803e+00
1.439035955056179761e+00,-1.876595201141831870e+00
1.439429999999999987e+00,-1.890670735166292582e+00
1.439598876404494465e+00,-1.897446688565488593e+00
1.439935955056179884e+00,-1.899676144133149336e+00
1.440273033707864858e+00,-1.897981044628469283e+00
1.440834831460674037e+00,-1.892053685777698391e+00
1.441284269662921558e+00,-1.885865625136431190e+00
1.441564444444444426e+00,-1.883318001642364736e+00
1.441958426966292173e+00,-1.883564576128904156e+00
1.442295505617977369e+00,-1.886052968872536040e+00
1.442796666666666505e+00,-1.901242261148609725e+00
1.443130000000000024e+00,-1.914215603357705131e+00
1.443513186813186744e+00,-1.913417620647054784e+00
1.443732967032966830e+00,-1.914471647069277527e+00
1.444172527472527445e+00,-1.914942507791590476e+00
1.444386021505376316e+00,-1.915906893054158955e+00
1.444871739130434873e+00,-1.913481707072056226e+00
1.445197826086956683e+00,-1.920069020176945696e+00
1.445523913043478048e+00,-1.920913640053215632e+00
1.445793548387096727e+00,-1.922159314000725150e+00
1.446008602150537614e+00,-1.927121298860428933e+00
1.446275531914893442e+00,-1.934492875731905537e+00
1.446594680851063686e+00,-1.936441478988470077e+00
1.446963157894737062e+00,-1.937423873775173000e+00
1.447227659574468195e+00,-1.946579987338849627e+00
1.447491578947368351e+00,-1.953292928922208072e+00
1.447702105263158012e+00,-1.954551413180578567e+00
1.447965957446808227e+00,-1.955322578941778300e+00
1.448230526315789302e+00,-1.957048169647163993e+00
1.448602127659574412e+00,-1.954659088695288816e+00
1.448814893617021093e+00,-1.958310469671728615e+00
1.449134042553191559e+00,-1.956245676294229963e+00
1.449453191489361581e+00,-1.950058596488394302e+00
1.449717894736842094e+00,-1.948103935796226871e+00
1.449980851063829901e+00,-1.950139574678801058e+00
1.450299999999999701e+00,-1.951750932721761700e+00
1.450725531914893729e+00,-1.962341624945074248e+00
1.451044680851063751e+00,-1.970299621496251596e+00
1.451309677419354793e+00,-1.971252201199239273e+00
1.451524731182795902e+00,-1.974965999228274205e+00
1.451847311827957121e+00,-1.983129319378079458e+00
1.452277419354838450e+00,-1.985600863352343648e+00
1.452707526881720668e+00,-1.980574027447736807e+00
1.453137634408601775e+00,-1.981068602568093251e+00
1.453567741935483992e+00,-1.986992621708882467e+00
1.453890322580644767e+00,-1.991294120830139125e+00
1.454159782608695384e+00,-1.993262237439546114e+00
1.454485869565217415e+00,-1.992521498807316327e+00
1.454864516129031671e+00,-1.988297675002133502e+00
1.455294623655913888e+00,-1.979805994168740702e+00
1.455617204301074885e+00,-1.977999708296789505e+00
1.455832258064515994e+00,-1.978939070572972581e+00
1.456154838709677879e+00,-1.976470756488984293e+00
1.456584946236558764e+00,-1.982076091756146408e+00
1.457015053763440759e+00,-1.991251374190274426e+00
1.457281914893616914e+00,-1.992157400970373526e+00
1.457601063829787158e+00,-1.991150959940624743e+00
1.457815957446808586e+00,-1.988098679504044286e+00
1.458030851063829791e+00,-1.983857130544228964e+00
1.458349999999999813e+00,-1.980426807182283255e+00
1.458612631578947605e+00,-1.983173939361906335e+00
1.458929473684210665e+00,-1.987838510310335316e+00
1.459350526315789542e+00,-1.994683169088852237e+00
1.459615957446808165e+00,-1.998056410330698363e+00
1.459828723404255069e+00,-2.000676378855149817e+00
1.460093684210525655e+00,-2.004554122734957033e+00
1.460409473684210813e+00,-2.005331452814774096e+00
1.460830526315789468e+00,-1.997918033350513323e+00
1.461095744680851238e+00,-1.999953626578400367e+00
1.461308510638297919e+00,-1.999862043803323886e+00
1.461575789473684273e+00,-1.997625502858615842e+00
1.461786021505376398e+00,-1.996718909278695664e+00
1.462108602150537617e+00,-1.999661382264989573e+00
1.462538709677418947e+00,-1.997148080400840353e+00
1.462917391304347614e+00,-1.997972635349414716e+00
1.463190109890109669e+00,-2.002393699011651762e+00
1.463519780219780353e+00,-2.004405035176496153e+00
1.463795555555555294e+00,-2.004840157698368763e+00
1.464073626373626258e+00,-2.006574832189405022e+00
1.464456666666666962e+00,-2.011697434024283471e+00
1.464901111111111209e+00,-2.017907965807825388e+00
1.465234444444444950e+00,-2.027364992564530066e+00
1.465567777777777358e+00,-2.030947832931707886e+00
1.465846067415730314e+00,-2.031259317738173475e+00
1.466183146067415732e+00,-2.036739393910361962e+00
1.466632584269662809e+00,-2.033141975041941940e+00
1.467194382022471766e+00,-2.035504318206789787e+00
1.467477272727272686e+00,-2.039214331185541962e+00
1.467758426966292218e+00,-2.042311539652717833e+00
1.468207865168539294e+00,-2.044880616804674034e+00
1.468544943820224713e+00,-2.049415639649402987e+00
1.469046666666666834e+00,-2.045948501375157935e+00
1.469380000000000130e+00,-2.047205985881205059e+00
1.469654945054945205e+00,-2.054056387042361820e+00
1.469984615384615223e+00,-2.057870249567296028e+00
1.470314285714285685e+00,-2.059488354778959529e+00
1.470643956043955924e+00,-2.060412561962647437e+00
1.471135869565217247e+00,-2.064192280132985502e+00
1.471410989010989212e+00,-2.065759323477175613e+00
1.471682608695652261e+00,-2.072363041042608600e+00
1.471952688172042834e+00,-2.074552872228130340e+00
1.472168817204300817e+00,-2.074383548621386186e+00
1.472598924731183034e+00,-2.072521089205940914e+00
1.472972340425531712e+00,-2.077774986765616561e+00
1.473236842105263289e+00,-2.080031186344346583e+00
1.473503191489361930e+00,-2.079086105483343161e+00
1.473768421052631616e+00,-2.082004617844460448e+00
1.473978947368421055e+00,-2.082042177016955264e+00
1.474294736842105102e+00,-2.082462810111167517e+00
1.474610526315789816e+00,-2.085500225406152097e+00
1.474924210526315616e+00,-2.093892024445947353e+00
1.475239999999999663e+00,-2.096220668191880243e+00
1.475555789473683710e+00,-2.092283760928629555e+00
1.475818750000000179e+00,-2.096994649078573580e+00
1.476131249999999895e+00,-2.097121258547373301e+00
1.476443749999999833e+00,-2.095251488641505233e+00
1.476756249999999993e+00,-2.094423466504430564e+00
1.477172916666666502e+00,-2.087959803615055510e+00
1.477431958762886577e+00,-2.087639841423791331e+00
1.477741237113401773e+00,-2.091013178539229855e+00
1.477947422680412126e+00,-2.092875318276453900e+00
1.478359793814433054e+00,-2.094941670908413656e+00
1.478669072164948251e+00,-2.096792260720406365e+00
1.479081443298969178e+00,-2.098684644147324363e+00
1.479339583333333374e+00,-2.096014785335693631e+00
1.479652083333333534e+00,-2.093394976935492036e+00
1.479964583333333250e+00,-2.092227334517868353e+00
1.480277083333333410e+00,-2.091687185125162607e+00
1.480540000000000189e+00,-2.092195083230742547e+00
1.480910638297872062e+00,-2.089813454447210450e+00
1.481175789473683890e+00,-2.080375367555536759e+00
1.481491578947368160e+00,-2.080763972646179294e+00
1.481807368421052651e+00,-2.086772720300483996e+00
1.482017894736842090e+00,-2.087404341682859155e+00
1.482333684210526137e+00,-2.091729728635539409e+00
1.482649473684210850e+00,-2.097661361491688137e+00
1.483070526315789284e+00,-2.102907634033866380e+00
1.483332291666666691e+00,-2.104804127477014397e+00
1.483644791666666407e+00,-2.105928242805344297e+00
1.483905154639175494e+00,-2.104966852615056006e+00
1.484165624999999933e+00,-2.113191985259676997e+00
1.484582291666666665e+00,-2.115729263273647742e+00
1.484945360824742266e+00,-2.113733378419207831e+00
1.485254639175257463e+00,-2.107252319023781517e+00
1.485667010309278391e+00,-2.110583459210376933e+00
1.485976288659793809e+00,-2.108607692525184873e+00
1.486236458333333177e+00,-2.107677162046020403e+00
1.486548958333333337e+00,-2.112583395536820063e+00
1.486914736842104956e+00,-2.119194013851133818e+00
1.487230526315789225e+00,-2.117431541377690962e+00
1.487546315789473050e+00,-2.112864575284277624e+00
1.487811702127659785e+00,-2.111832920410133596e+00
1.488024468085106466e+00,-2.116509040966749744e+00
1.488292473118279391e+00,-2.120047733691968528e+00
1.488561956521739171e+00,-2.121668616160692356e+00
1.488941758241758118e+00,-2.125348597070102930e+00
1.489217391304347826e+00,-2.129106553133264690e+00
1.489543478260869636e+00,-2.136227870698124587e+00
1.489816129032257797e+00,-2.144803300650663491e+00
1.490086956521739392e+00,-2.146135047072151192e+00
1.490358064516128955e+00,-2.147647001989211990e+00
1.490627659574467856e+00,-2.148624032350477719e+00
1.491159574468085225e+00,-2.162873445824217811e+00
1.491478723404255247e+00,-2.164526816554759314e+00
1.491851578947368751e+00,-2.163567455668722772e+00
1.492117021276595956e+00,-2.165889260062396904e+00
1.492384946236559484e+00,-2.166983271736044436e+00
1.492815053763441036e+00,-2.163210057863497404e+00
1.493352688172042697e+00,-2.168331069823417945e+00
1.493782795698925137e+00,-2.177741651545145540e+00
1.494105376344086133e+00,-2.176263512781766885e+00
1.494374999999999565e+00,-2.174535957275382181e+00
1.494701086956521818e+00,-2.172635876683859379e+00
1.495135869565217268e+00,-2.179309118609331630e+00
1.495461956521739522e+00,-2.184219034734347975e+00
1.495788043478260887e+00,-2.183504848836684609e+00
1.496114130434782474e+00,-2.188881340644080797e+00
1.496274193548387199e+00,-2.191095294851898689e+00
1.496596774193548418e+00,-2.198668340749105887e+00
1.496919354838709193e+00,-2.201169443759845024e+00
1.497290425531915048e+00,-2.206685335156268302e+00
1.497715957446808188e+00,-2.214677683704909583e+00
1.497977894736842064e+00,-2.220400167339042330e+00
1.498188421052631947e+00,-2.216646720131012493e+00
1.498447916666666657e+00,-2.211512276055689341e+00
1.498706185567010518e+00,-2.209857322937718305e+00
1.499066326530611892e+00,-2.214286487366925016e+00
1.499423711340206022e+00,-2.213794775030399009e+00
1.499732989690721885e+00,-2.206973661535962528e+00
1.499940206185567115e+00,-2.200717300980525870e+00
1.500200000000000200e+00,-2.203595761515915186e+00
1.500512500000000138e+00,-2.203554396322458864e+00
1.500825000000000076e+00,-2.204797537411229413e+00
1.501241666666666363e+00,-2.212889100969669176e+00
1.501554166666666523e+00,-2.215848871582866142e+00
1.501866666666666461e+00,-2.216641841374050959e+00
1.502074999999999605e+00,-2.216142586385384305e+00
1.502334020618556254e+00,-2.216623162250451973e+00
1.502643298969072116e+00,-2.220257595834206121e+00
1.502952577319587757e+00,-2.221956480192589289e+00
1.503364948453608241e+00,-2.217942110336690753e+00
1.503674226804123881e+00,-2.213520834400362070e+00
1.503933333333333344e+00,-2.215620201425095637e+00
1.504141666666666710e+00,-2.220642769752295465e+00
1.504504123711340347e+00,-2.224463369074068719e+00
1.504916494845360608e+00,-2.230161100533841534e+00
1.505328865979381314e+00,-2.233644890819053153e+00
1.505638144329896733e+00,-2.232706504170353323e+00
1.505947422680412373e+00,-2.231229253632985632e+00
1.506153608247422504e+00,-2.231384544100880607e+00
1.506462886597938144e+00,-2.231364336612652988e+00
1.506772164948453785e+00,-2.232212200812801584e+00
1.507184536082474491e+00,-2.238570620057517058e+00
1.507443750000000193e+00,-2.240247180005599859e+00
1.507756249999999909e+00,-2.238278393113721787e+00
1.508018947368420903e+00,-2.236243401715943158e+00
1.508229473684210564e+00,-2.240627089638192793e+00
1.508545263157894833e+00,-2.249687153694696740e+00
1.508917021276595438e+00,-2.253633198845190311e+00
1.509342553191489689e+00,-2.251511590066086477e+00
1.509606315789473685e+00,-2.250552578467801546e+00
1.509869791666666572e+00,-2.250211307615005207e+00
1.510078124999999716e+00,-2.250271406116516104e+00
1.510390625000000098e+00,-2.248054025569028003e+00
1.510703124999999813e+00,-2.257392613090149158e+00
1.511119791666666545e+00,-2.261921619154290131e+00
1.511432291666666705e+00,-2.263695867225486325e+00
1.511744791666666643e+00,-2.265494087483937768e+00
1.512057291666666581e+00,-2.270811490757712825e+00
1.512369791666666741e+00,-2.274282785481890112e+00
1.512630526315789536e+00,-2.272343991505483718e+00
1.513051578947368414e+00,-2.274028963741009157e+00
1.513472631578947736e+00,-2.273302613314247989e+00
1.513788421052631783e+00,-2.269522033090572766e+00
1.514052083333333298e+00,-2.266131325360908555e+00
1.514314736842105269e+00,-2.262351710377965119e+00
1.514630526315789316e+00,-2.261209881615806161e+00
1.514946315789473585e+00,-2.258795544991730075e+00
1.515367368421052685e+00,-2.254771156157149736e+00
1.515632978723404412e+00,-2.255847029386772729e+00
1.515952127659574655e+00,-2.256534678529973803e+00
1.516164893617021558e+00,-2.255405735513022147e+00
1.516431182795698662e+00,-2.256098146287771389e+00
1.516753763440860547e+00,-2.259013878138505405e+00
1.517076344086021766e+00,-2.259455934279130496e+00
1.517451063829786895e+00,-2.266753078093237228e+00
1.517772340425531663e+00,-2.270210009453426103e+00
1.518091489361701685e+00,-2.276644581415243618e+00
1.518304255319148588e+00,-2.278745799395757388e+00
1.518517021276595713e+00,-2.281923258043530023e+00
1.518942553191489298e+00,-2.283598802550690365e+00
1.519368085106383104e+00,-2.288764637622857201e+00
1.519687234042552682e+00,-2.294843735302537269e+00
1.520006382978723369e+00,-2.305045750848686126e+00
1.520165591397849569e+00,-2.312657169999214002e+00
1.520595698924730899e+00,-2.310933016706273158e+00
1.520918279569892562e+00,-2.308620405994796787e+00
1.521348387096774113e+00,-2.298445835176761598e+00
1.521778494623655886e+00,-2.301962036678302237e+00
1.522101075268817327e+00,-2.302861621479118437e+00
1.522316129032257992e+00,-2.301018464572067046e+00
1.522691489361701844e+00,-2.307227277409071409e+00
1.522958064516129362e+00,-2.314925764499056182e+00
1.523388172043010913e+00,-2.321930038869417956e+00
1.523818279569892908e+00,-2.335483429409258349e+00
1.524084042553191187e+00,-2.334752218444458016e+00
1.524296808510637868e+00,-2.337719740208050290e+00
1.524615957446808778e+00,-2.346846598876997536e+00
1.524883870967741917e+00,-2.353392163115881175e+00
1.525421505376344466e+00,-2.362326256972229643e+00
1.525687234042553353e+00,-2.374265387643041958e+00
1.525955913978494172e+00,-2.384752568824050289e+00
1.526224468085106478e+00,-2.396061363497041796e+00
1.526439361702127906e+00,-2.400863765930699500e+00
1.526758510638297484e+00,-2.400510435746604276e+00
1.527077659574468393e+00,-2.403055214883423218e+00
1.527503191489361978e+00,-2.399153885809535147e+00
1.527767368421052430e+00,-2.396942098086471518e+00
1.528188421052631529e+00,-2.393525241424004690e+00
1.528398947368421190e+00,-2.392314074760679699e+00
1.528661458333333556e+00,-2.392845387202331420e+00
1.528973958333333272e+00,-2.397613589714822524e+00
1.529390625000000226e+00,-2.406734248236832574e+00
1.529703124999999941e+00,-2.411209510282382062e+00
1.530119791666666673e+00,-2.416538793721047185e+00
1.530275257731958716e+00,-2.414090167603972770e+00
1.530584536082474356e+00,-2.413397689673072222e+00
1.530996907216494840e+00,-2.415435762785040907e+00
1.531409278350515546e+00,-2.433151880388165988e+00
1.531718556701030742e+00,-2.434806667533464086e+00
1.532027835051546605e+00,-2.435096756559180342e+00
1.532337113402061801e+00,-2.439647240266394235e+00
1.532543298969072154e+00,-2.442468129204765859e+00
1.532852577319587573e+00,-2.444930840762529201e+00
1.533108163265306301e+00,-2.447531701259396897e+00
1.533516326530611984e+00,-2.448766623070914861e+00
1.533822448979591968e+00,-2.449269023993592587e+00
1.534128571428571286e+00,-2.457077823454739907e+00
1.534382828282828015e+00,-2.465531035588930386e+00
1.534638775510204001e+00,-2.463706359723247807e+00
1.534891919191919474e+00,-2.460278569931369397e+00
1.535144897959183519e+00,-2.460394990818990379e+00
1.535553061224489868e+00,-2.457892716578803149e+00
1.535807070707070565e+00,-2.453498964767070412e+00
1.536110101010100815e+00,-2.452331779463551964e+00
1.536261224489795740e+00,-2.450000189636931225e+00
1.536567346938775502e+00,-2.453478249988466864e+00
1.536873469387755042e+00,-2.457799993474131028e+00
1.537281632653061392e+00,-2.459629384551449416e+00
1.537587755102040710e+00,-2.469287591886514921e+00
1.537893877551020472e+00,-2.478128614156790199e+00
1.538200000000000456e+00,-2.487849618762709714e+00
1.538404081632652742e+00,-2.491085985988662266e+00
1.538710204081632726e+00,-2.491624415378892898e+00
1.539016326530612488e+00,-2.490043422704045994e+00
1.539373195876288625e+00,-2.488795972513319743e+00
1.539682474226804487e+00,-2.490592353133442849e+00
1.539991752577319462e+00,-2.488650336066977165e+00
1.540301030927835102e+00,-2.500771635849684760e+00
1.540610309278350520e+00,-2.515660506173677202e+00
1.540919587628866383e+00,-2.523932859133539264e+00
1.541383333333333328e+00,-2.529919093838570276e+00
1.541695833333333487e+00,-2.534283547867687947e+00
1.542008333333333425e+00,-2.540849427116920189e+00
1.542269072164948351e+00,-2.544955686007433382e+00
1.542529166666666507e+00,-2.545280322114232607e+00
1.542841666666666667e+00,-2.541428432398349369e+00
1.543154166666666605e+00,-2.547145438960617625e+00
1.543570833333333558e+00,-2.549998150655128804e+00
1.543883333333333496e+00,-2.548946686193856781e+00
1.544195833333333434e+00,-2.546346327477762017e+00
1.544508333333333594e+00,-2.542325377177073520e+00
1.544820833333333310e+00,-2.541025481137325848e+00
1.545133333333333470e+00,-2.548012789896031194e+00
1.545493814432989721e+00,-2.547679840255898664e+00
1.545803092783505139e+00,-2.550401580135342350e+00
1.546112371134020336e+00,-2.545576528507320191e+00
1.546369387755101688e+00,-2.540640408177665233e+00
1.546675510204081450e+00,-2.541185258584951701e+00
1.546981632653061212e+00,-2.535668357258173078e+00
1.547287755102040752e+00,-2.532969265303538720e+00
1.547695918367347101e+00,-2.525622594610641869e+00
1.548002040816326419e+00,-2.520162119475530371e+00
1.548308163265306181e+00,-2.513542847181137851e+00
1.548512244897959356e+00,-2.509936356782111577e+00
1.548818367346938452e+00,-2.508338901219400618e+00
1.549124489795918436e+00,-2.512537806614197233e+00
1.549431632653061275e+00,-2.516260930509353511e+00
1.549737755102040593e+00,-2.517330214718793702e+00
1.549994845360824769e+00,-2.519293715994980420e+00
1.550304123711340187e+00,-2.514841157485530942e+00
1.550510309278350318e+00,-2.510172761994955870e+00
1.550819587628865959e+00,-2.503840312961636005e+00
1.551128865979381377e+00,-2.495674904724853427e+00
1.551440206185566995e+00,-2.486907627748525584e+00
1.551749484536082413e+00,-2.485670702044048497e+00
1.552058762886598053e+00,-2.483774433783233260e+00
1.552317346938775655e+00,-2.484094781537919516e+00
1.552574226804123825e+00,-2.484961996797967032e+00
1.552883505154639021e+00,-2.485642831655375140e+00
1.553192783505154440e+00,-2.488245547550648862e+00
1.553605154639175367e+00,-2.487543333819637326e+00
1.553914432989690564e+00,-2.485446061594920319e+00
1.554223711340205982e+00,-2.489767393059103995e+00
1.554532989690721845e+00,-2.491361965395423095e+00
1.554945360824742329e+00,-2.489962737786161284e+00
1.555254639175257969e+00,-2.492369377118329954e+00
1.555667010309278231e+00,-2.497021386577082946e+00
1.555926041666666704e+00,-2.499970131241745719e+00
1.556342708333333436e+00,-2.507472252651077760e+00
1.556551041666666579e+00,-2.507360563140393239e+00
1.556863541666666739e+00,-2.512121236838817051e+00
1.557176041666666677e+00,-2.523698393678614149e+00
1.557592708333333631e+00,-2.535896219269409002e+00
1.557905208333333347e+00,-2.542949992078713084e+00
1.558217708333333285e+00,-2.547547398675341412e+00
1.558530208333333222e+00,-2.547435322495315457e+00
1.558738541666666366e+00,-2.544210411780791770e+00
1.559051041666666748e+00,-2.539933179227851667e+00
1.559363541666666464e+00,-2.537186410282621818e+00
1.559723711340206265e+00,-2.539175678406140779e+00
1.559979591836734736e+00,-2.539400326702778266e+00
1.560285714285714498e+00,-2.539152015549658081e+00
1.560540404040404061e+00,-2.536753691173028180e+00
1.560897959183673356e+00,-2.541439953094711601e+00
1.561204081632653340e+00,-2.548035942208310978e+00
1.561557575757575478e+00,-2.553212176562514202e+00
1.561811224489795702e+00,-2.552822796215779455e+00
1.562117346938775464e+00,-2.553210216469516070e+00
1.562374226804123634e+00,-2.555742956782134367e+00
1.562580412371133987e+00,-2.561334459570677069e+00
1.562889690721649627e+00,-2.562956591589441224e+00
1.563198969072165045e+00,-2.559473471600765215e+00
1.563611340206185751e+00,-2.571655098876434398e+00
1.563920618556701392e+00,-2.581403707863543673e+00
1.564229896907216588e+00,-2.578901629077808177e+00
1.564487755102040634e+00,-2.577946421541481126e+00
1.564745360824742360e+00,-2.586110541541297714e+00
1.565054639175257556e+00,-2.590772025089381092e+00
1.565363917525772974e+00,-2.595580431537260591e+00
1.565776288659793680e+00,-2.600141677489126835e+00
1.566031632653061001e+00,-2.599185449387573232e+00
1.566287628865979498e+00,-2.601279680758795898e+00
1.566493814432989629e+00,-2.605165872037519481e+00
1.566906185567010334e+00,-2.609352749825622819e+00
1.567318556701031262e+00,-2.609585909446822338e+00
1.567730927835051524e+00,-2.611407977647159928e+00
1.568040206185567165e+00,-2.615339323440950103e+00
1.568349484536082361e+00,-2.626855432649362942e+00
1.568555670103092714e+00,-2.636240753617745458e+00
1.568864948453607910e+00,-2.639212468136544754e+00
1.569174226804123551e+00,-2.639893181659780375e+00
1.569433333333333458e+00,-2.639527163112810104e+00
1.569849999999999968e+00,-2.638559778826409907e+00
1.570162500000000128e+00,-2.641230374519636381e+00
1.570475000000000065e+00,-2.651691016521526834e+00
1.570683333333333209e+00,-2.654641339748884832e+00
1.570995833333333147e+00,-2.660663794058338638e+00
1.571412500000000101e+00,-2.662427475424919532e+00
1.571776288659793908e+00,-2.665968747752067269e+00
1.572085567010309326e+00,-2.665988043509067040e+00
1.572341836734693965e+00,-2.668588373837649907e+00
1.572596969696969493e+00,-2.668599292931724154e+00
1.572852040816326458e+00,-2.667113249081629167e+00
1.573109278350515838e+00,-2.667501172213654570e+00
1.573418556701031035e+00,-2.664950081210111676e+00
1.573830927835051741e+00,-2.657357183613089813e+00
1.574140206185567159e+00,-2.658617131201384876e+00
1.574503125000000336e+00,-2.667279779547418350e+00
1.574711458333333480e+00,-2.667260640366707847e+00
1.574972631578947402e+00,-2.668628052923924354e+00
1.575288421052631671e+00,-2.658926878567142715e+00
1.575709473684210105e+00,-2.656229850144965710e+00
1.576025263157895040e+00,-2.660255673742842220e+00
1.576287500000000064e+00,-2.659620525880239672e+00
1.576495833333333207e+00,-2.657275787696515401e+00
1.576757894736842136e+00,-2.654807267077893940e+00
1.577073684210525961e+00,-2.657148969575778619e+00
1.577389473684210675e+00,-2.657813315811933919e+00
1.577758510638298306e+00,-2.659328937114318059e+00
1.578184042553191446e+00,-2.657088304435754722e+00
1.578503191489361690e+00,-2.651937074715061016e+00
1.578715957446808371e+00,-2.656653299890451958e+00
1.579035106382978615e+00,-2.662088579413286471e+00
1.579406315789473991e+00,-2.666881216530011756e+00
1.579827368421052425e+00,-2.669637744058405371e+00
1.580197872340425524e+00,-2.668123048753734849e+00
1.580517021276595768e+00,-2.664358129838342304e+00
1.580729787234042005e+00,-2.661905293471555911e+00
1.581048936170213137e+00,-2.657894195983948826e+00
1.581368085106382937e+00,-2.657814938296827467e+00
1.581900000000000306e+00,-2.667687399139142101e+00
1.582219148936170106e+00,-2.669140539200665962e+00
1.582538297872340349e+00,-2.675438311074263886e+00
1.582857446808510593e+00,-2.679541195615696036e+00
1.583121052631578873e+00,-2.685552621658823469e+00
1.583436842105262921e+00,-2.695468932033166620e+00
1.583857894736842464e+00,-2.705426347766001438e+00
1.584173684210526512e+00,-2.713938277707398594e+00
1.584435416666666541e+00,-2.714942076923576586e+00
1.584747916666666923e+00,-2.714287934268010627e+00
1.584956250000000066e+00,-2.715965700671193694e+00
1.585316494845360857e+00,-2.724294741401918518e+00
1.585577083333333137e+00,-2.730701115696595238e+00
1.585993750000000091e+00,-2.728753740250722704e+00
1.586306250000000473e+00,-2.726963874996390924e+00
1.586618750000000189e+00,-2.730965578258444104e+00
1.586773195876288955e+00,-2.730781182645738880e+00
1.587082474226804152e+00,-2.729114409197255675e+00
1.587391752577319570e+00,-2.729033805570560745e+00
1.587701030927835211e+00,-2.725726385044888733e+00
1.588058163265305911e+00,-2.727547784587117441e+00
1.588364285714285895e+00,-2.730091057678399658e+00
1.588670408163265435e+00,-2.732621447885273280e+00
1.588874489795918388e+00,-2.733791928638067414e+00
1.589180612244897928e+00,-2.738879377230286849e+00
1.589486734693877468e+00,-2.738110172599264036e+00
1.589894897959183595e+00,-2.740338692875569748e+00
1.590148484848484811e+00,-2.743413040917024759e+00
1.590552525252525218e+00,-2.744108216671597766e+00
1.590754545454545310e+00,-2.747273670286626057e+00
1.591057575757575782e+00,-2.752535401553761751e+00
1.591360606060606475e+00,-2.754161522668109097e+00
1.591663636363636058e+00,-2.751489414587031224e+00
1.592019387755102322e+00,-2.752725193741794474e+00
1.592325510204081418e+00,-2.749074089459370818e+00
1.592631632653061180e+00,-2.745260526859075956e+00
1.592835714285714355e+00,-2.749243254925364699e+00
1.593090721649484731e+00,-2.746951260110946258e+00
1.593399999999999928e+00,-2.746981693011774972e+00
1.593760416666666790e+00,-2.747316909322384149e+00
1.594072916666666728e+00,-2.750260443840654379e+00
1.594385416666666666e+00,-2.755777280567580423e+00
1.594697916666666826e+00,-2.760852021724190308e+00
1.594906249999999970e+00,-2.762940781644797283e+00
1.595218750000000130e+00,-2.766477258975005515e+00
1.595477319587628839e+00,-2.769931180071362409e+00
1.595889690721649545e+00,-2.772326165828361777e+00
1.596198969072164964e+00,-2.774425676900448501e+00
1.596508247422680160e+00,-2.778028983761541504e+00
1.596817525773195579e+00,-2.789178243394233370e+00
1.597076041666666724e+00,-2.791803263934337753e+00
1.597388541666666661e+00,-2.792811164945583347e+00
1.597805208333333171e+00,-2.788019409331298881e+00
1.598221875000000125e+00,-2.782359211255247100e+00
1.598534374999999841e+00,-2.783580477429220768e+00
1.598846875000000223e+00,-2.778061532699029446e+00
1.599159374999999939e+00,-2.779673493983452648e+00
1.599471875000000098e+00,-2.784521588327305786e+00
1.599888541666666386e+00,-2.794745172775451536e+00
1.600201041666666768e+00,-2.798674496647692411e+00
1.600513541666666706e+00,-2.801221193749334315e+00
1.600826041666666422e+00,-2.798705985052100331e+00
1.600984210526315898e+00,-2.799401928876669832e+00
1.601300000000000168e+00,-2.804121134156066120e+00
1.601615789473684215e+00,-2.811565630060228749e+00
1.601982291666666613e+00,-2.816520396780611168e+00
1.602398958333333345e+00,-2.820706461817221289e+00
1.602711458333333283e+00,-2.821857013483496157e+00
1.602919791666666427e+00,-2.825507243901259180e+00
1.603179381443299301e+00,-2.829432543471706030e+00
1.603488659793814497e+00,-2.833026306350450163e+00
1.603747916666666606e+00,-2.835183290998703587e+00
1.604109278350515533e+00,-2.837147263912397577e+00
1.604418556701030951e+00,-2.829462295555081663e+00
1.604727835051546370e+00,-2.828084541176985933e+00
1.604934020618556945e+00,-2.826425965408851493e+00
1.605243298969072141e+00,-2.820675464442238933e+00
1.605552577319587559e+00,-2.820795323315746117e+00
1.606068041237113109e+00,-2.829899120697298542e+00
1.606377319587628971e+00,-2.836199350491743765e+00
1.606686597938144390e+00,-2.833931342185813218e+00
1.606892783505154521e+00,-2.829959067865166489e+00
1.607148979591836557e+00,-2.827167975107710340e+00
1.607455102040816541e+00,-2.824518557607106573e+00
1.607761224489795859e+00,-2.827136260156843939e+00
1.608169387755102209e+00,-2.835826902024722429e+00
1.608475510204081971e+00,-2.838174675228394506e+00
1.608883673469387876e+00,-2.843618980621414938e+00
1.609087755102040607e+00,-2.839818089064489293e+00
1.609393877551020369e+00,-2.835573132088836434e+00
1.609699999999999909e+00,-2.828047801430041197e+00
1.610108163265306258e+00,-2.830671514786203158e+00
1.610414285714285576e+00,-2.834431601433117898e+00
1.610720408163265116e+00,-2.838721127545466683e+00
1.610923000000000327e+00,-2.835833067802136398e+00
1.611175757575757483e+00,-2.835494833633635192e+00
1.611478787878787733e+00,-2.834928596509569854e+00
1.611781818181818426e+00,-2.834406264565648481e+00
1.612137755102040826e+00,-2.836156719457370023e+00
1.612443877551020588e+00,-2.841936815720399245e+00
1.612750000000000128e+00,-2.840730986306105876e+00
1.612954081632652859e+00,-2.836193530783319705e+00
1.613260204081632621e+00,-2.834597255606158495e+00
1.613566326530612605e+00,-2.830892005886094687e+00
1.613819191919191764e+00,-2.825238217607856317e+00
1.614223232323232615e+00,-2.822974141715738572e+00
1.614526262626262865e+00,-2.832404860306333205e+00
1.614829292929292892e+00,-2.833724289851212497e+00
1.615031313131313206e+00,-2.836748523956313051e+00
1.615334343434343456e+00,-2.839369860413116342e+00
1.615637373737373483e+00,-2.834234805975445859e+00
1.616041414141414556e+00,-2.840525475227850372e+00
1.616344444444444139e+00,-2.843041893381569540e+00
1.616596938775510139e+00,-2.844208985459895977e+00
1.616903061224490123e+00,-2.847238248803294347e+00
1.617209183673469219e+00,-2.852835519125933583e+00
1.617515306122448759e+00,-2.858654596369332612e+00
1.617821428571428743e+00,-2.858406059976597913e+00
1.618229591836734427e+00,-2.859632793663976713e+00
1.618535714285714411e+00,-2.862706590799110273e+00
1.618841836734693951e+00,-2.862272840074599145e+00
1.619045918367346681e+00,-2.865595804079192899e+00
1.619352040816326666e+00,-2.871647794646738472e+00
1.619658163265305983e+00,-2.871948295783176786e+00
1.620066326530612111e+00,-2.863546642596357383e+00
1.620372448979591873e+00,-2.859259956808917202e+00
1.620629896907216150e+00,-2.858517810372616985e+00
1.620939175257732012e+00,-2.865872344331043209e+00
1.621145360824742365e+00,-2.869862562893194191e+00
1.621454639175257562e+00,-2.873222697928709657e+00
1.621867010309278267e+00,-2.871856697430256400e+00
1.622224489795918378e+00,-2.872769036159700029e+00
1.622530612244898141e+00,-2.871364825061703652e+00
1.622836734693877681e+00,-2.869786779880299399e+00
1.622990721649484325e+00,-2.870549344322797403e+00
1.623299999999999743e+00,-2.875058282366845130e+00
1.623609278350515384e+00,-2.879663625766376356e+00
1.624021649484535867e+00,-2.891575983919573822e+00
1.624330927835051508e+00,-2.891597646139389077e+00
1.624640206185567370e+00,-2.890021160290312974e+00
1.624949484536082567e+00,-2.888770161548710913e+00
1.625155670103092920e+00,-2.889515614054023462e+00
1.625568041237113404e+00,-2.898386906976224697e+00
1.625877319587628600e+00,-2.898465824595772844e+00
1.626289690721649528e+00,-2.883963594158433175e+00
1.626548958333333461e+00,-2.879428238671740470e+00
1.626807216494845276e+00,-2.874347032546997305e+00
1.627013402061856073e+00,-2.872513475604808075e+00
1.627322680412370826e+00,-2.870677447351126066e+00
1.627631958762886688e+00,-2.874916927950386114e+00
1.628147422680412237e+00,-2.876712917975125627e+00
1.628456701030927656e+00,-2.878084864301492019e+00
1.628765979381443518e+00,-2.883120283025910613e+00
1.629023469387754997e+00,-2.887883565250997098e+00
1.629281443298969068e+00,-2.884243007402213177e+00
1.629590721649484486e+00,-2.882322614544998718e+00
1.629851041666666278e+00,-2.886417438656367906e+00
1.630267708333333232e+00,-2.891942275667260809e+00
1.630526804123711315e+00,-2.896345254387782564e+00
1.630836082474226956e+00,-2.887722666651209025e+00
1.631042268041237309e+00,-2.883132451865632717e+00
1.631454639175257570e+00,-2.873751116577294429e+00
1.631763917525773211e+00,-2.871251872830971941e+00
1.632176288659793917e+00,-2.868490476101540843e+00
1.632485567010309557e+00,-2.868147954040444869e+00
1.632794845360824532e+00,-2.870354551913813168e+00
1.633051020408163412e+00,-2.871314840269973967e+00
1.633255102040816364e+00,-2.867655572511558226e+00
1.633561224489795682e+00,-2.860013945519569223e+00
1.633867346938775444e+00,-2.857172301009708981e+00
1.634226804123711130e+00,-2.853040543369979698e+00
1.634486458333333170e+00,-2.851826397743459029e+00
1.634903124999999902e+00,-2.845211021015878750e+00
1.635111458333333490e+00,-2.844454763963117472e+00
1.635423958333333205e+00,-2.840940107815900006e+00
1.635736458333333587e+00,-2.835925420160839039e+00
1.636153125000000097e+00,-2.838323501473698052e+00
1.636413402061855704e+00,-2.835940359104820008e+00
1.636722680412370901e+00,-2.846515180259193478e+00
1.637031958762886541e+00,-2.844783348845176363e+00
1.637238144329896672e+00,-2.847027555413308875e+00
1.637547422680412534e+00,-2.847438416706994158e+00
1.637856701030927953e+00,-2.847599929364740934e+00
1.638269072164948215e+00,-2.851882738294266861e+00
1.638578350515463633e+00,-2.849496684295941940e+00
1.638836458333333468e+00,-2.845020266331095282e+00
1.639148958333333406e+00,-2.842006301831227155e+00
1.639565625000000137e+00,-2.848936307481309438e+00
1.639823711340206103e+00,-2.847898882116083996e+00
1.640185416666666507e+00,-2.843446704431768612e+00
1.640497916666666667e+00,-2.833015846386597314e+00
1.640810416666666605e+00,-2.838024002115240751e+00
1.641071134020618549e+00,-2.837466997755243359e+00
1.641331249999999686e+00,-2.838120956906041048e+00
1.641643750000000068e+00,-2.837384361453467285e+00
1.641956249999999784e+00,-2.834974464628931212e+00
1.642372916666666738e+00,-2.827165320326129105e+00
1.642685416666666676e+00,-2.823591184436066381e+00
1.642997916666666613e+00,-2.822326188808792491e+00
1.643206250000000201e+00,-2.820977991071755842e+00
1.643518750000000139e+00,-2.822774729919868442e+00
1.643935416666666649e+00,-2.812903119955952214e+00
1.644296907216495018e+00,-2.814277991597375461e+00
1.644501030927834950e+00,-2.813203612592157121e+00
1.644810309278350591e+00,-2.819141289560936237e+00
1.645171428571428507e+00,-2.817710626024213294e+00
1.645428865979381206e+00,-2.813278397910372153e+00
1.645686458333333491e+00,-2.811953524471172194e+00
1.645998958333333206e+00,-2.809386549555743073e+00
1.646415625000000160e+00,-2.810430892905549705e+00
1.646728125000000098e+00,-2.802874388473199474e+00
1.647040625000000036e+00,-2.801653874523183596e+00
1.647248958333333180e+00,-2.799873807252546420e+00
1.647561458333333562e+00,-2.800773271636535000e+00
1.647873958333333277e+00,-2.800655847696077227e+00
1.648290624999999787e+00,-2.793721520937263225e+00
1.648603124999999947e+00,-2.788330531966742853e+00
1.648862886597938004e+00,-2.791706945640372695e+00
1.649172164948453867e+00,-2.795944509727782190e+00
1.649378350515463998e+00,-2.794836724449732301e+00
1.649790721649484482e+00,-2.799883555719165695e+00
1.650099999999999900e+00,-2.799871697836329609e+00
1.650457142857142845e+00,-2.805708750221544090e+00
1.650865306122448972e+00,-2.805947072083875060e+00
1.651171428571428734e+00,-2.805856958536481649e+00
1.651375510204081687e+00,-2.804378078951470954e+00
1.651681632653061005e+00,-2.803358726425223324e+00
1.651987755102040767e+00,-2.803123862973024405e+00
1.652395918367346672e+00,-2.807378993337036999e+00
1.652702040816326434e+00,-2.805063105601543150e+00
1.653008163265306418e+00,-2.801340576371370350e+00
1.653262626262625989e+00,-2.800652545166266272e+00
1.653518367346938689e+00,-2.800657190272543673e+00
1.653824489795918451e+00,-2.800482711970124772e+00
1.654130612244897769e+00,-2.798347228688881305e+00
1.654538775510204118e+00,-2.799549321987528039e+00
1.654741836734693772e+00,-2.799295552359255090e+00
1.655047959183673312e+00,-2.797458387718922967e+00
1.655252040816326708e+00,-2.793746957060286196e+00
1.655558163265306693e+00,-2.797705781211450748e+00
1.655812121212121069e+00,-2.800569957170881530e+00
1.656115151515151540e+00,-2.801474922356777419e+00
1.656519191919191725e+00,-2.805102696769850468e+00
1.656822222222222196e+00,-2.805085444539767714e+00
1.657125252525253112e+00,-2.799764720824415853e+00
1.657327272727272760e+00,-2.796480683092180453e+00
1.657630303030303009e+00,-2.787924108923163669e+00
1.657933333333333481e+00,-2.783292751933115206e+00
1.658288775510203816e+00,-2.782212604336905759e+00
1.658594897959183800e+00,-2.779698004573394776e+00
1.658901020408163340e+00,-2.776779214016166453e+00
1.659207142857142658e+00,-2.770714952552233434e+00
1.659411224489795833e+00,-2.768714047906034370e+00
1.659819387755102182e+00,-2.764367205020542340e+00
1.660125510204081500e+00,-2.765959762065768768e+00
1.660533673469387850e+00,-2.759203069287485377e+00
1.660839795918367168e+00,-2.759066136210302389e+00
1.661145918367346708e+00,-2.757653861959547648e+00
1.661349999999999882e+00,-2.754927759562340039e+00
1.661656122448979644e+00,-2.754034547426081669e+00
1.661962244897959184e+00,-2.756560552663740005e+00
1.662370408163265756e+00,-2.754201360561906231e+00
1.662676530612244852e+00,-2.751058319317550627e+00
1.662934020618556996e+00,-2.754289348402730653e+00
1.663294897959183727e+00,-2.756470945132528438e+00
1.663552577319587611e+00,-2.759329396740533902e+00
1.663861855670103029e+00,-2.763159949651576408e+00
1.664171134020618226e+00,-2.765583787328136367e+00
1.664583505154639154e+00,-2.763473603908356058e+00
1.664838775510204316e+00,-2.757876688478236193e+00
1.665144897959183412e+00,-2.757862648550327922e+00
1.665348979591836587e+00,-2.761667066550112626e+00
1.665655102040816571e+00,-2.761579095751818258e+00
1.665961224489796111e+00,-2.761548947779029817e+00
1.666267346938775429e+00,-2.760688522830453628e+00
1.666675510204082000e+00,-2.756829251941456338e+00
1.666981632653061096e+00,-2.760623047724051649e+00
1.667287755102040636e+00,-2.763573240011535592e+00
1.667491836734694033e+00,-2.759586853476978074e+00
1.667899999999999938e+00,-2.757868633083646159e+00
1.668154545454545223e+00,-2.753571152098772234e+00
1.668558585858585852e+00,-2.761791928694839804e+00
1.668861616161615880e+00,-2.758882277164579122e+00
1.669164646464646795e+00,-2.752651318916153667e+00
1.669366666666666665e+00,-2.751989930496992809e+00
1.669669696969696693e+00,-2.751545735765956735e+00
1.669972727272727386e+00,-2.749365500452308542e+00
1.670275757575757414e+00,-2.751986749908023278e+00
1.670679797979798042e+00,-2.757615712300165445e+00
1.670982828282828514e+00,-2.762473163203357451e+00
1.671285858585858319e+00,-2.765292425363018225e+00
1.671487878787878634e+00,-2.769251338777344085e+00
1.671790909090909549e+00,-2.765641468464680397e+00
1.672093939393939355e+00,-2.769093710505761585e+00
1.672497979797979983e+00,-2.767406168491747920e+00
1.672749999999999959e+00,-2.769452071070674037e+00
1.673049999999999482e+00,-2.767584462080982188e+00
1.673350000000000115e+00,-2.764890515566071016e+00
1.673550000000000093e+00,-2.761172033564856854e+00
1.673849999999999838e+00,-2.758062691204332673e+00
1.674150000000000027e+00,-2.753973780767803969e+00
1.674549999999999761e+00,-2.745592084834352242e+00
1.674849999999999950e+00,-2.748367846222797617e+00
1.675150000000000361e+00,-2.750195450828525789e+00
1.675400000000000222e+00,-2.746423343126843886e+00
1.675649999999999640e+00,-2.744455114505677695e+00
1.675950000000000273e+00,-2.745787292689663595e+00
1.676250000000000018e+00,-2.745678794967698177e+00
1.676649999999999974e+00,-2.748724583171706204e+00
1.676950000000000607e+00,-2.748051766118617678e+00
1.677249999999999908e+00,-2.748580877313471227e+00
1.677450000000000108e+00,-2.757110777355014974e+00
1.677701010101010359e+00,-2.761829303005730374e+00
1.678004040404040387e+00,-2.763744313891565607e+00
1.678307070707070636e+00,-2.761402563813267985e+00
1.678711111111111043e+00,-2.767036324840242312e+00
1.679014141414141292e+00,-2.780494149348844424e+00
1.679317171717171764e+00,-2.784092679934031089e+00
1.679519191919192300e+00,-2.783723473231257906e+00
1.679822222222221884e+00,-2.785044828848439291e+00
1.680125252525252577e+00,-2.786592584266697425e+00
1.680529292929292984e+00,-2.782408589140623167e+00
1.680832323232323011e+00,-2.779664841180312429e+00
1.681135353535353927e+00,-2.775493685835885405e+00
1.681438383838383954e+00,-2.774682857751215259e+00
1.681640404040403824e+00,-2.774264674708921685e+00
1.681943434343434518e+00,-2.772956880588739903e+00
1.682246464646464545e+00,-2.767702093483984438e+00
1.682751515151515331e+00,-2.761715757346740130e+00
1.683054545454545359e+00,-2.762542470271421191e+00
1.683357575757575386e+00,-2.757245719897596814e+00
1.683559595959596145e+00,-2.754201925210191249e+00
1.683862626262626394e+00,-2.749989966236698002e+00
1.684165656565656422e+00,-2.747831834202008494e+00
1.684569696969697272e+00,-2.753291655424040307e+00
1.684872727272727078e+00,-2.753043583325919030e+00
1.685175757575757549e+00,-2.749795403105030456e+00
1.685478787878788021e+00,-2.748202354551623205e+00
1.685680808080807891e+00,-2.744810371825131767e+00
1.685983838383838362e+00,-2.739954329038158498e+00
1.686286868686868834e+00,-2.737039738224994245e+00
1.686690909090908574e+00,-2.735177163471707029e+00
1.686993939393939490e+00,-2.734483246648624633e+00
1.687296969696969740e+00,-2.730175966260662612e+00
1.687548999999999966e+00,-2.726420819122523209e+00
1.687749999999999861e+00,-2.726997099763549315e+00
1.688050000000000050e+00,-2.726000477086168328e+00
1.688301010101010302e+00,-2.726109215179305600e+00
1.688705050505050709e+00,-2.714912377190632498e+00
1.689008080808081180e+00,-2.703100101496174634e+00
1.689311111111110986e+00,-2.696490443120163505e+00
1.689513131313131300e+00,-2.691968771912746750e+00
1.689816161616161549e+00,-2.689435522215717356e+00
1.690119191919191799e+00,-2.682260220771719883e+00
1.690422222222222270e+00,-2.680003101907882712e+00
1.690826262626262455e+00,-2.676304955484420045e+00
1.691129292929292927e+00,-2.677901987361027025e+00
1.691432323232323398e+00,-2.674795347620746888e+00
1.691634343434343490e+00,-2.671719294708898573e+00
1.691937373737373518e+00,-2.668690820395327901e+00
1.692240404040403989e+00,-2.672058734673071978e+00
1.692644444444444174e+00,-2.681425281437128216e+00
1.692947474747474645e+00,-2.683953489658792879e+00
1.693351515151515274e+00,-2.685775715094969929e+00
1.693553535353535144e+00,-2.686142506240756234e+00
1.693856565656566060e+00,-2.689003597249222999e+00
1.694110204081632487e+00,-2.688541531845863197e+00
1.694416326530612249e+00,-2.683922228657012798e+00
1.694824489795918820e+00,-2.677375817217122478e+00
1.695130612244897694e+00,-2.680401980448372967e+00
1.695385567010309069e+00,-2.681299288713913764e+00
1.695591752577319422e+00,-2.677944680865262939e+00
1.695901030927835063e+00,-2.675493625742851656e+00
1.696158333333333657e+00,-2.675434233117272242e+00
1.696575000000000166e+00,-2.669648723095944920e+00
1.696887500000000104e+00,-2.664477755942570081e+00
1.697148421052631750e+00,-2.664202243899477462e+00
1.697412765957446501e+00,-2.657430459788913346e+00
1.697625531914893626e+00,-2.650541455695058168e+00
1.697892473118279177e+00,-2.646397270153525216e+00
1.698161702127659822e+00,-2.644496103363750628e+00
1.698587234042553185e+00,-2.644853407623439789e+00
1.698959139784946171e+00,-2.651796774750887487e+00
1.699281720430107390e+00,-2.649644062225999797e+00
1.699496774193548054e+00,-2.648561909755683175e+00
1.699819354838709939e+00,-2.648847131919637388e+00
1.700141935483870936e+00,-2.650899771567257535e+00
1.700679569892473042e+00,-2.649863244016582797e+00
1.700948913043478283e+00,-2.647342295884064445e+00
1.701383695652174177e+00,-2.634311392867215940e+00
1.701601086956522124e+00,-2.630847639524841242e+00
1.701927173913043490e+00,-2.627942600912958060e+00
1.702419780219780243e+00,-2.620096189244204066e+00
1.702969230769230791e+00,-2.618523512322128877e+00
1.703298901098901252e+00,-2.617517580936195021e+00
1.703628571428571492e+00,-2.620324703029584867e+00
1.703848351648351134e+00,-2.618852435157948744e+00
1.704230434782608938e+00,-2.617631064412436093e+00
1.704556521739130748e+00,-2.620763559730846737e+00
1.704991304347825976e+00,-2.628976978848868384e+00
1.705317391304348007e+00,-2.628882804073626289e+00
1.705587096774193512e+00,-2.629194954173455834e+00
1.705802150537634176e+00,-2.631588064741892108e+00
1.706232258064516616e+00,-2.626130508705374123e+00
1.706497872340425381e+00,-2.625024393324600691e+00
1.706875268817204194e+00,-2.627963760449393504e+00
1.707197849462365857e+00,-2.624307744960811206e+00
1.707513684210526295e+00,-2.621038666425704378e+00
1.707776041666666744e+00,-2.622675883903103689e+00
1.707985416666666589e+00,-2.630081534627970008e+00
1.708297916666666749e+00,-2.630613305387638157e+00
1.708610416666666465e+00,-2.633649449160909484e+00
1.708975789473684559e+00,-2.633996474088487361e+00
1.709236458333333042e+00,-2.632972406644531027e+00
1.709548958333333202e+00,-2.638554426206525250e+00
1.709757291666666790e+00,-2.640418714570148317e+00
1.710069791666666950e+00,-2.642132456473749613e+00
1.710382291666666887e+00,-2.643893675858933978e+00
1.710798958333333397e+00,-2.649461865969809260e+00
1.711057731958762984e+00,-2.647322079316621668e+00
1.711315624999999896e+00,-2.648320367047950707e+00
1.711680412371133997e+00,-2.650578714921727919e+00
1.711940624999999772e+00,-2.651695157944047310e+00
1.712199999999999722e+00,-2.652059644555554652e+00
1.712509278350515363e+00,-2.651473956232132334e+00
1.712921649484535846e+00,-2.650567577422070276e+00
1.713230927835051709e+00,-2.645054041463795969e+00
1.713540206185566683e+00,-2.640681914093606864e+00
1.713746391752577480e+00,-2.639893300501386264e+00
1.714158762886597964e+00,-2.638359184355890008e+00
1.714468041237113605e+00,-2.630198574997503425e+00
1.714880412371133644e+00,-2.624646318097586306e+00
1.715189690721649507e+00,-2.627006731202830014e+00
1.715449999999999919e+00,-2.627465489228228090e+00
1.715710309278350554e+00,-2.630176619259148918e+00
1.715970833333333445e+00,-2.637054108461672985e+00
1.716387499999999955e+00,-2.636983350177251939e+00
1.716645360824742284e+00,-2.631568107843501814e+00
1.717007291666666546e+00,-2.631446173638405828e+00
1.717319791666666928e+00,-2.631017059622581034e+00
1.717582105263157910e+00,-2.634014183119426367e+00
1.717792631578947349e+00,-2.632830978519714371e+00
1.718057446808511024e+00,-2.631632259241411642e+00
1.718376595744680824e+00,-2.628846548183217280e+00
1.718802127659574630e+00,-2.622814321542158211e+00
1.719013829787233716e+00,-2.620477252287674474e+00
1.719332978723404182e+00,-2.621245613555709397e+00
1.719652127659574425e+00,-2.621999033940335622e+00
1.719810752688172295e+00,-2.619418112386521891e+00
1.720240860215053180e+00,-2.614062885064753594e+00
1.720563440860215287e+00,-2.609070177806785740e+00
1.720993548387096617e+00,-2.608480096002530502e+00
1.721262765957447094e+00,-2.611085744862349234e+00
1.721581914893616894e+00,-2.616870338354587489e+00
1.721901063829786915e+00,-2.618723339051267640e+00
1.722220212765957381e+00,-2.621643703653645296e+00
1.722595698924730856e+00,-2.619078158597292205e+00
1.723133333333333628e+00,-2.608428540764837766e+00
1.723403260869565301e+00,-2.609611659793616756e+00
1.723675824175824101e+00,-2.610296974836566974e+00
1.723950000000000093e+00,-2.613120599558141688e+00
1.724283333333332946e+00,-2.618918674481269360e+00
1.724562921348314903e+00,-2.618467652557529668e+00
1.725124719101123638e+00,-2.609055020265404146e+00
1.725347191011236125e+00,-2.608048920776248281e+00
1.725684269662921766e+00,-2.602862680246938343e+00
1.725908988764044860e+00,-2.601026680841785232e+00
1.726246067415730501e+00,-2.600733832142457569e+00
1.726583146067415919e+00,-2.605302032597827555e+00
1.726975555555555486e+00,-2.611776490186000554e+00
1.727308888888889005e+00,-2.611225710280755230e+00
1.727694505494505206e+00,-2.605083733654818268e+00
1.727914285714285514e+00,-2.604457937621639463e+00
1.728185869565217692e+00,-2.599705792128458981e+00
1.728679120879120790e+00,-2.595419424006939035e+00
1.729119780219780411e+00,-2.599713565567758788e+00
1.729507777777777644e+00,-2.594423311752273698e+00
1.729731111111111552e+00,-2.591865044527409179e+00
1.729954444444444794e+00,-2.592974816994613185e+00
1.730398888888888820e+00,-2.590207237416101371e+00
1.730732222222222338e+00,-2.587897027496383728e+00
1.731176666666666364e+00,-2.584307612595545756e+00
1.731510000000000105e+00,-2.577598953925527958e+00
1.731789887640449388e+00,-2.576781128032016532e+00
1.732014606741572926e+00,-2.578594828584558130e+00
1.732351685393258345e+00,-2.577531689753292277e+00
1.732628888888889218e+00,-2.580614407672520816e+00
1.733073333333333244e+00,-2.579767260894176850e+00
1.733406666666666984e+00,-2.578390463997011217e+00
1.733733695652173834e+00,-2.579981150275623136e+00
1.734059782608695421e+00,-2.584787018794493019e+00
1.734435483870967909e+00,-2.585812369308036818e+00
1.734807446808510401e+00,-2.591952513419496729e+00
1.735232978723404429e+00,-2.588326011701451712e+00
1.735497894736842017e+00,-2.586183426031952060e+00
1.735762765957446385e+00,-2.587102977589357700e+00
1.735975531914893288e+00,-2.584616660341711114e+00
1.736241935483871179e+00,-2.581276916424797285e+00
1.736672043010752731e+00,-2.577523641676061850e+00
1.737102150537634504e+00,-2.571822328413673642e+00
1.737424731182795501e+00,-2.574085507906872294e+00
1.737747311827957386e+00,-2.573029679781853041e+00
1.738014893617021661e+00,-2.569565145436350839e+00
1.738284946236559048e+00,-2.573327458408606994e+00
1.738551063829787191e+00,-2.575043184567251231e+00
1.738870212765957435e+00,-2.568613728124071294e+00
1.739238947368420662e+00,-2.563146954753360962e+00
1.739498958333333123e+00,-2.556236728015224724e+00
1.739758762886597809e+00,-2.550769959071730764e+00
1.739964948453608162e+00,-2.550076573591435025e+00
1.740274226804123803e+00,-2.549664672596715587e+00
1.740686597938144287e+00,-2.551700039219535032e+00
1.741098969072165215e+00,-2.550915740655301356e+00
1.741511340206185698e+00,-2.558149435941514671e+00
1.741767346938775773e+00,-2.556376068740470853e+00
1.741971428571428504e+00,-2.555707190384724381e+00
1.742277551020407822e+00,-2.554326781924852519e+00
1.742583673469387806e+00,-2.546452644007167976e+00
1.742889795918367568e+00,-2.547311261596306942e+00
1.743247422680412440e+00,-2.551077512827962579e+00
1.743556701030927858e+00,-2.546978374201727124e+00
1.743865979381443276e+00,-2.540168257763419923e+00
1.744021875000000277e+00,-2.535850155763926583e+00
1.744334375000000215e+00,-2.531612720054127852e+00
1.744646875000000152e+00,-2.524818464960027153e+00
1.745063541666666884e+00,-2.522912614734878822e+00
1.745376041666666822e+00,-2.518755224822214700e+00
1.745586458333333368e+00,-2.514296383886600594e+00
1.745898958333333306e+00,-2.509611859975056980e+00
1.746107291666666894e+00,-2.506285041851345152e+00
1.746365979381443001e+00,-2.502900258637300812e+00
1.746675257731958641e+00,-2.498383453055136982e+00
1.747037500000000021e+00,-2.496745020628363676e+00
1.747349999999999959e+00,-2.500614256845251404e+00
1.747662499999999897e+00,-2.503950686930666247e+00
1.747923711340206188e+00,-2.508421870816451626e+00
1.748287499999999994e+00,-2.503221164360155626e+00
1.748547368421052184e+00,-2.505018317035146325e+00
1.749073684210526336e+00,-2.512276183816072095e+00
1.749389473684210383e+00,-2.516454608773083912e+00
1.749705263157895097e+00,-2.515230667146026278e+00
1.749915789473684313e+00,-2.511249135057557424e+00
1.750180851063830145e+00,-2.505376865174929524e+00
1.750606382978723508e+00,-2.502612423187580148e+00
1.750925531914893529e+00,-2.502068694037135721e+00
1.751297849462365885e+00,-2.497354223802511264e+00
1.751620430107526882e+00,-2.494465607650837136e+00
1.751996808510638104e+00,-2.492512912935697766e+00
1.752213043478261012e+00,-2.489904195351293037e+00
1.752539130434782599e+00,-2.490450372251137967e+00
1.752865217391304409e+00,-2.492063984730806148e+00
1.753194565217391476e+00,-2.490010817179301839e+00
1.753520652173912842e+00,-2.493235141556307877e+00
1.753901075268817333e+00,-2.490598229530824437e+00
1.754116129032257998e+00,-2.490284818731163252e+00
1.754385869565217249e+00,-2.489565242328444228e+00
1.754711956521739502e+00,-2.492898328232742156e+00
1.755205494505494235e+00,-2.504664793733718753e+00
1.755426373626373548e+00,-2.511373138139298078e+00
1.755756043956044232e+00,-2.519873248806696608e+00
1.755975824175823874e+00,-2.524465714633446822e+00
1.756415384615384934e+00,-2.532658216228757642e+00
1.756692222222222100e+00,-2.534132332946169353e+00
1.757134444444444776e+00,-2.536180417994860825e+00
1.757467777777777851e+00,-2.537189107639210128e+00
1.757801111111111148e+00,-2.535173806194336521e+00
1.758134444444444888e+00,-2.532163792140214476e+00
1.758413483146067602e+00,-2.532307281087382123e+00
1.758693333333333664e+00,-2.522951761461325493e+00
1.759137777777778355e+00,-2.525226310218915859e+00
1.759582222222222381e+00,-2.525297121123237343e+00
1.759975280898876671e+00,-2.528351388547850132e+00
1.760142222222222053e+00,-2.529689362812366671e+00
1.760586666666666522e+00,-2.537170819014304968e+00
1.760920000000000263e+00,-2.537207685775524357e+00
1.761364444444444288e+00,-2.540571657474224310e+00
1.761694444444444230e+00,-2.538135884255434238e+00
1.762027777777777526e+00,-2.535173359128213733e+00
1.762303296703296995e+00,-2.528877758782857477e+00
1.762632967032967235e+00,-2.532446629546864170e+00
1.762962637362636587e+00,-2.528128206885910334e+00
1.763342391304348000e+00,-2.527696186505723475e+00
1.763777173913043672e+00,-2.522736143137643605e+00
1.764103260869565259e+00,-2.520910056751936246e+00
1.764320652173913206e+00,-2.520358556734814126e+00
1.764589247311828091e+00,-2.522150440104931945e+00
1.764963829787233651e+00,-2.516266712696462626e+00
1.765389361702128124e+00,-2.503893631148820020e+00
1.765601063829787432e+00,-2.501675320842786210e+00
1.765920212765957453e+00,-2.500541157055897745e+00
1.766185263157894703e+00,-2.506710604394947861e+00
1.766452127659574600e+00,-2.502624016023644149e+00
1.766821052631578848e+00,-2.497939653522216030e+00
1.767087234042553190e+00,-2.493211269761941296e+00
1.767455789473683980e+00,-2.488042378154400769e+00
1.767771578947368472e+00,-2.486047988526829400e+00
1.768035106382978450e+00,-2.480666876368321283e+00
1.768247872340425353e+00,-2.482827794396135435e+00
1.768511578947368434e+00,-2.482270545198961731e+00
1.768827368421052704e+00,-2.483335233706766232e+00
1.769198936170212511e+00,-2.476885735685570022e+00
1.769518085106382976e+00,-2.476944083039398503e+00
1.769728723404255355e+00,-2.479639571148166244e+00
1.770047872340425155e+00,-2.480507722539929460e+00
1.770367021276595842e+00,-2.474570831585858777e+00
1.770686170212765420e+00,-2.476019031259567349e+00
1.771005319148936330e+00,-2.475457118075264695e+00
1.771430851063829692e+00,-2.475869668713330363e+00
1.771695789473684224e+00,-2.475886842368396401e+00
1.772116842105263101e+00,-2.480267044020036060e+00
1.772327368421052540e+00,-2.482467121513937336e+00
1.772643157894736365e+00,-2.480449462046857789e+00
1.773064210526316131e+00,-2.479434403544911625e+00
1.773432978723404219e+00,-2.480143786265542882e+00
1.773752127659574462e+00,-2.481967546029054894e+00
1.774127956989247190e+00,-2.481012549629573627e+00
1.774343010752688299e+00,-2.479557459939435216e+00
1.774613043478261210e+00,-2.481270865284885385e+00
1.775047826086956437e+00,-2.483517644321558748e+00
1.775374999999999925e+00,-2.488398048663094553e+00
1.775701086956521291e+00,-2.488724746337705795e+00
1.776027173913043322e+00,-2.479452006199160063e+00
1.776191208791209064e+00,-2.479099312886955619e+00
1.776465555555555298e+00,-2.481195742516875580e+00
1.776743956043955963e+00,-2.481451705944238473e+00
1.777073626373626869e+00,-2.481174648464477883e+00
1.777513186813186596e+00,-2.485511614680997461e+00
1.777842857142857280e+00,-2.482988244275992962e+00
1.778116304347825638e+00,-2.480379832367451076e+00
1.778442391304347669e+00,-2.481643574255282036e+00
1.778824175824176068e+00,-2.479059196136547349e+00
1.779043956043956154e+00,-2.478313446373175299e+00
1.779593406593406701e+00,-2.479606031093227081e+00
1.779867391304347679e+00,-2.480060887339047948e+00
1.780138461538461669e+00,-2.479750063589579501e+00
1.780468131868132353e+00,-2.475156817961672751e+00
1.780797802197801927e+00,-2.469122431830658826e+00
1.781347252747253362e+00,-2.463200862316103912e+00
1.781786813186813090e+00,-2.460875176565126221e+00
1.782116483516483330e+00,-2.452638379801934665e+00
1.782336263736264081e+00,-2.447992364315136449e+00
1.782614444444444279e+00,-2.445458563865865909e+00
1.782947777777778020e+00,-2.445568726409648619e+00
1.783229213483146225e+00,-2.447559094668878998e+00
1.783619999999999761e+00,-2.443405587350700348e+00
1.784116483516483553e+00,-2.442767458712977735e+00
1.784390217391303768e+00,-2.440676540341723655e+00
1.784609782608695738e+00,-2.439855815245993043e+00
1.784935869565217770e+00,-2.435765600992255919e+00
1.785371739130434454e+00,-2.428535410561071028e+00
1.785643956043955871e+00,-2.422948546248810953e+00
1.785973626373626333e+00,-2.419829041518017032e+00
1.786246739130434857e+00,-2.421217447548033697e+00
1.786464130434783026e+00,-2.423563685970161696e+00
1.786733333333333729e+00,-2.429114046819327744e+00
1.787055913978494281e+00,-2.429288263729517894e+00
1.787593548387096609e+00,-2.434199225505751407e+00
1.787865217391303885e+00,-2.438127036278091353e+00
1.788300000000000223e+00,-2.440334284281317156e+00
1.788517391304347726e+00,-2.439298222080836354e+00
1.788788172043010327e+00,-2.442173294833541952e+00
1.789055319148936229e+00,-2.446279501054461125e+00
1.789429032258064600e+00,-2.446212764681354734e+00
1.789751612903225597e+00,-2.440624702705094684e+00
1.790074193548387482e+00,-2.434750026924484612e+00
1.790289247311828147e+00,-2.435576286389470990e+00
1.790668478260869501e+00,-2.431734076451430138e+00
1.790994565217391310e+00,-2.431723772077828194e+00
1.791374725274725188e+00,-2.430148039596340404e+00
1.791704395604395872e+00,-2.431615781641450091e+00
1.792034065934065445e+00,-2.438861599931080981e+00
1.792308695652174100e+00,-2.439031588142060780e+00
1.792634782608695687e+00,-2.441764850240671247e+00
1.792906451612903185e+00,-2.443596802082547370e+00
1.793229032258064626e+00,-2.444609727352548223e+00
1.793606521739130599e+00,-2.447045454413332877e+00
1.793932608695652409e+00,-2.447417288363223697e+00
1.794258695652174440e+00,-2.450155067813204912e+00
1.794584782608695583e+00,-2.453633603800985608e+00
1.794910869565217393e+00,-2.456759961680637261e+00
1.795238043478260881e+00,-2.459957759066496941e+00
1.795725806451612838e+00,-2.452226800077302649e+00
1.796048387096774501e+00,-2.448031528664534218e+00
1.796318478260869655e+00,-2.443531829574831171e+00
1.796644565217391465e+00,-2.435483616294050968e+00
1.796970652173913052e+00,-2.426783796919006253e+00
1.797243956043955926e+00,-2.418214133174072078e+00
1.797628260869565509e+00,-2.411093062541853183e+00
1.797846666666666593e+00,-2.407897787231313202e+00
1.798179999999999890e+00,-2.406697156214865352e+00
1.798457303370786686e+00,-2.405748512611621148e+00
1.798794382022471661e+00,-2.402293453544831259e+00
1.799076136363636502e+00,-2.395002311886014645e+00
1.799471910112359518e+00,-2.390192779903196563e+00
1.799753409090909306e+00,-2.393732669194380769e+00
1.800094318181818087e+00,-2.394250807578854889e+00
1.800266292134831136e+00,-2.395588653187429529e+00
1.800546590909090972e+00,-2.402941366281772240e+00
1.800770930232558076e+00,-2.403542862778578204e+00
1.801238372093023177e+00,-2.401926514645521760e+00
1.801525882352941421e+00,-2.402288879948258238e+00
1.801936904761904934e+00,-2.400801997868464266e+00
1.802113253012047833e+00,-2.399797653553423782e+00
1.802656097560975335e+00,-2.392822527144618405e+00
1.803021951219512253e+00,-2.391770287334604284e+00
1.803512195121951267e+00,-2.391970134566134387e+00
1.804000000000000048e+00,-2.392404229274583294e+00
1.804245121951219666e+00,-2.390989938488199851e+00
1.804613750000000127e+00,-2.389130623825022504e+00
1.804988750000000142e+00,-2.390494791990490420e+00
1.805545679012345639e+00,-2.390413725586089999e+00
1.806172151898734146e+00,-2.389004194915445467e+00
1.806422784810126636e+00,-2.385868781214796730e+00
1.806929113924051089e+00,-2.390113883060361655e+00
1.807373076923077360e+00,-2.397288416372274966e+00
1.807885897435897560e+00,-2.393543525323716725e+00
1.808076623376623893e+00,-2.394052395952946721e+00
1.808467532467533001e+00,-2.393129675290342373e+00
1.808661842105263373e+00,-2.394696110244003417e+00
1.808926315789473493e+00,-2.399916071148476160e+00
1.809518666666666942e+00,-2.408874008247957832e+00
1.809981578947368108e+00,-2.406764304562232670e+00
1.810309090909090424e+00,-2.404199475027983368e+00
1.810632051282051291e+00,-2.391593156345368953e+00
1.811078481012657893e+00,-2.384326669778653596e+00
1.811325925925926006e+00,-2.386246285169824510e+00
1.811943209876542893e+00,-2.386848651877943261e+00
1.812126829268292827e+00,-2.388958276851615548e+00
1.812554216867469536e+00,-2.390012220829067946e+00
1.812916867469879678e+00,-2.394609277650276535e+00
1.813576190476190231e+00,-2.388290718694953796e+00
1.814179268292683167e+00,-2.380021932403806773e+00
1.814481927710843490e+00,-2.376382604025917722e+00
1.814780952380952384e+00,-2.369540144186514485e+00
1.815138095238095550e+00,-2.363348305110863912e+00
1.815495238095238051e+00,-2.362587684689134271e+00
1.815918072289157026e+00,-2.377302978458564198e+00
1.816150588235294183e+00,-2.382760623884690343e+00
1.816503529411764628e+00,-2.389605710439451691e+00
1.816732183908045917e+00,-2.397100127423860805e+00
1.817089411764705842e+00,-2.399578318873587079e+00
1.817441176470588005e+00,-2.401983878823031215e+00
1.817792941176470389e+00,-2.400313593440534632e+00
1.818082558139534566e+00,-2.388863527348234150e+00
1.818309090909090875e+00,-2.382215106223253720e+00
1.818537499999999918e+00,-2.378318803034337847e+00
1.818708045977011523e+00,-2.375419996780304466e+00
1.819050574712643975e+00,-2.363426628245999250e+00
1.819394252873563378e+00,-2.361663297567358377e+00
1.819681395348837327e+00,-2.363533487419079648e+00
1.819909523809524199e+00,-2.365692892113528067e+00
1.820203614457831298e+00,-2.374184070983670125e+00
1.820503658536585245e+00,-2.377717302473028482e+00
1.820804938271604945e+00,-2.378458346104972421e+00
1.821175308641975521e+00,-2.373386655958981351e+00
1.821610000000000174e+00,-2.371574280347766184e+00
1.821986249999999696e+00,-2.369997473027745549e+00
1.822297468354429961e+00,-2.366277386948716810e+00
1.822677215189873134e+00,-2.357048348959470907e+00
1.823121794871795043e+00,-2.358502539972666234e+00
1.823634210526315469e+00,-2.362707636294447688e+00
1.824026315789473829e+00,-2.356221565766641213e+00
1.824486666666666590e+00,-2.353878743211307523e+00
1.825089189189188943e+00,-2.341606706761970358e+00
1.825762162162162250e+00,-2.323004421942267861e+00
1.826239726027397481e+00,-2.318170686649242640e+00
1.826653424657534108e+00,-2.311144322160703091e+00
1.826998611111111170e+00,-2.308317943337423905e+00
1.827547297297297479e+00,-2.303495795460531959e+00
1.828087837837837570e+00,-2.308025400123392856e+00
1.828628378378378327e+00,-2.319809112989456246e+00
1.828958666666667066e+00,-2.323173468165680156e+00
1.829355999999999760e+00,-2.324999134468751727e+00
1.829886666666666217e+00,-2.324698741077598552e+00
1.830330769230769095e+00,-2.312317929399668071e+00
1.830645569620252822e+00,-2.309731045648629522e+00
1.830832500000000307e+00,-2.307398499653645629e+00
1.831273417721519081e+00,-2.303233048725243037e+00
1.831708749999999997e+00,-2.309912279871548346e+00
1.832193902439024802e+00,-2.315127733091723705e+00
1.832439024390243754e+00,-2.313741392921247808e+00
1.832684146341463816e+00,-2.311771250345939777e+00
1.832928048780487984e+00,-2.317248801417460591e+00
1.833114814814814864e+00,-2.318764009626711253e+00
1.833485185185184996e+00,-2.319918289857518801e+00
1.833908333333333029e+00,-2.324456948202770157e+00
1.834269047619047521e+00,-2.331478559054068533e+00
1.834683529411764491e+00,-2.337317739848592701e+00
1.834860714285713623e+00,-2.339733757513906109e+00
1.835155294117646774e+00,-2.345810837490154732e+00
1.835569047619048044e+00,-2.355331442168352218e+00
1.835863529411764894e+00,-2.358345911657846017e+00
1.836277380952380911e+00,-2.353918085017220996e+00
1.836514285714285322e+00,-2.350107840793483227e+00
1.836634523809523856e+00,-2.349678691880435988e+00
1.837169879518072202e+00,-2.359037712394895792e+00
1.837531325301204665e+00,-2.364072902408795418e+00
1.838197560975609823e+00,-2.354852308829713081e+00
1.838502409638554047e+00,-2.351836741724057767e+00
1.838743373493976208e+00,-2.353205226288466623e+00
1.839106024096385239e+00,-2.351654890436236212e+00
1.839405952380952280e+00,-2.357706992671936952e+00
1.839943373493975631e+00,-2.379748909788621525e+00
1.840304819277108539e+00,-2.385353368341488256e+00
1.840666265060240780e+00,-2.386773495371419251e+00
1.840969512195121949e+00,-2.385577099202188300e+00
1.841332926829268413e+00,-2.381247934045004122e+00
1.841947499999999849e+00,-2.374643067667052687e+00
1.842318292682926462e+00,-2.373086930933434591e+00
1.842684146341463380e+00,-2.372494870441201442e+00
1.842926829268292988e+00,-2.371949339927642342e+00
1.843228915662650680e+00,-2.368190620935188395e+00
1.843532926829268392e+00,-2.363385187093683726e+00
1.844024390243902189e+00,-2.356194631143347706e+00
1.844390243902438886e+00,-2.352543464010367291e+00
1.844637499999999930e+00,-2.350915627621969151e+00
1.844887500000000014e+00,-2.348112822367950159e+00
1.845262499999999806e+00,-2.347183612985907608e+00
1.845638749999999773e+00,-2.348585984504242941e+00
1.846018750000000042e+00,-2.350765635404839404e+00
1.846396250000000183e+00,-2.354194055271274344e+00
1.846770000000000023e+00,-2.350360804327408459e+00
1.847021250000000281e+00,-2.348515744305843533e+00
1.847396249999999851e+00,-2.341582588250130215e+00
1.847832911392404798e+00,-2.346378233321868567e+00
1.848276923076922929e+00,-2.348823664342913897e+00
1.848664102564102407e+00,-2.352449700865643756e+00
1.848857142857142755e+00,-2.354282750151535097e+00
1.849314473684210425e+00,-2.346616782459668649e+00
1.850035064935064755e+00,-2.328227545720122027e+00
1.850493421052631371e+00,-2.330508363057883781e+00
1.850882051282051632e+00,-2.336775904616511745e+00
1.851266666666666616e+00,-2.335113194342836263e+00
1.851647435897435745e+00,-2.327919417945016445e+00
1.852149999999999963e+00,-2.324105458697158344e+00
1.852649999999999908e+00,-2.326040835217314307e+00
1.853025000000000144e+00,-2.328281136717583522e+00
1.853579012345679233e+00,-2.335670105557049236e+00
1.853884146341463257e+00,-2.339596562682928482e+00
1.854615853658536873e+00,-2.346544807184220982e+00
1.854860975609756046e+00,-2.349571988560284375e+00
1.855095238095238130e+00,-2.347131545889163284e+00
1.855333333333333723e+00,-2.347087922518867664e+00
1.855692857142857033e+00,-2.343243433099064799e+00
1.855987058823529434e+00,-2.339543956111789225e+00
1.856393023255813679e+00,-2.343663519165712028e+00
1.856679310344827361e+00,-2.343709201200972814e+00
1.857078409090909155e+00,-2.353290292021476215e+00
1.857305681818181897e+00,-2.351971266375366021e+00
1.857478160919540322e+00,-2.349857598324939900e+00
1.857822988505746675e+00,-2.343998330797853136e+00
1.858161797752808875e+00,-2.335901959788368565e+00
1.858498876404494515e+00,-2.335744302869396272e+00
1.858723595505618054e+00,-2.334002362813981435e+00
1.858892222222222168e+00,-2.329496504467956974e+00
1.859279120879121283e+00,-2.326160731035169960e+00
1.859608791208790857e+00,-2.326497849174098409e+00
1.859994444444444284e+00,-2.322725315290782966e+00
1.860381318681318508e+00,-2.318622172801720893e+00
1.860710989010989413e+00,-2.320739091387674868e+00
1.860876666666666734e+00,-2.322060605750279727e+00
1.861209999999999809e+00,-2.322736264589360999e+00
1.861487912087911978e+00,-2.330244861495160080e+00
1.861875555555555728e+00,-2.330732453273377747e+00
1.862378651685393294e+00,-2.329748086261008488e+00
1.862715730337078712e+00,-2.324392730064546608e+00
1.862884090909090906e+00,-2.320461105573378369e+00
1.863282022471909993e+00,-2.315980522484234694e+00
1.863731460674157070e+00,-2.312180406124591414e+00
1.864180898876404591e+00,-2.310686899308303399e+00
1.864405617977528351e+00,-2.310530453085241298e+00
1.864742696629213325e+00,-2.306471579728673227e+00
1.865079775280898744e+00,-2.301695896553745069e+00
1.865357777777777670e+00,-2.300503804874806324e+00
1.865691111111110523e+00,-2.300087585739834850e+00
1.866246666666666831e+00,-2.290067618067195276e+00
1.866579999999999684e+00,-2.284132617515380659e+00
1.867024444444444597e+00,-2.275701953376582320e+00
1.867299999999999960e+00,-2.273381152067102118e+00
1.867520879120878829e+00,-2.275411781585626070e+00
1.867797777777777668e+00,-2.281704813178381475e+00
1.868242222222222138e+00,-2.291811630161324942e+00
1.868521348314606811e+00,-2.292748776917423736e+00
1.868746067415730350e+00,-2.293055412600178755e+00
1.868913636363636499e+00,-2.295042541955619075e+00
1.869368181818182206e+00,-2.291753587211323495e+00
1.869651724137931126e+00,-2.286217475972170732e+00
1.870052272727272813e+00,-2.286970993828993937e+00
1.870279069767441849e+00,-2.284052767625580849e+00
1.870627906976744192e+00,-2.281155277732896280e+00
1.870861363636363794e+00,-2.281963875526333396e+00
1.871088372093023366e+00,-2.280681738669416259e+00
1.871437209302325266e+00,-2.267629450880747299e+00
1.871667441860464853e+00,-2.262891908217397940e+00
1.872133720930232670e+00,-2.253873134953689572e+00
1.872598837209301870e+00,-2.250000428564262300e+00
1.872834090909090810e+00,-2.248043306614721182e+00
1.873349425287356151e+00,-2.246556802319693791e+00
1.873696470588235519e+00,-2.247395960512262647e+00
1.874167058823529075e+00,-2.237087373419588410e+00
1.874520000000000186e+00,-2.234852727093674218e+00
1.874932558139534855e+00,-2.239500009902503752e+00
1.875346987951807431e+00,-2.240059763792519476e+00
1.875647560975609363e+00,-2.236978850068910063e+00
1.876076543209876490e+00,-2.238616784311859842e+00
1.876570370370370222e+00,-2.245162926300667383e+00
1.877064197530864398e+00,-2.247881504060475599e+00
1.877370731707317164e+00,-2.254097899336160449e+00
1.877680246913580042e+00,-2.254425114896167592e+00
1.877984146341463267e+00,-2.257907770697779704e+00
1.878353658536584980e+00,-2.249759062095379569e+00
1.878714285714285559e+00,-2.254077886839028544e+00
1.879074999999999829e+00,-2.253348638372235424e+00
1.879432142857142551e+00,-2.252488818417401895e+00
1.879789285714285718e+00,-2.252187112394572033e+00
1.880082352941176760e+00,-2.248711399522870913e+00
1.880610465116278940e+00,-2.252502572866312835e+00
1.881191860465116550e+00,-2.250869014634408583e+00
1.881364367816091621e+00,-2.257656868631222835e+00
1.881709195402299084e+00,-2.268750152286942434e+00
1.881994318181818171e+00,-2.278893477445226079e+00
1.882387640449438182e+00,-2.287844359370241776e+00
1.882785227272727013e+00,-2.288738008436203231e+00
1.883185057471264301e+00,-2.291319826965989126e+00
1.883414942528735647e+00,-2.288085036113399084e+00
1.883645977011494388e+00,-2.290030104163671254e+00
1.884044318181818056e+00,-2.290249820172945761e+00
1.884385227272727059e+00,-2.290380810976710091e+00
1.884670114942528674e+00,-2.294061250403987895e+00
1.885014942528735915e+00,-2.292496540655548642e+00
1.885299999999999976e+00,-2.290245734204219730e+00
1.885524999999999896e+00,-2.291411437876377910e+00
1.885752272727272860e+00,-2.292198169821216602e+00
1.886089772727272962e+00,-2.291365627066207278e+00
1.886430681818181743e+00,-2.293215634914075984e+00
1.886771590909090968e+00,-2.295542775528625512e+00
1.887001136363636533e+00,-2.292649894407640332e+00
1.887344318181818137e+00,-2.294599569979085985e+00
1.887629885057471313e+00,-2.292104578178018492e+00
1.888144318181818271e+00,-2.295126855481693262e+00
1.888542528735632553e+00,-2.291336135660995588e+00
1.888828409090909100e+00,-2.288946944779302051e+00
1.888997701149425446e+00,-2.291033698310964262e+00
1.889513953488372033e+00,-2.291979458670580172e+00
1.889862790697674155e+00,-2.297727039434150242e+00
1.890212790697674450e+00,-2.297115750309570714e+00
1.890794186046511838e+00,-2.284426745484096966e+00
1.891085057471264097e+00,-2.278232344329916614e+00
1.891491860465116082e+00,-2.268218534641007533e+00
1.891785882352941428e+00,-2.262523403095084262e+00
1.892316666666666647e+00,-2.252777393272413331e+00
1.892671428571428560e+00,-2.256758464970591849e+00
1.893028571428571061e+00,-2.261984725227612181e+00
1.893204705882352457e+00,-2.266886924676301263e+00
1.893613953488372248e+00,-2.266199545559568040e+00
1.893962790697674370e+00,-2.257919791501038276e+00
1.894483908045976994e+00,-2.259495887825266891e+00
1.894882954545454856e+00,-2.252259609934357254e+00
1.895337500000000119e+00,-2.245190178529210545e+00
1.895564772727272640e+00,-2.246523011555196625e+00
1.895790909090909082e+00,-2.246564264539383959e+00
1.896070786516854012e+00,-2.245663208926998333e+00
1.896406741573033905e+00,-2.244322290366107975e+00
1.896801136363636342e+00,-2.235016240831320999e+00
1.897083146067415571e+00,-2.225906175509456020e+00
1.897420224719100990e+00,-2.221082319986249942e+00
1.897810000000000219e+00,-2.225356741529968652e+00
1.898143333333333072e+00,-2.224453950347830222e+00
1.898537078651685306e+00,-2.216239233213884496e+00
1.898761797752808622e+00,-2.214283293568318989e+00
1.899098876404494485e+00,-2.206781792178835300e+00
1.899265555555555540e+00,-2.201775589895651475e+00
1.899598888888889503e+00,-2.199565163491736808e+00
1.899819999999999620e+00,-2.198376650455843073e+00
