# B (T), \delta v/v
8.399999999999999481e-03,-0.000000000000000000e+00
1.739999999999999880e-02,2.544746463936339072e-06
2.620000000000000107e-02,2.285455751338506206e-06
3.479999999999999760e-02,1.285262925382921022e-06
4.370000000000000273e-02,2.749170055127338891e-07
5.240000000000000213e-02,2.594481528606453792e-07
6.099999999999999867e-02,-1.447152442942832747e-07
7.000000000000000666e-02,2.318421499556029552e-06
7.870000000000000606e-02,1.726311391768561507e-06
8.740000000000000546e-02,2.650242725447309131e-06
9.610000000000000486e-02,5.291174530200012417e-07
1.048000000000000043e-01,8.656970277697711991e-07
1.136999999999999955e-01,2.511843270962190334e-06
1.223000000000000059e-01,1.435783143314672133e-06
1.308999999999999886e-01,1.193222803643021347e-06
1.396000000000000019e-01,4.873909823188650112e-07
1.486999999999999988e-01,1.398015211299832947e-06
1.587999999999999967e-01,1.598415320922192198e-06
1.680000000000000104e-01,8.657133434053000155e-07
1.792999999999999872e-01,1.395773830559535970e-06
1.879000000000000115e-01,1.338432353047494527e-06
1.970000000000000084e-01,9.557574764664455123e-07
2.068000000000000116e-01,1.863364975690734535e-06
2.154999999999999971e-01,2.002403424647392592e-06
2.242000000000000104e-01,1.055220930030857391e-06
2.328999999999999959e-01,1.491135405250762838e-06
2.419999999999999929e-01,2.190733723399370617e-06
2.506999999999999784e-01,9.123098968419601079e-07
2.594000000000000195e-01,1.188484199484221310e-06
2.681000000000000050e-01,1.946805146163293945e-06
2.770000000000000240e-01,2.905100818023404093e-06
2.857999999999999985e-01,1.402402850405335202e-06
2.944999999999999840e-01,1.137280909930746264e-06
3.030999999999999805e-01,3.556777590691968111e-07
3.119999999999999996e-01,1.626576971466224108e-06
3.206999999999999851e-01,2.472151179057932666e-06
3.310000000000000164e-01,1.700875033230919448e-06
3.397000000000000020e-01,3.590558859813824943e-06
3.487000000000000099e-01,1.562463666200577389e-06
3.583999999999999964e-01,2.794987964387682204e-06
3.670999999999999819e-01,1.405341267310638957e-06
3.756999999999999784e-01,1.265513662660714290e-06
3.844000000000000195e-01,1.173500205146546516e-06
3.931000000000000050e-01,1.885711240164392698e-06
4.020000000000000240e-01,2.337097912563732699e-06
4.106000000000000205e-01,1.150968783471847771e-06
4.213999999999999968e-01,2.863821262592684044e-06
4.312000000000000277e-01,1.862247160570537369e-06
4.398000000000000242e-01,1.871979556290705084e-06
4.486999999999999877e-01,1.106953838798431251e-06
4.573999999999999733e-01,5.298298443511483512e-07
4.660000000000000253e-01,2.878547681910885794e-07
4.744999999999999774e-01,1.942545842255132774e-06
4.835999999999999743e-01,4.587304911550884635e-07
4.923000000000000154e-01,-1.404237601567749627e-07
5.008000000000000229e-01,1.834805219374233739e-06
5.094999999999999529e-01,2.316575178528540446e-06
5.181999999999999940e-01,6.052589589166865180e-07
5.271000000000000130e-01,1.874830114370000089e-06
5.358000000000000540e-01,1.901652629836411094e-06
5.449000000000000510e-01,2.250558150543823226e-06
5.557999999999999607e-01,1.121946915765773944e-06
5.645000000000000018e-01,1.713186312023347053e-06
5.732000000000000428e-01,2.307345386347780733e-06
5.826999999999999957e-01,1.810543778111336610e-06
5.914000000000000368e-01,2.101764371759584811e-06
6.008000000000000007e-01,1.413548989028521122e-06
6.094000000000000528e-01,1.483857908764901756e-06
6.180999999999999828e-01,2.418226951877988640e-07
6.270000000000000018e-01,2.770115146516428841e-06
6.357000000000000428e-01,2.104579204542081274e-06
6.444999999999999618e-01,9.567491567123416821e-07
6.531000000000000139e-01,1.943763621577501970e-06
6.621000000000000218e-01,2.124068689241627103e-06
6.707999999999999519e-01,2.932000311306730972e-06
6.794000000000000039e-01,-2.127336111589937448e-07
6.881000000000000449e-01,1.379009226725694693e-06
6.971000000000000529e-01,1.014896228406349330e-06
7.056000000000000050e-01,1.339873832450458498e-06
7.143000000000000460e-01,2.334310809622229099e-06
7.228999999999999870e-01,2.849797387993768024e-06
7.320999999999999730e-01,1.346321770667995715e-06
7.408000000000000140e-01,2.133544348053803032e-06
7.493999999999999551e-01,1.114437240984226304e-06
7.580999999999999961e-01,1.861343719151151502e-06
7.670000000000000151e-01,1.400874380318509194e-06
7.755999999999999561e-01,2.258945249209245738e-06
7.842999999999999972e-01,2.099863726798723192e-06
7.930000000000000382e-01,1.840561220456144332e-06
8.021000000000000352e-01,2.233462433742317097e-06
8.106999999999999762e-01,1.705540153973535925e-06
8.194000000000000172e-01,1.891289490286573050e-06
8.280999999999999472e-01,1.637995440354140034e-06
8.370999999999999552e-01,2.521230070623100856e-06
8.457999999999999963e-01,1.494069955278924753e-06
8.544000000000000483e-01,2.908680239121358424e-06
8.630999999999999783e-01,6.489891918316477784e-07
8.721999999999999753e-01,-6.384004641910132234e-07
8.809000000000000163e-01,2.687066427786146891e-06
8.895999999999999464e-01,2.047463029061790969e-06
8.981999999999999984e-01,1.776327470593872752e-06
9.071000000000000174e-01,2.223744013894475135e-06
9.161000000000000254e-01,2.228329377697974272e-06
9.247999999999999554e-01,2.035087415128578742e-06
9.336999999999999744e-01,1.474758074607109178e-06
9.424000000000000155e-01,2.035788489548884250e-06
9.509999999999999565e-01,2.113281652506965834e-06
9.596999999999999975e-01,2.149548116544945393e-06
9.687000000000000055e-01,2.286992438440996027e-06
9.772999999999999465e-01,7.758140169885317794e-07
9.859999999999999876e-01,1.235951010804541179e-06
9.946000000000000396e-01,2.252437032847958223e-06
1.006299999999999972e+00,-4.371866296582838443e-07
1.015300000000000091e+00,1.369850755069128463e-06
1.024899999999999922e+00,1.169239245720160667e-06
1.035800000000000054e+00,3.480691672865616690e-06
1.044399999999999995e+00,4.592959402834723669e-07
1.053099999999999925e+00,1.503939467884158644e-06
1.062500000000000000e+00,2.063221548660829508e-06
1.071099999999999941e+00,2.522021624082380984e-06
1.079800000000000093e+00,1.582602666568206674e-06
1.088799999999999990e+00,2.955935245539719012e-06
1.097399999999999931e+00,8.166101422687403570e-07
1.107299999999999951e+00,1.331703657418876769e-06
1.115899999999999892e+00,1.680738521864645445e-06
1.124600000000000044e+00,1.766817009093784273e-06
1.133799999999999919e+00,1.927041883373597358e-06
1.142500000000000071e+00,4.452047384665910879e-07
1.152500000000000080e+00,2.339944049345389805e-06
1.161200000000000010e+00,1.737902568938072805e-06
1.169799999999999951e+00,1.914948844509197900e-06
1.178800000000000070e+00,2.824283815831363318e-06
1.187400000000000011e+00,2.102365415846860989e-06
1.195999999999999952e+00,1.306600371089395099e-06
1.204700000000000104e+00,2.424320356143796085e-06
1.213799999999999990e+00,2.064682294142488987e-06
1.222499999999999920e+00,1.870406971811238925e-06
1.231100000000000083e+00,2.410118144904503049e-06
1.239700000000000024e+00,2.015463295219530569e-06
1.248799999999999910e+00,2.146541756951707552e-06
1.257500000000000062e+00,1.614787989854236678e-06
1.266199999999999992e+00,1.306676329238779140e-06
1.274799999999999933e+00,2.275801398782934231e-06
1.283800000000000052e+00,2.367026088422301972e-07
1.292399999999999993e+00,2.091407730527797965e-06
1.301299999999999901e+00,1.214862200805575873e-06
1.310499999999999998e+00,8.194907985326137061e-07
1.319199999999999928e+00,1.915641877005876820e-06
1.327800000000000091e+00,9.733306199692605062e-07
1.336600000000000010e+00,2.310721200637292760e-06
1.345599999999999907e+00,1.978410924865343055e-06
1.354200000000000070e+00,1.721055617933970466e-06
1.363499999999999934e+00,1.516885664521936111e-06
1.373399999999999954e+00,2.860283958919349230e-06
1.382200000000000095e+00,1.575987061794466293e-06
1.392700000000000049e+00,2.809418780218341048e-06
1.401399999999999979e+00,2.320054401495398339e-06
1.410500000000000087e+00,2.820878685452039500e-06
1.419699999999999962e+00,1.556803634425061797e-06
1.429599999999999982e+00,1.507688212343109325e-06
1.439999999999999947e+00,3.756224855858971649e-06
1.449799999999999978e+00,1.243506128498434241e-06
1.460199999999999942e+00,9.090139181539024817e-07
1.469100000000000072e+00,1.237963796994485510e-06
1.477800000000000002e+00,1.070702903916266688e-06
1.486499999999999932e+00,2.030273482471782118e-06
1.495400000000000063e+00,1.830752080539150162e-06
1.504099999999999993e+00,1.751179392010121256e-06
1.512699999999999934e+00,1.588035884288446081e-06
1.521400000000000086e+00,1.256728935675969355e-06
1.530499999999999972e+00,2.357905321038274073e-06
1.539099999999999913e+00,1.921881960253307708e-06
1.547800000000000065e+00,2.299356222659754145e-06
1.556400000000000006e+00,2.595489137375498866e-06
1.565399999999999903e+00,1.883857502133206175e-06
1.574100000000000055e+00,2.397401844343347802e-06
1.582799999999999985e+00,2.400629800777289140e-06
1.591499999999999915e+00,5.850262419494723851e-07
1.600700000000000012e+00,1.486837074477853973e-06
1.609399999999999942e+00,3.464108542639346682e-06
1.618100000000000094e+00,1.949563900482899261e-06
1.627099999999999991e+00,2.897377294787612315e-06
1.635999999999999899e+00,2.298758227719675720e-06
1.644700000000000051e+00,2.499246971642183918e-06
1.653799999999999937e+00,2.239020650202485155e-06
1.662400000000000100e+00,1.291077373295214901e-06
1.671300000000000008e+00,1.307966468746591705e-06
1.680500000000000105e+00,2.805855941858282233e-06
1.689899999999999958e+00,2.325474593476730117e-06
1.699699999999999989e+00,1.385013629803463764e-06
1.708900000000000086e+00,1.269458239344775554e-06
1.718499999999999917e+00,9.142538983709404266e-07
1.727100000000000080e+00,1.226788644006820885e-06
1.735800000000000010e+00,7.183328618195171378e-07
1.744499999999999940e+00,2.132156194318884836e-06
1.753100000000000103e+00,1.758917907158572252e-06
1.762199999999999989e+00,1.936582020640358406e-06
1.770799999999999930e+00,1.542493669866046996e-06
1.779500000000000082e+00,2.757016077047232897e-06
1.788100000000000023e+00,1.617326390497021964e-06
1.797199999999999909e+00,1.262092771121977285e-06
1.805800000000000072e+00,1.271033301024273188e-06
1.814500000000000002e+00,1.980465557096784766e-06
1.823199999999999932e+00,2.238457086428603977e-06
1.833199999999999941e+00,2.216239717025452523e-06
1.842799999999999994e+00,2.058282779441179388e-06
1.852500000000000036e+00,1.735130502113126777e-06
1.862100000000000088e+00,2.004677454130231531e-06
1.870800000000000018e+00,1.886747002807309757e-06
1.880300000000000082e+00,3.738386912645135472e-07
1.889299999999999979e+00,1.439091239335149337e-06
1.898200000000000109e+00,1.985414834043068132e-06
1.907100000000000017e+00,1.684355461127606812e-06
1.915799999999999947e+00,2.262711489375390621e-06
1.924400000000000110e+00,2.007574131456186031e-06
1.933100000000000041e+00,1.602585037119893651e-06
1.942199999999999926e+00,1.193299625086596295e-06
1.950700000000000101e+00,1.043538900173126248e-06
1.959699999999999998e+00,-4.960860972231043164e-10
1.970099999999999962e+00,1.462282518838382058e-06
1.978900000000000103e+00,1.914798614783457323e-06
1.989000000000000101e+00,2.714257509575418621e-06
1.998699999999999921e+00,2.786995893916930939e-06
2.007400000000000073e+00,2.017582867509457034e-06
2.016599999999999948e+00,2.199494070865095664e-06
2.027600000000000069e+00,7.306210857600261253e-07
2.036300000000000221e+00,1.820264063540977858e-06
2.045500000000000096e+00,2.614111522550538556e-06
2.055299999999999905e+00,2.409352436409249905e-06
2.063800000000000079e+00,1.285756943340864503e-06
2.073700000000000099e+00,2.568162821753902474e-06
2.082500000000000018e+00,2.028382258600046339e-06
2.091099999999999959e+00,2.709414322592934837e-06
2.100299999999999834e+00,1.989621506555080445e-06
2.108900000000000219e+00,1.726977859576044223e-06
2.117700000000000138e+00,2.933367106320271256e-06
2.126300000000000079e+00,1.845056973207178340e-06
2.135499999999999954e+00,2.085789349793080137e-06
2.144200000000000106e+00,2.513661452009749876e-06
2.152800000000000047e+00,2.198047287541797078e-06
2.161500000000000199e+00,8.742325368589010451e-07
2.170500000000000096e+00,1.714286272923976583e-06
2.179100000000000037e+00,1.615956233113799954e-06
2.187899999999999956e+00,1.488627744587170312e-06
2.197599999999999998e+00,3.211466653558169015e-06
2.207599999999999785e+00,1.460748586685697847e-06
2.217000000000000082e+00,9.789475471441580826e-07
2.225600000000000023e+00,2.849417526275949391e-06
2.235100000000000087e+00,1.819784574601484954e-06
2.246100000000000207e+00,9.513744067967560593e-07
2.254799999999999915e+00,3.863128408591268853e-07
2.263799999999999812e+00,2.712650904491584972e-06
2.273099999999999898e+00,1.499708093696166047e-06
2.282200000000000006e+00,1.916788972521348174e-06
2.291100000000000136e+00,3.472900052644309170e-06
2.301299999999999901e+00,1.078916489045630457e-06
2.310500000000000220e+00,1.578122260418061626e-06
2.319100000000000161e+00,7.624282870054874088e-07
2.328699999999999992e+00,8.276868128194642994e-07
2.337400000000000144e+00,1.604550584464461364e-06
2.348199999999999843e+00,2.608084211106376400e-06
2.357200000000000184e+00,1.953648995979854683e-06
2.365800000000000125e+00,7.711631141764591427e-07
2.375900000000000123e+00,1.715754693531524634e-06
2.385099999999999998e+00,1.412341512837926322e-06
2.393899999999999917e+00,2.334736128047890016e-06
2.403700000000000170e+00,1.956646703307664964e-06
2.413699999999999957e+00,1.840829912223439137e-06
2.422400000000000109e+00,1.775472125911854455e-06
2.431200000000000028e+00,3.496443756841624648e-06
2.439900000000000180e+00,2.460260848248789923e-06
2.448900000000000077e+00,1.122003346845526581e-06
2.457599999999999785e+00,2.579800899440033018e-06
2.466200000000000170e+00,2.368293457725013755e-06
2.474899999999999878e+00,1.297459955918443299e-06
2.483800000000000008e+00,1.210903220803674976e-06
2.492599999999999927e+00,1.319323596894403112e-06
2.501199999999999868e+00,4.027266391673891069e-07
2.510200000000000209e+00,9.253749820773804306e-07
2.519499999999999851e+00,1.242323865088595849e-06
2.528099999999999792e+00,1.444951029120711359e-06
2.537900000000000045e+00,6.203949368810543138e-07
2.546499999999999986e+00,1.296198562714091177e-06
2.555499999999999883e+00,3.837233376957432072e-07
2.564099999999999824e+00,4.900351723327828028e-07
2.572900000000000187e+00,1.895221649347985857e-06
2.582199999999999829e+00,1.169285827684195429e-06
2.590899999999999981e+00,2.041527508075946778e-06
2.599600000000000133e+00,7.751259240606806107e-07
2.608299999999999841e+00,1.917757390779422245e-06
2.617199999999999971e+00,1.804986410739708915e-06
2.625700000000000145e+00,4.251046474634074743e-07
2.634399999999999853e+00,5.189440332452094524e-07
2.644299999999999873e+00,6.469807153349307373e-07
2.653999999999999915e+00,1.516670825087715942e-06
2.663499999999999979e+00,1.243700867629938742e-06
2.673399999999999999e+00,1.278483385552787142e-06
2.682999999999999829e+00,5.323488598806816116e-07
2.692499999999999893e+00,9.319801991127625237e-07
2.701099999999999834e+00,1.253182648147633475e-06
2.709799999999999986e+00,1.069237792702439072e-07
2.719700000000000006e+00,1.367529494966700579e-08
2.728899999999999881e+00,2.368446609303130265e-07
2.737499999999999822e+00,4.044733986939075612e-07
2.746799999999999908e+00,1.607264803281610675e-06
2.755500000000000060e+00,7.407380565951113098e-07
2.764200000000000212e+00,1.538773415522853329e-06
2.772800000000000153e+00,2.950121153572570452e-07
2.781499999999999861e+00,1.082387441062428526e-06
2.790599999999999969e+00,1.009253051130509001e-06
2.799199999999999910e+00,1.797035920961893764e-06
2.808600000000000207e+00,2.222616784580569525e-06
2.817200000000000149e+00,9.792735014280129491e-07
2.826000000000000068e+00,1.637540483339153252e-06
2.835599999999999898e+00,3.874846145663799965e-07
2.845099999999999962e+00,1.666728285525684392e-06
2.854600000000000026e+00,5.226166632893132838e-07
2.863799999999999901e+00,1.842853592279704647e-07
2.872500000000000053e+00,1.004235967223441554e-06
2.881200000000000205e+00,5.832098791171418280e-07
2.889800000000000146e+00,9.898678806216035936e-07
2.898800000000000043e+00,1.198321771153773238e-06
2.907500000000000195e+00,1.253808185065253839e-06
2.916199999999999903e+00,-3.351047837676706873e-07
2.924900000000000055e+00,3.320561225916233289e-07
2.933899999999999952e+00,1.097987982602447246e-06
2.942499999999999893e+00,9.010907551921360469e-07
2.951099999999999834e+00,8.560068735585053476e-07
2.959799999999999986e+00,5.680958182876019724e-07
2.968799999999999883e+00,2.687857253508220585e-07
2.977500000000000036e+00,-3.399411366479141924e-08
2.986600000000000144e+00,-2.414718706407600543e-08
2.995600000000000041e+00,8.349793461428231880e-08
3.004199999999999982e+00,3.801215038555538252e-07
3.012900000000000134e+00,9.504097108311215444e-08
3.021599999999999842e+00,-6.826412636562213115e-08
3.030699999999999950e+00,-2.199970690997346025e-07
3.039400000000000102e+00,5.554369184544976495e-07
3.048000000000000043e+00,8.672446365622457111e-07
3.056700000000000195e+00,1.032963328083684375e-06
3.065599999999999881e+00,-5.434907811179869042e-07
3.074199999999999822e+00,2.355197414971089455e-06
3.082800000000000207e+00,1.114837113324815276e-06
3.091499999999999915e+00,1.470184832391956825e-06
3.100600000000000023e+00,4.047447891835243700e-07
3.109199999999999964e+00,-2.843807574078342434e-08
3.118700000000000028e+00,9.268465175226348225e-07
3.127400000000000180e+00,4.949127002777404388e-07
3.137500000000000178e+00,-5.176707937584929843e-07
3.147499999999999964e+00,2.892101967864597716e-07
3.156200000000000117e+00,-1.343942854089511668e-07
3.164800000000000058e+00,-3.045865361220962894e-07
3.173900000000000166e+00,1.376476320397005976e-06
3.182900000000000063e+00,8.900455805112349010e-07
3.191600000000000215e+00,2.074583503418455863e-07
3.200600000000000112e+00,1.461604513997472217e-07
3.209200000000000053e+00,6.125500806417765766e-07
3.217900000000000205e+00,5.188332241004177045e-07
3.226599999999999913e+00,2.710681431421549901e-07
3.235599999999999810e+00,6.406958350751545787e-07
3.244299999999999962e+00,-4.400996899268753981e-10
3.252899999999999903e+00,-2.101656430598692477e-07
3.261600000000000055e+00,-2.217014466414498827e-07
3.270599999999999952e+00,7.772082738461230135e-07
3.280299999999999994e+00,-4.855415334811905709e-07
3.290099999999999802e+00,-2.538449125811690840e-07
3.299399999999999888e+00,3.528625044533963834e-08
3.308100000000000041e+00,1.069888503596027468e-07
3.317200000000000149e+00,6.801887829859616305e-08
3.325800000000000090e+00,3.306912109412316406e-07
3.334400000000000031e+00,7.921974041513496663e-07
3.342999999999999972e+00,1.074775849954807960e-06
3.351799999999999891e+00,1.554782566523212669e-06
3.360599999999999810e+00,4.356399632904957991e-07
3.369299999999999962e+00,-8.138267632988886377e-08
3.379100000000000215e+00,-3.724023595248239504e-09
3.387700000000000156e+00,-2.476764702838006767e-07
3.396300000000000097e+00,-3.783114419100104195e-08
3.404999999999999805e+00,1.304422428947602224e-06
3.413899999999999935e+00,3.394482118198975662e-07
3.422600000000000087e+00,1.126097618275173629e-06
3.432300000000000129e+00,6.455758610668035913e-07
3.442099999999999937e+00,4.222142433980098294e-07
3.451200000000000045e+00,6.227657981926898456e-07
3.460300000000000153e+00,-5.367918079916063519e-07
3.468999999999999861e+00,4.363032751224433549e-07
3.477599999999999802e+00,4.668022162301497732e-07
3.486299999999999955e+00,9.255501747526886924e-07
3.494899999999999896e+00,3.207827415222029403e-07
3.504000000000000004e+00,-1.979538931761023676e-07
3.512500000000000178e+00,1.175914554272605803e-06
3.521199999999999886e+00,-2.332239076614371805e-07
3.530100000000000016e+00,-1.179461196226143978e-06
3.538899999999999935e+00,-2.847562767279007354e-07
3.548700000000000188e+00,9.522190163197561188e-08
3.557599999999999874e+00,4.281109895668379697e-07
3.566300000000000026e+00,1.280152650318154908e-08
3.575299999999999923e+00,1.474040386354044056e-06
3.584200000000000053e+00,1.122428177812372866e-06
3.592900000000000205e+00,2.416709427787116886e-07
3.602799999999999780e+00,1.065491651140878203e-07
3.612699999999999800e+00,3.497542976501851787e-07
3.621399999999999952e+00,5.887112004485106631e-10
3.630599999999999827e+00,-8.964593836959726218e-07
3.639299999999999979e+00,2.772076566081877608e-07
3.648000000000000131e+00,-5.199693713696189844e-07
3.657200000000000006e+00,-1.456090339830662470e-06
3.666300000000000114e+00,-5.633396908345713466e-07
3.674999999999999822e+00,-2.498647927065924569e-07
3.685000000000000053e+00,-1.000718981930927894e-06
3.693900000000000183e+00,1.140921053370785691e-06
3.702599999999999891e+00,-1.052322276985998006e-06
3.711599999999999788e+00,-1.198745403990753803e-06
3.720699999999999896e+00,-1.633692700985455402e-06
3.729299999999999837e+00,-4.517823892664918350e-07
3.739799999999999791e+00,-9.567443816166040262e-07
3.748899999999999899e+00,-6.645155228740019793e-07
3.757600000000000051e+00,-2.462076479556579017e-07
3.766399999999999970e+00,-9.848127596793717665e-07
3.775300000000000100e+00,-9.691605029605557427e-07
3.784100000000000019e+00,3.262605850806233644e-07
3.794099999999999806e+00,5.012222887042900275e-07
3.803300000000000125e+00,-8.382967239500653533e-07
3.812300000000000022e+00,-6.439123714493738201e-07
3.821000000000000174e+00,1.351715918174265646e-07
3.829699999999999882e+00,-1.928013759354332141e-06
3.838299999999999823e+00,-7.992702836639433914e-07
3.847199999999999953e+00,-2.104430502281994658e-06
3.855900000000000105e+00,-1.887690418396069554e-06
3.864599999999999813e+00,-7.593431584242810693e-07
3.873200000000000198e+00,2.659176209649427233e-07
3.882200000000000095e+00,4.165255617884699654e-07
3.890800000000000036e+00,-1.192580098936942782e-06
3.899399999999999977e+00,-4.849445038697863461e-07
3.907900000000000151e+00,-7.828055138113672838e-07
3.916500000000000092e+00,-1.135205585087780550e-06
3.925600000000000200e+00,3.385494021806599238e-07
3.934299999999999908e+00,-1.656904778833451133e-06
3.943000000000000060e+00,-1.150690134504720515e-06
3.951600000000000001e+00,-7.570373717602474871e-07
3.960599999999999898e+00,-1.565198936402266341e-06
3.969300000000000050e+00,-1.133208762191999317e-06
3.977899999999999991e+00,-1.199093735913142091e-06
3.986600000000000144e+00,-5.739146466204555520e-07
3.995600000000000041e+00,-4.697945637219583769e-07
4.004199999999999982e+00,-8.204941156090064802e-07
4.012900000000000134e+00,3.005672143379517491e-07
4.021600000000000286e+00,-1.386998099883914037e-06
4.030599999999999739e+00,-9.484646864977956671e-07
4.039299999999999891e+00,-4.998738627101087170e-07
4.049400000000000333e+00,-9.763853956743840691e-07
4.058099999999999596e+00,-9.676038569183999932e-07
4.067499999999999893e+00,-1.022830135477222936e-06
4.076299999999999812e+00,-1.710048433163874164e-06
4.084999999999999964e+00,-1.261998674297840507e-06
4.094500000000000028e+00,-9.602315623827577425e-07
4.105999999999999872e+00,-1.063824138828456650e-06
4.114700000000000024e+00,-1.463808046809960892e-06
4.123300000000000409e+00,-8.071210838274476412e-07
4.132299999999999862e+00,-1.514642693912398100e-06
4.141700000000000159e+00,-1.772169942202111558e-06
4.151099999999999568e+00,-1.846895771077440053e-06
4.159799999999999720e+00,-1.640540956591443004e-06
4.170099999999999696e+00,-2.677474310327262585e-06
4.179499999999999993e+00,-1.299541729643202172e-06
4.188100000000000378e+00,-1.856405846879924035e-06
4.197600000000000442e+00,-2.396919564138914362e-06
4.206699999999999662e+00,-2.092485940853074100e-06
4.215600000000000236e+00,-1.427190057816027629e-06
4.224599999999999689e+00,-1.417463206734176102e-06
4.233200000000000074e+00,-1.518666495332876825e-06
4.242300000000000182e+00,-2.846755509803569010e-06
4.250899999999999679e+00,-1.970125285172654242e-06
4.259400000000000297e+00,-1.732414848992997261e-06
4.268099999999999561e+00,-2.549533127545005034e-06
4.277300000000000324e+00,-1.097984099860175016e-06
4.285999999999999588e+00,-2.127806210289867866e-06
4.294699999999999740e+00,-1.306788304087063823e-06
4.303399999999999892e+00,-9.070600033777242131e-07
4.312199999999999811e+00,-2.737400409890951118e-06
4.320899999999999963e+00,-2.781893911984513208e-06
4.329600000000000115e+00,-1.954973378531722934e-06
4.338199999999999612e+00,-2.423017901850886904e-06
4.347299999999999720e+00,-2.586792973514927610e-06
4.355800000000000338e+00,-1.882754729952938744e-06
4.364499999999999602e+00,-1.737175824090286553e-06
4.373199999999999754e+00,-1.605386951994544273e-06
4.382299999999999862e+00,-1.267565877545234407e-06
4.390900000000000247e+00,-2.378117691964555438e-06
4.401200000000000223e+00,-6.223155369992883733e-07
4.411400000000000432e+00,-1.737187805631750827e-06
4.420099999999999696e+00,-3.147294472688694309e-06
4.430200000000000138e+00,-2.465175028938768487e-06
4.439199999999999591e+00,-1.505370850215560514e-06
4.448100000000000165e+00,-1.826491032086755527e-06
4.457399999999999807e+00,-1.076876626670208396e-06
4.466400000000000148e+00,-2.092675056342618509e-06
4.475399999999999601e+00,-2.730028902198501466e-06
4.483900000000000219e+00,-2.606339807111155305e-06
4.493400000000000283e+00,-2.992809426555784538e-06
4.502299999999999969e+00,-2.895063929616529391e-06
4.511000000000000121e+00,-2.524198999212892182e-06
4.519599999999999618e+00,-2.123622833633497225e-06
4.528200000000000003e+00,-2.378725702584108884e-06
4.537300000000000111e+00,-4.007356556224857085e-06
4.546100000000000030e+00,-2.495358802361664560e-06
4.554700000000000415e+00,-3.205975097043684951e-06
4.563299999999999912e+00,-3.739581264569679167e-06
4.572300000000000253e+00,-3.414935443111512779e-06
4.580899999999999750e+00,-3.508458481078237899e-06
4.589599999999999902e+00,-2.312383564058201509e-06
4.598399999999999821e+00,-1.550986703267170919e-06
4.607300000000000395e+00,-3.189853968159545895e-06
4.616100000000000314e+00,-3.226727580852553536e-06
4.624699999999999811e+00,-2.682147144659140746e-06
4.633399999999999963e+00,-3.242060962927936774e-06
4.642299999999999649e+00,-2.331311355523234090e-06
4.651600000000000179e+00,-2.218749679118979263e-06
4.660700000000000287e+00,-2.987616049008278134e-06
4.669900000000000162e+00,-2.264153621688372309e-06
4.680399999999999672e+00,-3.135365892724406318e-06
4.689700000000000202e+00,-4.080254600236728115e-06
4.699200000000000266e+00,-2.320739747805971274e-06
4.709600000000000009e+00,-2.645072178256331619e-06
4.718300000000000161e+00,-3.501694272215177123e-06
4.728900000000000325e+00,-2.894956643898947361e-06
4.737899999999999778e+00,-3.998490984437146328e-06
4.748000000000000220e+00,-3.111631213007295949e-06
4.756700000000000372e+00,-2.755026874634255475e-06
4.766399999999999970e+00,-3.320842151432806463e-06
4.775100000000000122e+00,-2.709623243800417334e-06
4.784299999999999997e+00,-4.369966023247016593e-06
4.793199999999999683e+00,-3.552109395352405236e-06
4.802299999999999791e+00,-3.144926774133411165e-06
4.810999999999999943e+00,-4.231322707881732433e-06
4.819700000000000095e+00,-3.236582106228339493e-06
4.828400000000000247e+00,-2.688991929382584297e-06
4.837299999999999933e+00,-3.748500943875823083e-06
4.846000000000000085e+00,-4.270954158297035185e-06
4.854700000000000237e+00,-3.263762414351851788e-06
4.863400000000000389e+00,-3.403135919859156568e-06
4.872300000000000075e+00,-3.669170646352769728e-06
4.881000000000000227e+00,-2.812842413726273152e-06
4.889599999999999724e+00,-3.559182271615536630e-06
4.898200000000000109e+00,-4.782283106001203061e-06
4.907300000000000217e+00,-4.086132733401406144e-06
4.915899999999999714e+00,-3.786611790860411070e-06
4.924500000000000099e+00,-3.776411875027938479e-06
4.933200000000000252e+00,-3.999838666973081283e-06
4.942300000000000360e+00,-3.830831018504033195e-06
4.951299999999999812e+00,-3.858166546007158436e-06
4.959999999999999964e+00,-3.212727449706479377e-06
4.969000000000000306e+00,-4.502588675461978961e-06
4.977800000000000225e+00,-3.433003064550843413e-06
4.986399999999999721e+00,-2.643947290035131986e-06
4.995099999999999874e+00,-2.695678321842855281e-06
5.003999999999999559e+00,-4.076737257136572434e-06
5.012599999999999945e+00,-4.482605386545244347e-06
5.021300000000000097e+00,-4.103868440335904123e-06
5.029899999999999594e+00,-3.944785627657521575e-06
5.039900000000000269e+00,-3.770973861020904695e-06
5.049000000000000377e+00,-4.003979054640672587e-06
5.057699999999999640e+00,-4.826309919134501997e-06
5.066399999999999793e+00,-5.327759008430879312e-06
5.075000000000000178e+00,-4.261730317590126972e-06
5.083999999999999631e+00,-5.013274343573900955e-06
5.092800000000000438e+00,-4.867914660015349761e-06
5.101499999999999702e+00,-4.655443205763920653e-06
5.110100000000000087e+00,-5.137384049225040758e-06
5.118999999999999773e+00,-4.690250623459008786e-06
5.128300000000000303e+00,-3.573928088826318784e-06
5.138200000000000323e+00,-4.274786538761604811e-06
5.147800000000000153e+00,-3.977893344526885894e-06
5.156500000000000306e+00,-5.169142901441945229e-06
5.165099999999999802e+00,-4.168434377584660528e-06
5.174100000000000144e+00,-5.759053441224031358e-06
5.182800000000000296e+00,-4.453916685391839242e-06
5.191900000000000404e+00,-3.099583257377839032e-06
5.200700000000000323e+00,-4.640170029082267729e-06
5.209299999999999820e+00,-4.534818208459421521e-06
5.217900000000000205e+00,-5.574183224646661432e-06
5.226600000000000357e+00,-6.667284254912924854e-06
5.235699999999999577e+00,-5.653277400196774979e-06
5.244299999999999962e+00,-3.101764168479399612e-06
5.252900000000000347e+00,-5.221581095663310485e-06
5.261599999999999611e+00,-5.131138043740733623e-06
5.270699999999999719e+00,-4.579744475073058325e-06
5.279399999999999871e+00,-5.947378028105796462e-06
5.288100000000000023e+00,-4.479428861869840395e-06
5.296800000000000175e+00,-4.679124680654310475e-06
5.305699999999999861e+00,-4.583689209705426801e-06
5.314600000000000435e+00,-5.707477769174298336e-06
5.323299999999999699e+00,-5.622367586032895898e-06
5.333599999999999675e+00,-4.899528278837661944e-06
5.342399999999999594e+00,-5.066117674916925055e-06
5.350999999999999979e+00,-6.528590085183247089e-06
5.360299999999999621e+00,-4.742366590666530907e-06
5.368999999999999773e+00,-5.846316180344653547e-06
5.378199999999999648e+00,-4.870076641899721403e-06
5.387599999999999945e+00,-5.132421712364604663e-06
5.396399999999999864e+00,-6.212972977342426806e-06
5.405000000000000249e+00,-5.215051844936313252e-06
5.413999999999999702e+00,-4.389445461057352085e-06
5.422699999999999854e+00,-4.994223776495516215e-06
5.431400000000000006e+00,-4.723961287668432523e-06
5.440100000000000158e+00,-5.757918930907447806e-06
5.449099999999999611e+00,-4.706807335363917977e-06
5.457699999999999996e+00,-6.412666224143363618e-06
5.466400000000000148e+00,-4.587783063254174693e-06
5.475100000000000300e+00,-5.672772783151403941e-06
5.484700000000000131e+00,-6.343882218545955111e-06
5.495099999999999874e+00,-4.778313469477196446e-06
5.503999999999999559e+00,-7.263190163187091975e-06
5.512800000000000367e+00,-5.601208341359344752e-06
5.522499999999999964e+00,-5.253439844340459467e-06
5.531100000000000350e+00,-6.015277549546661946e-06
5.539799999999999613e+00,-5.632359884948654263e-06
5.548499999999999766e+00,-5.567163915888237186e-06
5.557400000000000340e+00,-4.192443072268574929e-06
5.565999999999999837e+00,-4.994568079289257029e-06
5.574600000000000222e+00,-5.621441474953198757e-06
5.583300000000000374e+00,-5.858877168282749029e-06
5.592299999999999827e+00,-5.530612837711305994e-06
5.601099999999999746e+00,-5.909513718569162858e-06
5.609799999999999898e+00,-6.383470524098087441e-06
5.618400000000000283e+00,-5.078689161346473888e-06
5.627399999999999736e+00,-6.213513992441412406e-06
5.636000000000000121e+00,-7.077372772179959040e-06
5.644700000000000273e+00,-6.325938757927300916e-06
5.653400000000000425e+00,-5.584135658652923488e-06
5.662300000000000111e+00,-6.279972311441089916e-06
5.672699999999999854e+00,-6.116062038456911935e-06
5.682800000000000296e+00,-6.462539636453517276e-06
5.691699999999999982e+00,-5.654322531715538606e-06
5.701699999999999768e+00,-5.607889023824909943e-06
5.711500000000000021e+00,-6.383511804844161502e-06
5.720500000000000362e+00,-6.047622708330176958e-06
5.730800000000000338e+00,-6.159544124607614461e-06
5.740199999999999747e+00,-6.605348416588679820e-06
5.749100000000000321e+00,-6.652727732829784042e-06
5.758399999999999963e+00,-5.673535025490746616e-06
5.767400000000000304e+00,-6.839834070381846116e-06
5.775999999999999801e+00,-4.959038828391962913e-06
5.784699999999999953e+00,-5.892162524123733831e-06
5.793400000000000105e+00,-6.499791578188122369e-06
5.802399999999999558e+00,-6.610213902338054736e-06
5.811200000000000365e+00,-7.003936247345059901e-06
5.819899999999999629e+00,-6.581976520588590698e-06
5.829100000000000392e+00,-6.851319459338586510e-06
5.837799999999999656e+00,-7.490939622866138285e-06
5.846499999999999808e+00,-6.591497722185208318e-06
5.855199999999999960e+00,-6.635089412250342635e-06
5.863999999999999879e+00,-6.405001816440136428e-06
5.872700000000000031e+00,-6.562790491901207904e-06
5.881300000000000416e+00,-6.450928058857594884e-06
5.889999999999999680e+00,-6.672799366161147501e-06
5.899099999999999788e+00,-6.446732100475252841e-06
5.907799999999999940e+00,-6.325690957268293845e-06
5.916299999999999670e+00,-7.060903778701268282e-06
5.924900000000000055e+00,-7.620531154217409075e-06
5.934099999999999930e+00,-7.156911847328300148e-06
5.942999999999999616e+00,-6.779374480287000612e-06
5.951600000000000001e+00,-6.703857691979010248e-06
5.961000000000000298e+00,-6.957196175768319297e-06
5.969699999999999562e+00,-7.132265493426314610e-06
5.978299999999999947e+00,-7.123913869181981544e-06
5.987400000000000055e+00,-6.360520937483539299e-06
5.996100000000000207e+00,-9.091285368487112516e-06
6.004699999999999704e+00,-7.320753153305784890e-06
6.013300000000000090e+00,-7.051653921558392706e-06
6.022499999999999964e+00,-7.516317668431707778e-06
6.031100000000000350e+00,-7.895058687167814775e-06
6.039799999999999613e+00,-7.259954656056429121e-06
6.048499999999999766e+00,-8.689850972054687876e-06
6.057699999999999640e+00,-8.379055261969407375e-06
6.066399999999999793e+00,-7.464523311875436318e-06
6.075000000000000178e+00,-6.550557712200393099e-06
6.084100000000000286e+00,-7.973091346466238804e-06
6.092800000000000438e+00,-6.900351413636313883e-06
6.101499999999999702e+00,-8.289178670529083991e-06
6.111100000000000421e+00,-8.211565391692875280e-06
6.119799999999999685e+00,-7.883927591426662194e-06
6.129699999999999704e+00,-8.573608160688096867e-06
6.138899999999999579e+00,-7.113523990116973287e-06
6.147499999999999964e+00,-7.755081453555729039e-06
6.156200000000000117e+00,-7.576114518803534967e-06
6.164799999999999613e+00,-7.488366805862912198e-06
6.173399999999999999e+00,-8.098523791145550814e-06
6.182400000000000340e+00,-8.263276605098525060e-06
6.191099999999999604e+00,-8.442802025504817995e-06
6.199699999999999989e+00,-7.681401834961298046e-06
6.208400000000000141e+00,-8.235979345146474378e-06
6.217500000000000249e+00,-7.549103892367451784e-06
6.226099999999999746e+00,-8.993718014773776758e-06
6.234700000000000131e+00,-7.937993252965676576e-06
6.243400000000000283e+00,-8.252902359665004704e-06
6.252500000000000391e+00,-8.288906502142839861e-06
6.261199999999999655e+00,-7.683780477948194340e-06
6.269800000000000040e+00,-7.701807429580267809e-06
6.278400000000000425e+00,-9.194238746991544118e-06
6.287799999999999834e+00,-6.923096239349539431e-06
6.298199999999999577e+00,-8.352500690965132882e-06
6.308399999999999785e+00,-8.279991592276964019e-06
6.317499999999999893e+00,-8.140861604125136739e-06
6.326399999999999579e+00,-8.539719374841278979e-06
6.334999999999999964e+00,-8.048757973753940462e-06
6.344100000000000072e+00,-8.944176211238676153e-06
6.352800000000000225e+00,-7.520694996490000835e-06
6.361500000000000377e+00,-7.286298625045818135e-06
6.370199999999999640e+00,-8.913351286238041429e-06
6.379199999999999982e+00,-8.847783879017609692e-06
6.387900000000000134e+00,-8.417114428895054300e-06
6.396600000000000286e+00,-8.259696983717854969e-06
6.405899999999999928e+00,-7.954597307810538226e-06
6.415300000000000225e+00,-8.501207678055693398e-06
6.424900000000000055e+00,-9.290660244449296806e-06
6.433500000000000441e+00,-9.087440312810751274e-06
6.442999999999999616e+00,-9.699747289467560048e-06
6.453700000000000436e+00,-9.292191649756928375e-06
6.462399999999999700e+00,-8.968774312812476113e-06
6.471700000000000230e+00,-8.385895984470287390e-06
6.481799999999999784e+00,-9.303518883426625027e-06
6.491900000000000226e+00,-9.196399214924733459e-06
6.500700000000000145e+00,-9.295774085977485252e-06
6.509400000000000297e+00,-8.591723420401829129e-06
6.518099999999999561e+00,-9.179017874954176637e-06
6.526799999999999713e+00,-1.002275509904740998e-05
6.535800000000000054e+00,-9.031480642860312442e-06
6.544500000000000206e+00,-1.040159022337787354e-05
6.553200000000000358e+00,-1.047284407064186284e-05
6.561899999999999622e+00,-1.000319327780447914e-05
6.570999999999999730e+00,-1.027924025004254465e-05
6.579699999999999882e+00,-8.447837792935526408e-06
6.588300000000000267e+00,-9.626398393568235713e-06
6.597400000000000375e+00,-9.075410516475404012e-06
6.605999999999999872e+00,-8.781437966672662934e-06
6.615700000000000358e+00,-1.015394094739546262e-05
6.624399999999999622e+00,-1.048935203399117833e-05
6.633000000000000007e+00,-1.000927749039633467e-05
6.641700000000000159e+00,-9.128581966970665193e-06
6.650800000000000267e+00,-9.646016142588170316e-06
6.659500000000000419e+00,-9.455179578068788337e-06
6.668199999999999683e+00,-1.028685016466802417e-05
6.676800000000000068e+00,-1.062136276645385836e-05
6.685699999999999754e+00,-1.043780598503264321e-05
6.694399999999999906e+00,-1.118633072019287406e-05
6.703199999999999825e+00,-1.015578464391600315e-05
6.711800000000000210e+00,-8.917574394983233347e-06
6.720799999999999663e+00,-9.776538420388646185e-06
6.729400000000000048e+00,-9.127056577603654720e-06
6.738900000000000112e+00,-1.049210795313549249e-05
6.748599999999999710e+00,-1.028293562731446946e-05
6.757500000000000284e+00,-1.051071637685571008e-05
6.766200000000000436e+00,-9.418184896655247898e-06
6.774899999999999700e+00,-1.007731587015933900e-05
6.784200000000000230e+00,-1.025759459120218191e-05
6.793300000000000338e+00,-1.014677502009296399e-05
6.802999999999999936e+00,-1.102060669427564138e-05
6.811499999999999666e+00,-9.628159859497028520e-06
6.820199999999999818e+00,-9.970183860137659965e-06
6.829100000000000392e+00,-1.087302276686717001e-05
6.837699999999999889e+00,-1.024549042526293500e-05
6.846400000000000041e+00,-1.147680528071072211e-05
6.855100000000000193e+00,-1.103942651795345679e-05
6.864099999999999646e+00,-1.124096966018150231e-05
6.872700000000000031e+00,-1.093319375554277712e-05
6.881499999999999950e+00,-1.094806784817232937e-05
6.890200000000000102e+00,-1.129606277760906085e-05
6.899099999999999788e+00,-1.110671461911554936e-05
6.907700000000000173e+00,-1.049167385419700217e-05
6.916400000000000325e+00,-1.007223636771855096e-05
6.925500000000000433e+00,-1.181711113115003044e-05
6.934199999999999697e+00,-1.253504075264619960e-05
6.942800000000000082e+00,-1.164769242311064837e-05
6.951500000000000234e+00,-1.035840248846727624e-05
6.960099999999999731e+00,-1.131461251860501694e-05
6.969199999999999839e+00,-1.112722591362509108e-05
6.977800000000000225e+00,-1.166630668399820398e-05
6.986500000000000377e+00,-1.113278626289980044e-05
6.995499999999999829e+00,-1.064450710704356031e-05
7.004199999999999982e+00,-1.239836809486741112e-05
7.012800000000000367e+00,-1.274092914320455825e-05
7.021499999999999631e+00,-1.302130836931879136e-05
7.030700000000000394e+00,-1.147261000683085647e-05
7.039399999999999658e+00,-1.107064431953898049e-05
7.047900000000000276e+00,-1.241544085140561509e-05
7.056600000000000428e+00,-1.160545872668856037e-05
7.065199999999999925e+00,-1.194216333963383971e-05
7.074300000000000033e+00,-1.109768320905845209e-05
7.083000000000000185e+00,-1.135802773791645117e-05
7.091700000000000337e+00,-1.227834862308309957e-05
7.100699999999999790e+00,-1.200286497448076499e-05
7.109399999999999942e+00,-1.183553204098583686e-05
7.118100000000000094e+00,-1.214595107611367037e-05
7.126699999999999591e+00,-1.287350000414013915e-05
7.135799999999999699e+00,-1.159307789675806345e-05
7.144499999999999851e+00,-1.219257373484886314e-05
7.153299999999999770e+00,-1.276981696232546608e-05
7.162399999999999878e+00,-1.165579856641461029e-05
7.171100000000000030e+00,-1.316730978628437082e-05
7.179800000000000182e+00,-1.175048878750627971e-05
7.188500000000000334e+00,-1.190649951735467567e-05
7.197400000000000020e+00,-1.198920216526836845e-05
7.206100000000000172e+00,-1.376147089309805302e-05
7.214800000000000324e+00,-1.273127664585909074e-05
7.223399999999999821e+00,-1.276144372451060768e-05
7.232499999999999929e+00,-1.255190132779253516e-05
7.241200000000000081e+00,-1.110060217989042352e-05
7.249799999999999578e+00,-1.176753263901859567e-05
7.258700000000000152e+00,-1.176491374441741497e-05
7.267800000000000260e+00,-1.268144998154736728e-05
7.276399999999999757e+00,-1.176824199675938253e-05
7.286900000000000155e+00,-1.115492053420304467e-05
7.295899999999999608e+00,-1.211784004383101125e-05
7.304499999999999993e+00,-1.234328664616058399e-05
7.313200000000000145e+00,-1.224238644058822439e-05
7.321799999999999642e+00,-1.280920508986947703e-05
7.330799999999999983e+00,-1.364954937019236762e-05
7.339599999999999902e+00,-1.259260015725106223e-05
7.348900000000000432e+00,-1.347158410811135970e-05
7.357599999999999696e+00,-1.293395839832811285e-05
7.366299999999999848e+00,-1.362193944034085103e-05
7.374900000000000233e+00,-1.368012945051900716e-05
7.383499999999999730e+00,-1.320546025870595079e-05
7.393099999999999561e+00,-1.282117027968704328e-05
7.401799999999999713e+00,-1.339787651474029940e-05
7.411100000000000243e+00,-1.316246628373470744e-05
7.419800000000000395e+00,-1.293338674696520221e-05
7.428499999999999659e+00,-1.314068183884902581e-05
7.437500000000000000e+00,-1.352686941972315116e-05
7.447000000000000064e+00,-1.326996712983053665e-05
7.455899999999999750e+00,-1.269744605330859174e-05
7.464500000000000135e+00,-1.377736476334076197e-05
7.473799999999999777e+00,-1.382197113532684712e-05
7.482499999999999929e+00,-1.426871102125918311e-05
7.491100000000000314e+00,-1.419887533635487463e-05
7.499799999999999578e+00,-1.529320814185649701e-05
7.508399999999999963e+00,-1.316290603848874891e-05
7.517500000000000071e+00,-1.465085822290816252e-05
7.526200000000000223e+00,-1.366853470189738828e-05
7.534900000000000375e+00,-1.250040210506498956e-05
7.543499999999999872e+00,-1.263669182815856887e-05
7.552599999999999980e+00,-1.354474982252811465e-05
7.561200000000000365e+00,-1.345712771545564627e-05
7.569899999999999629e+00,-1.487639881789020943e-05
7.578599999999999781e+00,-1.435717528005452060e-05
7.587500000000000355e+00,-1.291484232209178830e-05
7.596199999999999619e+00,-1.454881403798819134e-05
7.604800000000000004e+00,-1.407778210830068401e-05
7.613999999999999879e+00,-1.264096386553118651e-05
7.623000000000000220e+00,-1.338855121134374139e-05
7.631599999999999717e+00,-1.351920958415431598e-05
7.641300000000000203e+00,-1.430499023720823489e-05
7.650299999999999656e+00,-1.372110762888324948e-05
7.659200000000000230e+00,-1.324200442811803487e-05
7.667900000000000382e+00,-1.464529380041989853e-05
7.676599999999999646e+00,-1.463203797721695718e-05
7.685299999999999798e+00,-1.395167328158001315e-05
7.694200000000000372e+00,-1.366859988202441751e-05
7.702799999999999869e+00,-1.383761435038739903e-05
7.711400000000000254e+00,-1.454328561070061679e-05
7.720100000000000406e+00,-1.447770482522134361e-05
7.729300000000000281e+00,-1.477718323253282258e-05
7.738500000000000156e+00,-1.520715798116774450e-05
7.751000000000000334e+00,-1.439963318548956360e-05
7.759599999999999831e+00,-1.540788814629044960e-05
7.768299999999999983e+00,-1.447118023510863454e-05
7.777599999999999625e+00,-1.402603852537244455e-05
7.786200000000000010e+00,-1.476896527604791348e-05
7.794900000000000162e+00,-1.611902603452174641e-05
7.804599999999999760e+00,-1.608900529741338816e-05
7.813399999999999679e+00,-1.517044908369075866e-05
7.822600000000000442e+00,-1.446090189405265262e-05
7.831299999999999706e+00,-1.489447498523451766e-05
7.839900000000000091e+00,-1.515843288658126923e-05
7.848600000000000243e+00,-1.486169098570449187e-05
7.857499999999999929e+00,-1.490596600086421374e-05
7.866100000000000314e+00,-1.573663617646873635e-05
7.874799999999999578e+00,-1.481355894655155469e-05
7.883399999999999963e+00,-1.542965775389775265e-05
7.893099999999999561e+00,-1.496746759080467941e-05
7.903500000000000192e+00,-1.560122282272675661e-05
7.912600000000000300e+00,-1.488977101617828354e-05
7.921199999999999797e+00,-1.594882708609010385e-05
7.929899999999999949e+00,-1.564869983971742392e-05
7.938600000000000101e+00,-1.438853446398435281e-05
7.947799999999999976e+00,-1.534959048210283441e-05
7.956400000000000361e+00,-1.637020273392495156e-05
7.965099999999999625e+00,-1.512646256985483327e-05
7.974199999999999733e+00,-1.546417888132059016e-05
7.982899999999999885e+00,-1.697396860629449755e-05
7.991500000000000270e+00,-1.598838695216837002e-05
8.000199999999999534e+00,-1.699570232005655863e-05
8.009100000000000108e+00,-1.477734064208653013e-05
8.017699999999999605e+00,-1.541055877648871923e-05
8.026400000000000645e+00,-1.545738718946405507e-05
8.035000000000000142e+00,-1.654244378552376972e-05
8.043599999999999639e+00,-1.594676276001484420e-05
8.052899999999999281e+00,-1.567152709492004468e-05
8.061500000000000554e+00,-1.695904310084313726e-05
8.070100000000000051e+00,-1.620763475307693919e-05
8.079200000000000159e+00,-1.652847405285711065e-05
8.087899999999999423e+00,-1.713840937353754840e-05
8.096500000000000696e+00,-1.657680736568886964e-05
8.105600000000000804e+00,-1.615886862469761813e-05
8.114599999999999369e+00,-1.669775990004700042e-05
8.123300000000000409e+00,-1.627954753911377804e-05
8.132500000000000284e+00,-1.706324976025614662e-05
8.141099999999999781e+00,-1.637149883722607965e-05
8.149800000000000821e+00,-1.568424909982607399e-05
8.158400000000000318e+00,-1.581307133256425104e-05
8.167600000000000193e+00,-1.803814697288048637e-05
8.176600000000000534e+00,-1.750175562603700904e-05
8.185200000000000031e+00,-1.737994057983053122e-05
8.194200000000000372e+00,-1.644369653331886113e-05
8.202799999999999869e+00,-1.665581701521348136e-05
8.211499999999999133e+00,-1.796788612163003783e-05
8.220200000000000173e+00,-1.742506400613204939e-05
8.229200000000000514e+00,-1.746229079097820058e-05
8.237800000000000011e+00,-1.729974492646266238e-05
8.246399999999999508e+00,-1.751708919777312514e-05
8.255100000000000549e+00,-1.769717173993857161e-05
8.264400000000000190e+00,-1.743451077712988417e-05
8.273099999999999454e+00,-1.726572615775163718e-05
8.281800000000000495e+00,-1.715139591390514757e-05
8.291600000000000747e+00,-1.695904801660857737e-05
8.300700000000000855e+00,-1.725380859129581378e-05
8.309400000000000119e+00,-1.730732453417626812e-05
8.318099999999999383e+00,-1.761005650182995066e-05
8.326800000000000423e+00,-1.842092620296437080e-05
8.335900000000000531e+00,-1.746250162153824195e-05
8.345299999999999940e+00,-1.758413174331781986e-05
8.355999999999999872e+00,-1.819030473373711883e-05
8.364599999999999369e+00,-1.797923250943878407e-05
8.373200000000000642e+00,-1.801310300205051116e-05
8.382300000000000750e+00,-1.669598956553796677e-05
8.390900000000000247e+00,-1.760190253602953760e-05
8.399599999999999511e+00,-1.769006310264252492e-05
8.408300000000000551e+00,-1.868230348162221947e-05
8.416900000000000048e+00,-1.858772622015245806e-05
8.425900000000000389e+00,-1.783961644824533102e-05
8.434599999999999653e+00,-1.880457148853821939e-05
8.443300000000000693e+00,-1.830490630706018166e-05
8.451999999999999957e+00,-1.894991815028028957e-05
8.460800000000000765e+00,-1.879902490177075714e-05
8.469500000000000028e+00,-1.779915516933878701e-05
8.478300000000000836e+00,-1.851932895152914611e-05
8.486900000000000333e+00,-1.867025085868829646e-05
8.495900000000000674e+00,-1.909297514919583438e-05
8.504599999999999937e+00,-1.806545800860434722e-05
8.513299999999999201e+00,-1.717964108784137507e-05
8.521900000000000475e+00,-1.886553120741243841e-05
8.530900000000000816e+00,-1.973661858193921344e-05
8.539500000000000313e+00,-1.945061412818939505e-05
8.548299999999999343e+00,-1.881877204173797559e-05
8.556900000000000617e+00,-1.828506514649008230e-05
8.566200000000000259e+00,-1.911673445242456203e-05
8.574899999999999523e+00,-1.985755655293424196e-05
8.583800000000000097e+00,-1.949556592422790587e-05
8.592599999999999127e+00,-1.916567226444151287e-05
8.601499999999999702e+00,-1.824186481728977882e-05
8.610300000000000509e+00,-1.867132905077019053e-05
8.619600000000000151e+00,-1.934245632104685886e-05
8.628299999999999415e+00,-1.905203575288386868e-05
8.637000000000000455e+00,-1.837114609351048937e-05
8.646000000000000796e+00,-2.020004494151372973e-05
8.654600000000000293e+00,-1.945698972631961562e-05
8.663299999999999557e+00,-1.902787549683357827e-05
8.671900000000000830e+00,-1.929741149083222772e-05
8.680899999999999395e+00,-2.029221662404318135e-05
8.689600000000000435e+00,-1.978649647600938229e-05
8.698299999999999699e+00,-1.876601141880386656e-05
8.706799999999999429e+00,-1.926380439279130321e-05
8.717000000000000526e+00,-1.929435775111019817e-05
8.726599999999999469e+00,-1.923798830639117169e-05
8.737500000000000711e+00,-1.978402904229137078e-05
8.746199999999999974e+00,-1.910976159481863257e-05
8.754799999999999471e+00,-2.053323352721122836e-05
8.764499999999999957e+00,-2.024016112231805239e-05
8.773199999999999221e+00,-1.879122915403438811e-05
8.782799999999999940e+00,-1.980891920406991323e-05
8.791800000000000281e+00,-2.040771118142804819e-05
8.800900000000000389e+00,-1.948847786415516120e-05
8.810800000000000409e+00,-2.057408912294506368e-05
8.820600000000000662e+00,-2.107890120815785395e-05
8.829299999999999926e+00,-2.029558952679086327e-05
8.837899999999999423e+00,-2.117885496193578103e-05
8.846700000000000230e+00,-2.020905826584682785e-05
8.855299999999999727e+00,-2.000723518212263723e-05
8.864200000000000301e+00,-2.040557663567039775e-05
8.872799999999999798e+00,-2.062449491227111558e-05
8.881600000000000605e+00,-2.012542438316138570e-05
8.890200000000000102e+00,-2.034465320515131204e-05
8.899300000000000210e+00,-2.148915432590998553e-05
8.907999999999999474e+00,-2.146261063971341464e-05
8.916600000000000747e+00,-2.139119907899596305e-05
8.925200000000000244e+00,-2.177625130369556170e-05
8.934200000000000585e+00,-2.149554354278430512e-05
8.942800000000000082e+00,-2.142394844182975416e-05
8.951499999999999346e+00,-2.023171598010273719e-05
8.960200000000000387e+00,-2.188302951914813292e-05
8.969300000000000495e+00,-2.087869465239468704e-05
8.977999999999999758e+00,-2.175332462611733516e-05
8.987199999999999633e+00,-2.263153081704646690e-05
8.995900000000000674e+00,-2.152813922037897371e-05
9.004599999999999937e+00,-2.193182870365809490e-05
9.013299999999999201e+00,-2.152315269460984906e-05
9.021900000000000475e+00,-2.197978585329870898e-05
9.030900000000000816e+00,-2.208644794328803096e-05
9.039500000000000313e+00,-2.116540309718168301e-05
9.048199999999999577e+00,-2.162652781363959579e-05
9.056900000000000617e+00,-2.187855544469893918e-05
9.065899999999999181e+00,-2.159938847702281553e-05
9.074500000000000455e+00,-2.114489631753631825e-05
9.083299999999999486e+00,-2.224581980553395205e-05
9.091900000000000759e+00,-2.365758513405211280e-05
9.101000000000000867e+00,-2.270388722294436638e-05
9.109500000000000597e+00,-2.245828692133531755e-05
9.118199999999999861e+00,-2.157409827368650477e-05
9.126899999999999125e+00,-2.080209225276867871e-05
9.136599999999999611e+00,-2.114440447088203898e-05
9.145500000000000185e+00,-2.179570195808607641e-05
9.154299999999999216e+00,-2.148635139750498368e-05
9.163000000000000256e+00,-2.180102354697632978e-05
9.171900000000000830e+00,-2.225740356933173479e-05
9.180899999999999395e+00,-2.252780317239740137e-05
9.189600000000000435e+00,-2.141863677895220353e-05
9.198399999999999466e+00,-2.220834865592933791e-05
9.207000000000000739e+00,-2.226186179578857650e-05
9.215899999999999537e+00,-2.281911402361578483e-05
9.224600000000000577e+00,-2.180518340396363219e-05
9.233299999999999841e+00,-2.211219068488885298e-05
9.242000000000000881e+00,-2.248781281101805288e-05
9.250899999999999679e+00,-2.217268243372768222e-05
9.259600000000000719e+00,-2.346212159913389252e-05
9.268299999999999983e+00,-2.219851734858185486e-05
9.276899999999999480e+00,-2.223603336308954855e-05
9.285899999999999821e+00,-2.327580313380648571e-05
9.294600000000000861e+00,-2.202167582476528915e-05
9.304600000000000648e+00,-2.264636352352982721e-05
9.314199999999999591e+00,-2.299752325677316672e-05
9.322800000000000864e+00,-2.398822741723116627e-05
9.332000000000000739e+00,-2.240846247209433159e-05
9.340799999999999770e+00,-2.415062671422111857e-05
9.349500000000000810e+00,-2.247004868914518391e-05
9.358900000000000219e+00,-2.334281236195801098e-05
9.367699999999999250e+00,-2.346536766661066423e-05
9.376300000000000523e+00,-2.331679720826685363e-05
9.386599999999999611e+00,-2.317260336391066067e-05
9.396000000000000796e+00,-2.301211507760639579e-05
9.404700000000000060e+00,-2.365397993794778877e-05
9.413500000000000867e+00,-2.262619915580343097e-05
9.423500000000000654e+00,-2.322456097339205359e-05
9.432600000000000762e+00,-2.464729078443980400e-05
9.441300000000000026e+00,-2.395517887244299083e-05
9.449899999999999523e+00,-2.433836641793516104e-05
9.458600000000000563e+00,-2.333132449900521916e-05
9.467700000000000671e+00,-2.389295136922886054e-05
9.477100000000000080e+00,-2.443337770138110472e-05
9.486000000000000654e+00,-2.350705871729868654e-05
9.494600000000000151e+00,-2.364016708416698817e-05
9.503199999999999648e+00,-2.471002152198064836e-05
9.511900000000000688e+00,-2.485648348881215825e-05
9.521200000000000330e+00,-2.387472508623336015e-05
9.529700000000000060e+00,-2.457875418866641449e-05
9.538500000000000867e+00,-2.467507690043625832e-05
9.549200000000000799e+00,-2.526355880915208711e-05
9.557900000000000063e+00,-2.362407578661312622e-05
9.566599999999999326e+00,-2.570165183189248833e-05
9.575200000000000600e+00,-2.459760074967944901e-05
9.584300000000000708e+00,-2.500269607832273722e-05
9.592999999999999972e+00,-2.416361742716305891e-05
9.601699999999999235e+00,-2.419206286238915083e-05
9.610599999999999810e+00,-2.573216327153782712e-05
9.619300000000000850e+00,-2.361325228837879257e-05
9.628000000000000114e+00,-2.534592756611703636e-05
9.636599999999999611e+00,-2.389113471044928974e-05
9.645300000000000651e+00,-2.430665672407570851e-05
9.654299999999999216e+00,-2.470347760237003032e-05
9.663000000000000256e+00,-2.464735032878522403e-05
9.672100000000000364e+00,-2.351476917521601144e-05
9.680999999999999162e+00,-2.444778708340580734e-05
9.689700000000000202e+00,-2.528690285336033985e-05
9.698299999999999699e+00,-2.442745221012783885e-05
9.707000000000000739e+00,-2.588307129614063166e-05
9.715999999999999304e+00,-2.515899080729087304e-05
9.724700000000000344e+00,-2.454868909135065431e-05
9.733299999999999841e+00,-2.530439783793937735e-05
9.742000000000000881e+00,-2.520732379084940225e-05
9.751200000000000756e+00,-2.626661224687401684e-05
9.759800000000000253e+00,-2.564402236364420789e-05
9.768499999999999517e+00,-2.492386639365575755e-05
9.777599999999999625e+00,-2.599247896619902298e-05
9.786300000000000665e+00,-2.452329153525002444e-05
9.794900000000000162e+00,-2.599685229906457604e-05
9.803699999999999193e+00,-2.446088430206507913e-05
9.812599999999999767e+00,-2.514174825298974222e-05
9.821300000000000807e+00,-2.551925957258228440e-05
9.830000000000000071e+00,-2.540991968767009578e-05
9.838699999999999335e+00,-2.611942387003765966e-05
9.848599999999999355e+00,-2.526373211835826601e-05
9.857699999999999463e+00,-2.654082853664930944e-05
9.866300000000000736e+00,-2.461671013914956121e-05
9.875000000000000000e+00,-2.712978270253589910e-05
9.884199999999999875e+00,-2.513420664990189584e-05
9.892899999999999139e+00,-2.673592485755155309e-05
9.902400000000000091e+00,-2.618293826370791293e-05
9.911199999999999122e+00,-2.668510035578269086e-05
9.919800000000000395e+00,-2.663349816500417593e-05
9.928599999999999426e+00,-2.689886117814813300e-05
9.937699999999999534e+00,-2.661981015819191339e-05
9.946300000000000807e+00,-2.627701751878878033e-05
9.954900000000000304e+00,-2.738101151122685492e-05
9.963499999999999801e+00,-2.661493383541638355e-05
9.972599999999999909e+00,-2.647797093658179647e-05
9.981299999999999173e+00,-2.730288978557068045e-05
9.990000000000000213e+00,-2.746503476883332918e-05
9.998599999999999710e+00,-2.822415195150333386e-05
1.000769999999999982e+01,-2.843923847216140062e-05
1.001629999999999932e+01,-2.752775791945512480e-05
1.002500000000000036e+01,-2.746983970225463272e-05
1.003369999999999962e+01,-2.739322896477028009e-05
1.004260000000000019e+01,-2.741460835912779568e-05
1.005129999999999946e+01,-2.598334787244112451e-05
1.006000000000000050e+01,-2.655171610518511621e-05
1.006869999999999976e+01,-2.709756066839985166e-05
1.007760000000000034e+01,-2.764865756940616988e-05
1.008629999999999960e+01,-2.775620982859848974e-05
1.009500000000000064e+01,-2.742330388623957522e-05
1.010410000000000075e+01,-2.700409067756789948e-05
1.011280000000000001e+01,-2.680691164834897488e-05
1.012149999999999928e+01,-2.625892709564659529e-05
1.013020000000000032e+01,-2.732786713220317727e-05
1.013930000000000042e+01,-2.733313244463711662e-05
1.014799999999999969e+01,-2.734867345696137715e-05
1.015670000000000073e+01,-2.689427653838877665e-05
1.016539999999999999e+01,-2.738272266484127445e-05
1.017420000000000080e+01,-2.740803569408888519e-05
1.018290000000000006e+01,-2.780222590877687652e-05
1.019159999999999933e+01,-2.810222477967144836e-05
1.020020000000000060e+01,-2.858530790173261860e-05
1.020930000000000071e+01,-2.850244806697568595e-05
1.021799999999999997e+01,-2.872526534939979495e-05
1.022830000000000084e+01,-2.806295631542369065e-05
1.023700000000000010e+01,-2.882077270912832999e-05
1.024600000000000044e+01,-2.845475065519059016e-05
1.025469999999999970e+01,-2.885424345524915685e-05
1.026379999999999981e+01,-2.978703340822424399e-05
1.027299999999999969e+01,-2.950139646058915844e-05
1.028240000000000087e+01,-2.862114634891979505e-05
1.029139999999999944e+01,-2.793563119539953232e-05
1.030010000000000048e+01,-2.874041159588083122e-05
1.030879999999999974e+01,-2.830747762309503059e-05
1.031760000000000055e+01,-2.832512313518883735e-05
1.032629999999999981e+01,-2.854346262165616700e-05
1.033489999999999931e+01,-2.893034986764471189e-05
1.034360000000000035e+01,-2.965639511407733601e-05
1.035270000000000046e+01,-2.973052351812723385e-05
1.036139999999999972e+01,-2.904784496182981519e-05
1.037010000000000076e+01,-2.903180819867595252e-05
1.037880000000000003e+01,-2.942628761595279547e-05
1.038760000000000083e+01,-2.968420564257971553e-05
1.039639999999999986e+01,-2.921506038658095968e-05
1.040509999999999913e+01,-2.993306567310470350e-05
1.041370000000000040e+01,-2.952613863534256020e-05
1.042270000000000074e+01,-3.047788047811874528e-05
1.043270000000000053e+01,-3.055067602931023319e-05
1.044139999999999979e+01,-3.165233062817714074e-05
1.045020000000000060e+01,-3.008797655184132979e-05
1.045940000000000047e+01,-2.944019241323496535e-05
1.046799999999999997e+01,-2.928965995565945392e-05
1.047669999999999924e+01,-3.067539199172794996e-05
1.048530000000000051e+01,-3.040566399261523554e-05
1.049430000000000085e+01,-3.054131684831150849e-05
1.050300000000000011e+01,-3.059184674564897162e-05
1.051169999999999938e+01,-2.985497159933440990e-05
1.052079999999999949e+01,-2.944363927741500348e-05
1.052950000000000053e+01,-3.006929500512295003e-05
1.053810000000000002e+01,-2.994489510788615099e-05
1.054860000000000042e+01,-3.047554060826298487e-05
1.055770000000000053e+01,-3.111233183823670836e-05
1.056639999999999979e+01,-2.991878010715008206e-05
1.057610000000000028e+01,-3.044459065335578321e-05
1.058469999999999978e+01,-3.134900690636682318e-05
1.059340000000000082e+01,-3.010586294137417105e-05
1.060280000000000022e+01,-3.149925434574470627e-05
1.061139999999999972e+01,-3.083494812720157007e-05
1.062010000000000076e+01,-3.037087741855230621e-05
1.062880000000000003e+01,-3.073559958594377067e-05
1.063770000000000060e+01,-3.112502853279522407e-05
1.064770000000000039e+01,-3.076483525029006681e-05
1.065760000000000041e+01,-3.118129753227846281e-05
1.066619999999999990e+01,-3.142650673539543237e-05
1.067489999999999917e+01,-3.172819669718655216e-05
1.068360000000000021e+01,-3.130430802129213113e-05
1.069270000000000032e+01,-3.136043539520754278e-05
1.070129999999999981e+01,-3.144070109446631990e-05
1.071010000000000062e+01,-3.098188560678546326e-05
1.071870000000000012e+01,-3.181920650940027982e-05
1.072760000000000069e+01,-3.167215602046803387e-05
1.073629999999999995e+01,-3.243107553204278024e-05
1.074499999999999922e+01,-3.374993163165492362e-05
1.075370000000000026e+01,-3.119601051607134856e-05
1.076350000000000051e+01,-3.165747979829342017e-05
1.077270000000000039e+01,-3.171503329832972779e-05
1.078149999999999942e+01,-3.202307649277202472e-05
1.079020000000000046e+01,-3.154745451538294634e-05
1.079930000000000057e+01,-3.214610563926652677e-05
1.080809999999999960e+01,-3.133962880220341396e-05
1.081670000000000087e+01,-3.189989831449375557e-05
1.082540000000000013e+01,-3.292493420149170298e-05
1.083430000000000071e+01,-3.213955308551329996e-05
1.084299999999999997e+01,-3.221128426283184068e-05
1.085169999999999924e+01,-3.167839212426273822e-05
1.086040000000000028e+01,-3.242285488708711435e-05
1.086930000000000085e+01,-3.399861392546367055e-05
1.087800000000000011e+01,-3.249361872476752176e-05
1.088669999999999938e+01,-3.243578688458140322e-05
1.089550000000000018e+01,-3.257227045481026623e-05
1.090440000000000076e+01,-3.224042819204231891e-05
1.091370000000000040e+01,-3.243036323853182258e-05
1.092259999999999920e+01,-3.236492681760600983e-05
1.093130000000000024e+01,-3.277303802589796129e-05
1.093999999999999950e+01,-3.170680614300586250e-05
1.094870000000000054e+01,-3.263343946427737109e-05
1.095979999999999954e+01,-3.373921954410465367e-05
1.096860000000000035e+01,-3.372913464759740845e-05
1.097770000000000046e+01,-3.304431566516509954e-05
1.098700000000000010e+01,-3.254961018020192769e-05
1.099649999999999928e+01,-3.270786927471778334e-05
1.100520000000000032e+01,-3.392349003559580814e-05
1.101500000000000057e+01,-3.382054473487818838e-05
1.102389999999999937e+01,-3.358802266497604725e-05
1.103279999999999994e+01,-3.336232723035554779e-05
1.104139999999999944e+01,-3.259988978455833405e-05
1.105010000000000048e+01,-3.332678640582617275e-05
1.105879999999999974e+01,-3.528768578039926740e-05
1.106770000000000032e+01,-3.260118668747883893e-05
1.107639999999999958e+01,-3.303052681777752641e-05
1.108500000000000085e+01,-3.458552550005374515e-05
1.109370000000000012e+01,-3.304058577741813066e-05
1.110319999999999929e+01,-3.450288650758040043e-05
1.111289999999999978e+01,-3.408332041798805981e-05
1.112160000000000082e+01,-3.489510903494091746e-05
1.113090000000000046e+01,-3.414542677607657496e-05
1.114010000000000034e+01,-3.404879539251276857e-05
1.114879999999999960e+01,-3.462728748740857279e-05
1.115840000000000032e+01,-3.374699009191077254e-05
1.116709999999999958e+01,-3.372445493225089200e-05
1.117609999999999992e+01,-3.466226351041517672e-05
1.118479999999999919e+01,-3.357343822999608613e-05
1.119340000000000046e+01,-3.430589796697794706e-05
1.120209999999999972e+01,-3.331506638617841689e-05
1.121110000000000007e+01,-3.507626205269821339e-05
1.121969999999999956e+01,-3.594681252793504190e-05
1.122840000000000060e+01,-3.565993891487955229e-05
1.123850000000000016e+01,-3.588618267034223309e-05
1.124770000000000003e+01,-3.646011620987566599e-05
1.125639999999999930e+01,-3.475472724995991910e-05
1.126510000000000034e+01,-3.496543474403978734e-05
1.127389999999999937e+01,-3.489128195745489023e-05
1.128379999999999939e+01,-3.596166006563690379e-05
1.129279999999999973e+01,-3.614506958779831972e-05
1.130139999999999922e+01,-3.547541801588420399e-05
1.131010000000000026e+01,-3.444597529041182587e-05
1.131879999999999953e+01,-3.455329443675654415e-05
1.132779999999999987e+01,-3.546617612820723592e-05
1.133639999999999937e+01,-3.489648055274264474e-05
1.134500000000000064e+01,-3.724668503120919590e-05
1.135360000000000014e+01,-3.484572366362748532e-05
1.136270000000000024e+01,-3.600562045283378252e-05
1.137139999999999951e+01,-3.590769213263051264e-05
1.138010000000000055e+01,-3.616966400102827276e-05
1.138870000000000005e+01,-3.544733045901255885e-05
1.139780000000000015e+01,-3.525779306384584089e-05
1.140649999999999942e+01,-3.683267399660653473e-05
1.141520000000000046e+01,-3.626586561048986785e-05
1.142440000000000033e+01,-3.529241679827224698e-05
1.143309999999999960e+01,-3.711022591240770662e-05
1.144180000000000064e+01,-3.700899053003640655e-05
1.145049999999999990e+01,-3.675578229674189481e-05
1.146059999999999945e+01,-3.721770145289008259e-05
1.147010000000000041e+01,-3.755426091296899154e-05
1.147869999999999990e+01,-3.627622863687859781e-05
1.148770000000000024e+01,-3.730688714667830140e-05
1.149639999999999951e+01,-3.703061437367345253e-05
1.150500000000000078e+01,-3.682541280122328549e-05
1.151370000000000005e+01,-3.667710783666699266e-05
1.152270000000000039e+01,-3.731220798921768412e-05
1.153139999999999965e+01,-3.689971721821156563e-05
1.153999999999999915e+01,-3.741208732653140945e-05
1.154870000000000019e+01,-3.706057643966447564e-05
1.155809999999999960e+01,-3.580745617177619319e-05
1.156670000000000087e+01,-3.468033414142084481e-05
1.157559999999999967e+01,-3.541660459211560348e-05
1.158500000000000085e+01,-3.632475427598318434e-05
1.159459999999999980e+01,-3.746221721444460695e-05
1.160330000000000084e+01,-3.785775786824949391e-05
1.161200000000000010e+01,-3.808875947122286826e-05
1.162180000000000035e+01,-3.882608448554580806e-05
1.163119999999999976e+01,-3.826472877363571584e-05
1.164020000000000010e+01,-3.872913546104010500e-05
1.164879999999999960e+01,-3.678368351676394388e-05
1.165789999999999971e+01,-3.750393746062462763e-05
1.166660000000000075e+01,-3.718402455247236168e-05
1.167530000000000001e+01,-3.753330155318085793e-05
1.168440000000000012e+01,-3.900311150854509279e-05
1.169299999999999962e+01,-3.682729168339845464e-05
1.170170000000000066e+01,-3.773306516136881316e-05
1.171039999999999992e+01,-3.878056327192143339e-05
1.171940000000000026e+01,-3.744655876825888317e-05
1.172809999999999953e+01,-3.871064482373416291e-05
1.173680000000000057e+01,-3.836095374533585981e-05
1.174549999999999983e+01,-3.734981100862453979e-05
1.175440000000000040e+01,-3.906400869094816598e-05
1.176309999999999967e+01,-3.915468171154643700e-05
1.177180000000000071e+01,-3.882861707766308490e-05
1.178040000000000020e+01,-3.822594056110189750e-05
1.178950000000000031e+01,-4.004582086519545129e-05
1.179809999999999981e+01,-3.846729930322471090e-05
1.180680000000000085e+01,-3.963328892634635382e-05
1.181550000000000011e+01,-3.800220882823728821e-05
1.182479999999999976e+01,-3.886939804347163373e-05
1.183350000000000080e+01,-3.975379928483160929e-05
1.184239999999999959e+01,-3.930655080928153306e-05
1.185219999999999985e+01,-3.906005815682391576e-05
1.186110000000000042e+01,-3.994726678597241209e-05
1.187059999999999960e+01,-3.954488813392230775e-05
1.188000000000000078e+01,-3.878558657293887770e-05
1.188860000000000028e+01,-3.927217325717146713e-05
1.189830000000000076e+01,-4.032683323478290826e-05
1.190820000000000078e+01,-3.964555801692104552e-05
1.191760000000000019e+01,-3.802327841660485975e-05
1.192689999999999984e+01,-3.860469608473696829e-05
1.193549999999999933e+01,-3.878243798882254696e-05
1.194439999999999991e+01,-3.936090920609748426e-05
1.195309999999999917e+01,-3.748051680593951496e-05
1.196170000000000044e+01,-3.788843038970372140e-05
1.197029999999999994e+01,-3.848979838449645744e-05
1.197940000000000005e+01,-3.898639162076451294e-05
1.198809999999999931e+01,-3.849302533221005628e-05
1.199680000000000035e+01,-3.777175403489957070e-05
1.200000000000000000e+01,-4.044014806315956458e-05
