# B (T), \delta v/v
8.399999999999999481e-03,-0.000000000000000000e+00
1.720000000000000001e-02,-1.627195310553611156e-05
2.580000000000000002e-02,-8.096695420568541038e-06
3.490000000000000047e-02,-9.121531964938851475e-06
4.370000000000000273e-02,-6.216012949235077620e-06
5.249999999999999806e-02,-9.015147802830759602e-06
6.149999999999999911e-02,-1.134227980750888293e-05
7.019999999999999851e-02,-1.362455037294692771e-05
7.889999999999999791e-02,-4.200057974893325885e-08
8.759999999999999731e-02,-9.679648780737317576e-06
9.650000000000000244e-02,-6.642532086343147513e-06
1.052000000000000018e-01,-1.199817115234212521e-05
1.140000000000000041e-01,-1.262152727466575586e-05
1.232000000000000040e-01,-5.474620525064378615e-06
1.318999999999999895e-01,-4.545146929738888217e-06
1.406999999999999917e-01,-1.491184986455594726e-05
1.497999999999999887e-01,-1.726581494657965232e-05
1.585000000000000020e-01,-1.981334625736569724e-05
1.673999999999999932e-01,-1.293540190081010101e-05
1.766000000000000070e-01,-9.235141068145462026e-06
1.854000000000000092e-01,-2.074916877291906221e-05
1.940999999999999948e-01,-1.120130953808392942e-05
2.031999999999999917e-01,-1.122083605319991462e-05
2.119999999999999940e-01,-1.815086188317743821e-05
2.207000000000000073e-01,-1.157773643737053208e-05
2.298999999999999932e-01,-2.001928309641764527e-05
2.386999999999999955e-01,-1.286668401527394159e-05
2.474999999999999978e-01,-1.597334053315946877e-05
2.565000000000000058e-01,-1.168053308358792987e-05
2.652999999999999803e-01,-1.138900405634650850e-05
2.741000000000000103e-01,-9.132073057593415380e-06
2.832999999999999963e-01,-1.171884214952500017e-05
2.919999999999999818e-01,-1.309408591530693972e-05
3.008000000000000118e-01,-8.078993027293762327e-06
3.099000000000000088e-01,-1.664645172132998147e-05
3.186999999999999833e-01,-1.831969095010522151e-05
3.272999999999999798e-01,-1.791215290498178112e-05
3.365000000000000213e-01,-1.780050368380592558e-05
3.452999999999999958e-01,-2.020272288102086498e-05
3.539999999999999813e-01,-1.809051156203569065e-05
3.632000000000000228e-01,-1.765667756314752423e-05
3.719999999999999973e-01,-2.219487988826414869e-05
3.806999999999999829e-01,-2.069836900613487678e-05
3.897999999999999798e-01,-1.483700548908051080e-05
3.985000000000000209e-01,-1.602275922819472107e-05
4.072000000000000064e-01,-1.711632986363983804e-05
4.159999999999999809e-01,-1.819635768685414802e-05
4.248000000000000109e-01,-1.969280856554066726e-05
4.335999999999999854e-01,-2.313947019297237645e-05
4.424000000000000155e-01,-1.812934248400835911e-05
4.516000000000000014e-01,-1.342869634556411763e-05
4.602999999999999869e-01,-3.027833057618980507e-05
4.692000000000000060e-01,-1.835383405936739411e-05
4.783000000000000029e-01,-2.255304638630367849e-05
4.869999999999999885e-01,-2.248550954909262975e-05
4.958000000000000185e-01,-2.592181052666611349e-05
5.050000000000000044e-01,-1.790246236073474682e-05
5.137000000000000455e-01,-1.980794673536907802e-05
5.223999999999999755e-01,-2.727810746278188335e-05
5.314999999999999725e-01,-2.650385647751801743e-05
5.403000000000000025e-01,-2.731518753116722251e-05
5.490000000000000435e-01,-3.124016243756023471e-05
5.583000000000000185e-01,-3.411171998122684498e-05
5.669999999999999485e-01,-2.870767905141166643e-05
5.757999999999999785e-01,-3.389855705404013625e-05
5.848999999999999755e-01,-3.242679120639131544e-05
5.937000000000000055e-01,-2.966525395892431922e-05
6.025000000000000355e-01,-3.518892260446007669e-05
6.115000000000000435e-01,-3.045217055608296849e-05
6.202999999999999625e-01,-2.816773460690997349e-05
6.290000000000000036e-01,-2.659002138233898874e-05
6.381999999999999895e-01,-3.852158575404435528e-05
6.470000000000000195e-01,-3.643901984066891080e-05
6.558000000000000496e-01,-3.051543773521878805e-05
6.649000000000000465e-01,-3.564776064108438579e-05
6.736999999999999655e-01,-4.304721723035810112e-05
6.824000000000000066e-01,-4.569707803176912241e-05
6.915999999999999925e-01,-4.626703309635487628e-05
7.003000000000000336e-01,-4.232577045747316913e-05
7.089999999999999636e-01,-4.111129813171021663e-05
7.181999999999999496e-01,-4.603408055454624205e-05
7.269999999999999796e-01,-4.073672355976612307e-05
7.357000000000000206e-01,-4.490575094107216066e-05
7.449999999999999956e-01,-4.701496749220089068e-05
7.537000000000000366e-01,-4.901156298315148020e-05
7.623999999999999666e-01,-5.092061786720930745e-05
7.714999999999999636e-01,-4.774948889954208631e-05
7.802999999999999936e-01,-4.665654570687374075e-05
7.891000000000000236e-01,-4.950051733151124463e-05
7.982000000000000206e-01,-5.111722679812329660e-05
8.070000000000000506e-01,-4.609712694037849945e-05
8.157999999999999696e-01,-5.218876079568675330e-05
8.249999999999999556e-01,-5.335427748247344518e-05
8.336999999999999966e-01,-5.644901701581678949e-05
8.424000000000000377e-01,-5.398873213235001051e-05
8.516000000000000236e-01,-6.014292186660302741e-05
8.602999999999999536e-01,-5.976810927405418888e-05
8.689999999999999947e-01,-5.558967050808046734e-05
8.781999999999999806e-01,-5.885942035112356509e-05
8.869000000000000217e-01,-6.179545681658316428e-05
8.955999999999999517e-01,-6.379724509369359003e-05
9.043999999999999817e-01,-6.226251162844836928e-05
9.133000000000000007e-01,-7.033823934941862456e-05
9.220000000000000417e-01,-6.443903540818540082e-05
9.306999999999999718e-01,-6.917178939678495127e-05
9.399999999999999467e-01,-6.696446957258662958e-05
9.486999999999999877e-01,-6.980859924679712857e-05
9.575000000000000178e-01,-6.093762869100057510e-05
9.665000000000000258e-01,-7.335309998134347670e-05
9.751999999999999558e-01,-7.589742463018269575e-05
9.838999999999999968e-01,-7.431404819621700332e-05
9.926000000000000378e-01,-7.279332768281038951e-05
1.001500000000000057e+00,-7.870273466904342125e-05
1.010399999999999965e+00,-7.643301887177360136e-05
1.019200000000000106e+00,-8.429424930377050172e-05
1.028299999999999992e+00,-8.717154965872742425e-05
1.037099999999999911e+00,-7.501144649069689009e-05
1.045700000000000074e+00,-8.167478921906369538e-05
1.054999999999999938e+00,-8.548835520603590907e-05
1.063700000000000090e+00,-8.433830853667883577e-05
1.072400000000000020e+00,-8.764267625280134158e-05
1.081599999999999895e+00,-9.090761310719293331e-05
1.090400000000000036e+00,-8.375579705728760337e-05
1.098999999999999977e+00,-9.702045945010466001e-05
1.108400000000000052e+00,-9.811887690741789327e-05
1.117099999999999982e+00,-8.983256650514116759e-05
1.125899999999999901e+00,-9.579332335560124256e-05
1.135000000000000009e+00,-9.706793404405623590e-05
1.143699999999999939e+00,-9.478227663371188369e-05
1.152400000000000091e+00,-9.954118492276706892e-05
1.161499999999999977e+00,-1.034333064919949752e-04
1.170199999999999907e+00,-9.342783567281250957e-05
1.178900000000000059e+00,-9.644959493830063471e-05
1.187699999999999978e+00,-1.028945579010260170e-04
1.196700000000000097e+00,-1.078071577979258962e-04
1.205400000000000027e+00,-1.144689894610664144e-04
1.214599999999999902e+00,-1.103463273729547982e-04
1.223200000000000065e+00,-1.036955920994833778e-04
1.232099999999999973e+00,-1.039394404743541975e-04
1.240899999999999892e+00,-1.027700638956527326e-04
1.249900000000000011e+00,-1.061940145092371210e-04
1.258699999999999930e+00,-1.106733908926935822e-04
1.267500000000000071e+00,-1.147264937940493772e-04
1.276699999999999946e+00,-1.184290721217052828e-04
1.285400000000000098e+00,-1.188112265807009498e-04
1.294599999999999973e+00,-1.186152731103536431e-04
1.303299999999999903e+00,-1.202676995380592799e-04
1.312100000000000044e+00,-1.194537055977590908e-04
1.320899999999999963e+00,-1.233422260321123242e-04
1.329900000000000082e+00,-1.211317902110918901e-04
1.338700000000000001e+00,-1.260242906481261974e-04
1.347399999999999931e+00,-1.302796696929539415e-04
1.356700000000000017e+00,-1.267941993776016199e-04
1.365499999999999936e+00,-1.351783654942753741e-04
1.374600000000000044e+00,-1.211742269921934224e-04
1.383399999999999963e+00,-1.264654553364780252e-04
1.391999999999999904e+00,-1.387327952406946108e-04
1.400800000000000045e+00,-1.355683132359462688e-04
1.410099999999999909e+00,-1.358880033038929909e-04
1.418900000000000050e+00,-1.387527100485527395e-04
1.427499999999999991e+00,-1.445053872091996670e-04
1.436700000000000088e+00,-1.472436817919764180e-04
1.445500000000000007e+00,-1.456133235087108714e-04
1.454599999999999893e+00,-1.469496665038470731e-04
1.463400000000000034e+00,-1.485697844757450856e-04
1.472199999999999953e+00,-1.465839792213733013e-04
1.480900000000000105e+00,-1.447665479402308972e-04
1.489999999999999991e+00,-1.487636760114734689e-04
1.498699999999999921e+00,-1.546305695998755145e-04
1.507400000000000073e+00,-1.603063462655132578e-04
1.516499999999999959e+00,-1.550082362065832546e-04
1.525400000000000089e+00,-1.543587941619094673e-04
1.534599999999999964e+00,-1.652288553877986899e-04
1.543400000000000105e+00,-1.562363803139349937e-04
1.552100000000000035e+00,-1.620348089628835791e-04
1.560899999999999954e+00,-1.624828642300237339e-04
1.570000000000000062e+00,-1.638609531613795158e-04
1.578799999999999981e+00,-1.632377488956183662e-04
1.587499999999999911e+00,-1.709871870475205332e-04
1.596600000000000019e+00,-1.717941786071595141e-04
1.605399999999999938e+00,-1.768986726061966362e-04
1.614600000000000035e+00,-1.731416909148586654e-04
1.623399999999999954e+00,-1.764633224208733871e-04
1.632200000000000095e+00,-1.676292751441920206e-04
1.641000000000000014e+00,-1.781360408987142825e-04
1.649899999999999922e+00,-1.794723848411278969e-04
1.658600000000000074e+00,-1.807735881230842622e-04
1.667399999999999993e+00,-1.827155100415074705e-04
1.676600000000000090e+00,-1.895678875243798044e-04
1.685400000000000009e+00,-1.907317030550848263e-04
1.694099999999999939e+00,-1.909972655607999545e-04
1.703300000000000036e+00,-1.948313918835587171e-04
1.711999999999999966e+00,-1.969768720272780434e-04
1.720699999999999896e+00,-1.937550127509408103e-04
1.729999999999999982e+00,-2.028176556150287305e-04
1.738899999999999890e+00,-2.051343485528639172e-04
1.747600000000000042e+00,-1.949643454807064875e-04
1.756699999999999928e+00,-1.974218824585280505e-04
1.765400000000000080e+00,-2.033776555972850383e-04
1.774599999999999955e+00,-2.022422488579924196e-04
1.783300000000000107e+00,-2.147448255691276030e-04
1.792100000000000026e+00,-2.030362122693450851e-04
1.800899999999999945e+00,-2.068012888985979163e-04
1.810000000000000053e+00,-2.103722559919560513e-04
1.818699999999999983e+00,-2.050165742805737552e-04
1.827399999999999913e+00,-2.182783381845657730e-04
1.836600000000000010e+00,-2.099003269076912988e-04
1.845399999999999929e+00,-2.183726828674792397e-04
1.854100000000000081e+00,-2.170574361602976496e-04
1.863299999999999956e+00,-2.215457418491674577e-04
1.872000000000000108e+00,-2.218316149257156238e-04
1.880900000000000016e+00,-2.195401446777919385e-04
1.889999999999999902e+00,-2.308680030833382309e-04
1.898700000000000054e+00,-2.322289744552494695e-04
1.907399999999999984e+00,-2.342217356242864805e-04
1.916700000000000070e+00,-2.300063936543799738e-04
1.925499999999999989e+00,-2.322877585056158135e-04
1.934199999999999919e+00,-2.396041994080133544e-04
1.943400000000000016e+00,-2.337592411695863046e-04
1.952199999999999935e+00,-2.403040529362207231e-04
1.960900000000000087e+00,-2.452354820304748946e-04
1.969999999999999973e+00,-2.483873733827447316e-04
1.978699999999999903e+00,-2.515984832922083490e-04
1.987500000000000044e+00,-2.435384136509864683e-04
1.996699999999999919e+00,-2.495563922921869692e-04
2.005399999999999849e+00,-2.542622036303739553e-04
2.014200000000000212e+00,-2.505756510233481376e-04
2.023400000000000087e+00,-2.574565470021047270e-04
2.032099999999999795e+00,-2.526239309540187321e-04
2.040799999999999947e+00,-2.584586327905795226e-04
2.050100000000000033e+00,-2.682022886322315506e-04
2.058899999999999952e+00,-2.617084250415532051e-04
2.067600000000000104e+00,-2.651671665006348575e-04
2.076600000000000001e+00,-2.750868625330631090e-04
2.085399999999999920e+00,-2.712500551267018212e-04
2.094100000000000072e+00,-2.699869173106417795e-04
2.103299999999999947e+00,-2.762974988546602721e-04
2.112000000000000099e+00,-2.843033929408737056e-04
2.120699999999999807e+00,-2.776268448776871272e-04
2.129500000000000171e+00,-2.858425326881242068e-04
2.138399999999999856e+00,-2.903493023523357353e-04
2.147100000000000009e+00,-2.895682070292253905e-04
2.155800000000000161e+00,-2.870795765027500321e-04
2.165000000000000036e+00,-2.861699025157537178e-04
2.173700000000000188e+00,-2.915934625957869106e-04
2.182399999999999896e+00,-3.023688365455367427e-04
2.191699999999999982e+00,-2.983369268122039800e-04
2.200400000000000134e+00,-2.939781925140154406e-04
2.209099999999999842e+00,-2.990513861071731911e-04
2.217799999999999994e+00,-3.040836806324385619e-04
2.226599999999999913e+00,-2.988245655411773082e-04
2.235399999999999832e+00,-2.999863576445894239e-04
2.244099999999999984e+00,-3.127559080408227193e-04
2.253400000000000070e+00,-3.180653543685828429e-04
2.262199999999999989e+00,-3.140309345449425991e-04
2.270900000000000141e+00,-3.138160373108364598e-04
2.279999999999999805e+00,-3.165212756777904379e-04
2.288699999999999957e+00,-3.255881146465504188e-04
2.297499999999999876e+00,-3.171838146582414350e-04
2.306700000000000195e+00,-3.242740241152137787e-04
2.315399999999999903e+00,-3.212265749965410259e-04
2.324100000000000055e+00,-3.276692737269541311e-04
2.333400000000000141e+00,-3.290687939845498341e-04
2.342099999999999849e+00,-3.338228542250673125e-04
2.350900000000000212e+00,-3.416005321918243100e-04
2.360100000000000087e+00,-3.392448413655857562e-04
2.368799999999999795e+00,-3.389050555706806748e-04
2.377499999999999947e+00,-3.505005928238487216e-04
2.386699999999999822e+00,-3.452473685094711170e-04
2.395399999999999974e+00,-3.439252272204021323e-04
2.404100000000000126e+00,-3.487889915806819795e-04
2.413400000000000212e+00,-3.427653624668213980e-04
2.422099999999999920e+00,-3.567210815043019533e-04
2.430800000000000072e+00,-3.583487250105616556e-04
2.439999999999999947e+00,-3.688001141530197931e-04
2.448900000000000077e+00,-3.559851069429996635e-04
2.457599999999999785e+00,-3.634327856287665904e-04
2.466899999999999871e+00,-3.643007051144517630e-04
2.475600000000000023e+00,-3.736697574686603622e-04
2.484199999999999964e+00,-3.663102209396763929e-04
2.493399999999999839e+00,-3.692782330357554169e-04
2.502099999999999991e+00,-3.669339606403479274e-04
2.510899999999999910e+00,-3.687867539383744755e-04
2.520000000000000018e+00,-3.707601907740974007e-04
2.528799999999999937e+00,-3.805564848834738605e-04
2.537500000000000089e+00,-3.824869427141407152e-04
2.546600000000000197e+00,-3.903933993516326556e-04
2.555299999999999905e+00,-3.895800302006896532e-04
2.564099999999999824e+00,-3.901552619930694858e-04
2.573399999999999910e+00,-3.948168839988264872e-04
2.582199999999999829e+00,-3.953763106107083952e-04
2.591000000000000192e+00,-4.026029715310077209e-04
2.600099999999999856e+00,-4.008893040067336086e-04
2.608800000000000008e+00,-4.054234680912589209e-04
2.617500000000000160e+00,-4.112181344168319187e-04
2.626799999999999802e+00,-4.100715573674472512e-04
2.635499999999999954e+00,-4.060073771868268067e-04
2.644299999999999873e+00,-4.134124614186538739e-04
2.653399999999999981e+00,-4.123275986116592493e-04
2.662100000000000133e+00,-4.174757070886316208e-04
2.670900000000000052e+00,-4.189092754100780681e-04
2.680099999999999927e+00,-4.133713266419687324e-04
2.688800000000000079e+00,-4.258014205004571114e-04
2.697599999999999998e+00,-4.294392781245409685e-04
2.706799999999999873e+00,-4.248060414654211692e-04
2.715500000000000025e+00,-4.346536902277405370e-04
2.724200000000000177e+00,-4.354145621866011614e-04
2.733299999999999841e+00,-4.359805984508859436e-04
2.742100000000000204e+00,-4.408063443387467192e-04
2.750799999999999912e+00,-4.392129145950123773e-04
2.760099999999999998e+00,-4.426821175580596558e-04
2.768899999999999917e+00,-4.476823434737553249e-04
2.777600000000000069e+00,-4.550263461104611228e-04
2.786700000000000177e+00,-4.591342022171810821e-04
2.795399999999999885e+00,-4.512372884344080341e-04
2.804199999999999804e+00,-4.638770928471595573e-04
2.813400000000000123e+00,-4.603318128755535654e-04
2.822099999999999831e+00,-4.710802203246214175e-04
2.830900000000000194e+00,-4.723348520735165968e-04
2.839999999999999858e+00,-4.678628716716561747e-04
2.848700000000000010e+00,-4.706315536913445105e-04
2.857400000000000162e+00,-4.706722647285642609e-04
2.866200000000000081e+00,-4.867406234140172865e-04
2.875000000000000000e+00,-4.825651844139397517e-04
2.883799999999999919e+00,-4.884979994046621723e-04
2.892500000000000071e+00,-4.871994673672093955e-04
2.901199999999999779e+00,-4.879382463137955754e-04
2.910099999999999909e+00,-4.891676150823576468e-04
2.918699999999999850e+00,-4.879030435501908319e-04
2.927400000000000002e+00,-4.903092667614475375e-04
2.936199999999999921e+00,-4.946795956895829859e-04
2.945100000000000051e+00,-5.036172083286859398e-04
2.953899999999999970e+00,-5.056641986831103986e-04
2.962699999999999889e+00,-5.063426284491383354e-04
2.971699999999999786e+00,-5.185018429255618035e-04
2.980399999999999938e+00,-5.115037055299371648e-04
2.989199999999999857e+00,-5.140696998412774051e-04
2.998400000000000176e+00,-5.205522280417036567e-04
3.007099999999999884e+00,-5.182071699308501197e-04
3.015800000000000036e+00,-5.221131918612153307e-04
3.025100000000000122e+00,-5.277137689443981393e-04
3.033799999999999830e+00,-5.296413757492606650e-04
3.042499999999999982e+00,-5.313135498771371507e-04
3.051699999999999857e+00,-5.284467597179039449e-04
3.060500000000000220e+00,-5.325692074342018578e-04
3.069199999999999928e+00,-5.325245994446522677e-04
3.078300000000000036e+00,-5.355856323207882751e-04
3.087200000000000166e+00,-5.448711362117933041e-04
3.095800000000000107e+00,-5.451495757915977586e-04
3.105199999999999960e+00,-5.530040543684938172e-04
3.113900000000000112e+00,-5.560885718672824163e-04
3.122700000000000031e+00,-5.618383087176567411e-04
3.131800000000000139e+00,-5.579844224708268522e-04
3.140499999999999847e+00,-5.598664747648997124e-04
3.149399999999999977e+00,-5.681801060054309394e-04
3.158500000000000085e+00,-5.667037073353725640e-04
3.167199999999999793e+00,-5.708329505313026065e-04
3.175899999999999945e+00,-5.713056765847828074e-04
3.185000000000000053e+00,-5.766897153742850043e-04
3.193700000000000205e+00,-5.768875752438483179e-04
3.202399999999999913e+00,-5.758499889148087879e-04
3.211100000000000065e+00,-5.799821819939734308e-04
3.220099999999999962e+00,-5.880067999578565425e-04
3.228899999999999881e+00,-5.931401395805832328e-04
3.237600000000000033e+00,-5.962985281332171608e-04
3.246799999999999908e+00,-5.970788743689297087e-04
3.255500000000000060e+00,-5.957672176197115069e-04
3.264299999999999979e+00,-6.004255916946474054e-04
3.273499999999999854e+00,-6.083825357486912638e-04
3.282300000000000217e+00,-6.082349461978014569e-04
3.291100000000000136e+00,-6.090485915892436845e-04
3.300100000000000033e+00,-6.191030667562915464e-04
3.308800000000000185e+00,-6.169732910450847780e-04
3.317600000000000104e+00,-6.213572011634370439e-04
3.326700000000000212e+00,-6.218682490509031945e-04
3.335599999999999898e+00,-6.219941120353944791e-04
3.344300000000000050e+00,-6.285884105961523673e-04
3.353299999999999947e+00,-6.317179721674879601e-04
3.362099999999999866e+00,-6.394020842417659761e-04
3.370800000000000018e+00,-6.268979908432559256e-04
3.379500000000000171e+00,-6.426069781996969097e-04
3.388500000000000068e+00,-6.469697360075343838e-04
3.397200000000000220e+00,-6.444885806317857341e-04
3.405899999999999928e+00,-6.581082102496000870e-04
3.415099999999999802e+00,-6.519591373534147985e-04
3.423900000000000166e+00,-6.542504333730930462e-04
3.432700000000000085e+00,-6.487134847624035933e-04
3.441699999999999982e+00,-6.521764574958213625e-04
3.450400000000000134e+00,-6.683507599446566376e-04
3.459200000000000053e+00,-6.651927813708224252e-04
3.468500000000000139e+00,-6.687002370400648137e-04
3.477100000000000080e+00,-6.801586830349631591e-04
3.485799999999999788e+00,-6.747909963648809906e-04
3.495099999999999874e+00,-6.806255634945986618e-04
3.503800000000000026e+00,-6.819116669396369781e-04
3.512599999999999945e+00,-6.804621068409466306e-04
3.521799999999999820e+00,-6.918432764652538303e-04
3.530600000000000183e+00,-6.933401803051930570e-04
3.539299999999999891e+00,-6.882659021968376076e-04
3.548399999999999999e+00,-7.000668841351026430e-04
3.557199999999999918e+00,-6.945763044730442421e-04
3.565900000000000070e+00,-6.947693805080159667e-04
3.575099999999999945e+00,-7.070771891488620122e-04
3.583800000000000097e+00,-7.165957670421011600e-04
3.592600000000000016e+00,-7.178343266243917978e-04
3.601799999999999891e+00,-7.156773677040938024e-04
3.610599999999999810e+00,-7.159863579561545708e-04
3.619299999999999962e+00,-7.191303864986244541e-04
3.628499999999999837e+00,-7.272908700607200964e-04
3.637199999999999989e+00,-7.356575643688870398e-04
3.645999999999999908e+00,-7.352168478014729216e-04
3.655100000000000016e+00,-7.399253158564189289e-04
3.663800000000000168e+00,-7.424741471705296894e-04
3.672499999999999876e+00,-7.403874640279642849e-04
3.681299999999999795e+00,-7.477244326895908207e-04
3.690100000000000158e+00,-7.523690394236220470e-04
3.698799999999999866e+00,-7.457284125246047262e-04
3.707599999999999785e+00,-7.564402306307011024e-04
3.716800000000000104e+00,-7.563495053871400337e-04
3.725699999999999790e+00,-7.620201116264888400e-04
3.734399999999999942e+00,-7.677440036127859604e-04
3.743500000000000050e+00,-7.669965609498201635e-04
3.752099999999999991e+00,-7.705387161469780645e-04
3.760800000000000143e+00,-7.701512430772238828e-04
3.770099999999999785e+00,-7.769517543518247209e-04
3.778799999999999937e+00,-7.798654047760743410e-04
3.787599999999999856e+00,-7.809418491980771489e-04
3.796899999999999942e+00,-7.882979841585285212e-04
3.805600000000000094e+00,-7.883391844647120485e-04
3.814599999999999991e+00,-7.930794256287631650e-04
3.823500000000000121e+00,-7.956028333083514301e-04
3.832199999999999829e+00,-7.990654062400045880e-04
3.841000000000000192e+00,-8.012837441513173545e-04
3.850099999999999856e+00,-8.055491849225173166e-04
3.858800000000000008e+00,-8.176598959509850462e-04
3.867500000000000160e+00,-8.208950002399365226e-04
3.876799999999999802e+00,-8.155330083102056184e-04
3.885600000000000165e+00,-8.220852279475776569e-04
3.894299999999999873e+00,-8.247193967958463051e-04
3.903500000000000192e+00,-8.360686278311168802e-04
3.912199999999999900e+00,-8.353468392669979609e-04
3.920999999999999819e+00,-8.381058644729472325e-04
3.930099999999999927e+00,-8.412984180294048007e-04
3.938800000000000079e+00,-8.514483384903188739e-04
3.947599999999999998e+00,-8.473800696632329812e-04
3.956799999999999873e+00,-8.505545533004565603e-04
3.965599999999999792e+00,-8.541921590542009453e-04
3.974299999999999944e+00,-8.617015178477523997e-04
3.983499999999999819e+00,-8.742002473318263508e-04
3.992199999999999971e+00,-8.573880736254584295e-04
4.000899999999999679e+00,-8.680230285672644328e-04
4.010100000000000442e+00,-8.700917959168842945e-04
4.018799999999999706e+00,-8.725171017012950175e-04
4.027599999999999625e+00,-8.823630590294692959e-04
4.036800000000000388e+00,-8.792937288917055229e-04
4.045499999999999652e+00,-8.852913663391675158e-04
4.054400000000000226e+00,-8.873704256196502651e-04
4.063399999999999679e+00,-8.935974627281264215e-04
4.072199999999999598e+00,-8.946014247514300684e-04
4.080899999999999750e+00,-9.039514958221922828e-04
4.090200000000000280e+00,-9.001519548634999771e-04
4.098900000000000432e+00,-9.092413928045918903e-04
4.107599999999999696e+00,-9.019135558064021599e-04
4.116799999999999571e+00,-9.070637934946999045e-04
4.125600000000000378e+00,-9.234262614268074799e-04
4.134299999999999642e+00,-9.260444565628500255e-04
4.143500000000000405e+00,-9.193021372897136568e-04
4.152199999999999669e+00,-9.308853830869853133e-04
4.160999999999999588e+00,-9.352078907061016138e-04
4.170200000000000351e+00,-9.285519556843701899e-04
4.178799999999999848e+00,-9.424821477927171039e-04
4.187599999999999767e+00,-9.420481258117605495e-04
4.196799999999999642e+00,-9.451375716747955832e-04
4.205499999999999794e+00,-9.427317291723902575e-04
4.214199999999999946e+00,-9.564121994948086023e-04
4.222900000000000098e+00,-9.600472528652745146e-04
4.231799999999999784e+00,-9.619051151851129534e-04
4.240499999999999936e+00,-9.588753060821971147e-04
4.249200000000000088e+00,-9.686621661991372603e-04
4.258499999999999730e+00,-9.718253392918986674e-04
4.267199999999999882e+00,-9.773101747733961737e-04
4.276399999999999757e+00,-9.769065598743101493e-04
4.285300000000000331e+00,-9.823197712278319751e-04
4.294100000000000250e+00,-9.861441633856277231e-04
4.302699999999999747e+00,-1.003990152994892106e-03
4.311700000000000088e+00,-9.996370526676916571e-04
4.320500000000000007e+00,-1.001517951391467072e-03
4.329200000000000159e+00,-1.008783268982911541e-03
4.338400000000000034e+00,-1.005815625789430005e-03
4.347199999999999953e+00,-1.014763609006148152e-03
4.355999999999999872e+00,-1.014910118241395135e-03
4.365099999999999980e+00,-1.017727387614582747e-03
4.373800000000000132e+00,-1.018021853404354809e-03
4.382600000000000051e+00,-1.024034219041105188e-03
4.391799999999999926e+00,-1.036620862406571319e-03
4.400500000000000078e+00,-1.033355638473090927e-03
4.409200000000000230e+00,-1.040246839196388041e-03
4.418000000000000149e+00,-1.040062117593156150e-03
4.426899999999999835e+00,-1.054666280215515398e-03
4.435699999999999754e+00,-1.051597831161342044e-03
4.444399999999999906e+00,-1.052963870523438566e-03
4.453500000000000014e+00,-1.050939912098412289e-03
4.462200000000000166e+00,-1.061764517673704014e-03
4.471000000000000085e+00,-1.073368774655446235e-03
4.480199999999999960e+00,-1.073692990487942539e-03
4.488900000000000112e+00,-1.076998996422083316e-03
4.497600000000000264e+00,-1.072098768257191215e-03
4.506800000000000139e+00,-1.079397865006671495e-03
4.515500000000000291e+00,-1.091685696184353013e-03
4.524399999999999977e+00,-1.090673475395816799e-03
4.533400000000000318e+00,-1.095400904188905669e-03
4.542200000000000237e+00,-1.092583275081548955e-03
4.550900000000000389e+00,-1.100041387841148473e-03
4.559499999999999886e+00,-1.105059940041300910e-03
4.568500000000000227e+00,-1.111191810732551277e-03
4.577300000000000146e+00,-1.114230475943736153e-03
4.586000000000000298e+00,-1.121828288690165801e-03
4.595200000000000173e+00,-1.118457820219956409e-03
4.603900000000000325e+00,-1.127762495400385246e-03
4.612499999999999822e+00,-1.134276293292335765e-03
4.621299999999999741e+00,-1.133483612178435131e-03
4.630099999999999660e+00,-1.141622689380266103e-03
4.638899999999999579e+00,-1.147354930687269825e-03
4.647499999999999964e+00,-1.155858642017579783e-03
4.656500000000000306e+00,-1.146618986396500360e-03
4.665199999999999569e+00,-1.149574249837110413e-03
4.673899999999999721e+00,-1.149796064888382666e-03
4.682699999999999640e+00,-1.167336419210250652e-03
4.691900000000000404e+00,-1.166165928201395559e-03
4.700700000000000323e+00,-1.176899702296122213e-03
4.709500000000000242e+00,-1.180780969748570705e-03
4.718499999999999694e+00,-1.177590092654010826e-03
4.727299999999999613e+00,-1.189059913576426004e-03
4.736100000000000421e+00,-1.186704667705901868e-03
4.745199999999999640e+00,-1.194369690083906064e-03
4.753899999999999793e+00,-1.205166679593531109e-03
4.762699999999999712e+00,-1.200043525624148403e-03
4.771799999999999820e+00,-1.211769601550142725e-03
4.780400000000000205e+00,-1.215030764759795828e-03
4.789100000000000357e+00,-1.220085180695075966e-03
4.797699999999999854e+00,-1.223274323746318271e-03
4.806799999999999962e+00,-1.231134002272745191e-03
4.815599999999999881e+00,-1.224657120866929402e-03
4.824300000000000033e+00,-1.236233276925496633e-03
4.833499999999999908e+00,-1.241144289202689805e-03
4.842299999999999827e+00,-1.240693890824870645e-03
4.851099999999999746e+00,-1.247447026263006579e-03
4.860199999999999854e+00,-1.258956550238746371e-03
4.868900000000000006e+00,-1.253488809020416282e-03
4.877699999999999925e+00,-1.261174871390040959e-03
4.886899999999999800e+00,-1.270295454240439811e-03
4.895599999999999952e+00,-1.267219709889438016e-03
4.904200000000000337e+00,-1.280535258275503595e-03
4.913499999999999979e+00,-1.282826226411233226e-03
4.922200000000000131e+00,-1.280185120111725344e-03
4.931000000000000050e+00,-1.293716784248450562e-03
4.940199999999999925e+00,-1.296401690811602994e-03
4.949099999999999611e+00,-1.298241203748766231e-03
4.957799999999999763e+00,-1.299704807701899554e-03
4.966800000000000104e+00,-1.310023823589592361e-03
4.975600000000000023e+00,-1.312651715436415154e-03
4.984399999999999942e+00,-1.320411190992232947e-03
4.993500000000000050e+00,-1.321912909061168529e-03
5.002200000000000202e+00,-1.331579736551766896e-03
5.011000000000000121e+00,-1.329921157767437103e-03
5.020199999999999996e+00,-1.332996513174395476e-03
5.028999999999999915e+00,-1.333124581347351319e-03
5.037700000000000067e+00,-1.358254528467971785e-03
5.046899999999999942e+00,-1.350692867136213003e-03
5.055500000000000327e+00,-1.366089073980904754e-03
5.064300000000000246e+00,-1.358843086159173099e-03
5.073599999999999888e+00,-1.361968440261303401e-03
5.082399999999999807e+00,-1.362349656635815929e-03
5.091199999999999726e+00,-1.367876850556058819e-03
5.100100000000000300e+00,-1.383684903177227060e-03
5.108900000000000219e+00,-1.390718932085371765e-03
5.117700000000000138e+00,-1.396114912975012163e-03
5.126900000000000013e+00,-1.393711124370522513e-03
5.135699999999999932e+00,-1.400291737876496355e-03
5.144499999999999851e+00,-1.406346436881949612e-03
5.153500000000000192e+00,-1.409623981199513822e-03
5.162200000000000344e+00,-1.412312205524200726e-03
5.170899999999999608e+00,-1.420992932004992975e-03
5.179700000000000415e+00,-1.427752915570276509e-03
5.188600000000000101e+00,-1.427228990414378985e-03
5.197400000000000020e+00,-1.434203026383046352e-03
5.206100000000000172e+00,-1.438122661796503894e-03
5.215200000000000280e+00,-1.447004726503705067e-03
5.223900000000000432e+00,-1.441867990663556719e-03
5.232499999999999929e+00,-1.451029932166586272e-03
5.241200000000000081e+00,-1.460916815246876338e-03
5.250200000000000422e+00,-1.471512977555786660e-03
5.259000000000000341e+00,-1.479379307981820019e-03
5.267900000000000027e+00,-1.471266296498676893e-03
5.276900000000000368e+00,-1.479206535994786152e-03
5.285700000000000287e+00,-1.489265394433078246e-03
5.294500000000000206e+00,-1.489783293981497732e-03
5.303499999999999659e+00,-1.496474949138437574e-03
5.312299999999999578e+00,-1.495771232825682468e-03
5.321200000000000152e+00,-1.511518706590323467e-03
5.330099999999999838e+00,-1.516878976521938548e-03
5.338799999999999990e+00,-1.515874188692110068e-03
5.347500000000000142e+00,-1.522457246517248735e-03
5.356200000000000294e+00,-1.527571918938608721e-03
5.365199999999999747e+00,-1.535798018138465016e-03
5.373899999999999899e+00,-1.532282170212156264e-03
5.382699999999999818e+00,-1.549028420159357647e-03
5.391899999999999693e+00,-1.543353237444075599e-03
5.400599999999999845e+00,-1.550986043638870803e-03
5.409299999999999997e+00,-1.553703085484479116e-03
5.418499999999999872e+00,-1.568000158004718850e-03
5.427299999999999791e+00,-1.568180701994258261e-03
5.436200000000000365e+00,-1.579065404777703916e-03
5.445199999999999818e+00,-1.585123099882023790e-03
5.453999999999999737e+00,-1.595970176671278676e-03
5.462799999999999656e+00,-1.590441670670591275e-03
5.471899999999999764e+00,-1.600623046653237716e-03
5.480699999999999683e+00,-1.613356135103924827e-03
5.489399999999999835e+00,-1.605595111349453988e-03
5.498400000000000176e+00,-1.614959350291808810e-03
5.507200000000000095e+00,-1.624676208312912087e-03
5.515900000000000247e+00,-1.624565047521955678e-03
5.524600000000000399e+00,-1.628645734432264749e-03
5.533599999999999852e+00,-1.636783331190501617e-03
5.542300000000000004e+00,-1.645265416890556069e-03
5.551099999999999923e+00,-1.649712890566271345e-03
5.560299999999999798e+00,-1.660791420024244555e-03
5.568900000000000183e+00,-1.662599237888476994e-03
5.577700000000000102e+00,-1.673891491404102790e-03
5.586999999999999744e+00,-1.669814844567570978e-03
5.595600000000000129e+00,-1.677336798435658926e-03
5.604300000000000281e+00,-1.688644027776868041e-03
5.613599999999999923e+00,-1.687788711936266195e-03
5.622399999999999842e+00,-1.694266595731775370e-03
5.631499999999999950e+00,-1.708528115776683553e-03
5.640399999999999636e+00,-1.709952527485053293e-03
5.649099999999999788e+00,-1.721864159526936616e-03
5.657899999999999707e+00,-1.724260428757012995e-03
5.666999999999999815e+00,-1.723753291670606031e-03
5.675699999999999967e+00,-1.727644319906027851e-03
5.684499999999999886e+00,-1.748023790665637588e-03
5.693500000000000227e+00,-1.749178962521301915e-03
5.702300000000000146e+00,-1.752778820758964240e-03
5.711000000000000298e+00,-1.758428931473762519e-03
5.720299999999999940e+00,-1.768543634773120377e-03
5.729000000000000092e+00,-1.771039276422310032e-03
5.737700000000000244e+00,-1.781311305478532059e-03
5.746999999999999886e+00,-1.784858449118661809e-03
5.755700000000000038e+00,-1.801102143002223949e-03
5.764400000000000190e+00,-1.795149538380705692e-03
5.773600000000000065e+00,-1.803811886219972623e-03
5.782399999999999984e+00,-1.809130407986878162e-03
5.791100000000000136e+00,-1.817874888903596919e-03
5.800200000000000244e+00,-1.819969992458968146e-03
5.808900000000000396e+00,-1.832475434478827341e-03
5.817599999999999660e+00,-1.834209554349882244e-03
5.826900000000000190e+00,-1.845160678380907424e-03
5.835700000000000109e+00,-1.845548397319892071e-03
5.844500000000000028e+00,-1.862332565376414919e-03
5.853600000000000136e+00,-1.859770230547172238e-03
5.862400000000000055e+00,-1.877736232944157311e-03
5.871100000000000207e+00,-1.879953562495320467e-03
5.880300000000000082e+00,-1.885694893337735642e-03
5.889000000000000234e+00,-1.892624799387366500e-03
5.897700000000000387e+00,-1.902983173535326101e-03
5.906900000000000261e+00,-1.912293262557604586e-03
5.915600000000000414e+00,-1.916357532786290173e-03
5.924299999999999677e+00,-1.921016666736862118e-03
5.933099999999999596e+00,-1.922731999860617484e-03
5.941900000000000404e+00,-1.935626258283234830e-03
5.950599999999999667e+00,-1.944000769942631551e-03
5.959399999999999586e+00,-1.947454830676329310e-03
5.968700000000000117e+00,-1.963486505215689126e-03
5.977400000000000269e+00,-1.955453883153412172e-03
5.986100000000000421e+00,-1.972347006542316331e-03
5.995300000000000296e+00,-1.978252626281220682e-03
6.003999999999999559e+00,-1.979029484699598804e-03
6.013899999999999579e+00,-1.991420250254114996e-03
6.022599999999999731e+00,-2.002658347269398176e-03
6.031299999999999883e+00,-2.011124428087245758e-03
6.040300000000000225e+00,-2.016031011016728922e-03
6.049000000000000377e+00,-2.023351855711928889e-03
6.057800000000000296e+00,-2.036110282534192486e-03
6.067000000000000171e+00,-2.038014168223725199e-03
6.075700000000000323e+00,-2.044174044318852572e-03
6.084500000000000242e+00,-2.056723698190533051e-03
6.093600000000000350e+00,-2.062410953276187352e-03
6.102500000000000036e+00,-2.067674562908299214e-03
6.111299999999999955e+00,-2.074034966551297973e-03
6.120199999999999640e+00,-2.081417460223367131e-03
6.128899999999999793e+00,-2.098936619272668766e-03
6.137599999999999945e+00,-2.101935368157012776e-03
6.146200000000000330e+00,-2.103545112549384376e-03
6.155199999999999783e+00,-2.121130533170246385e-03
6.163999999999999702e+00,-2.128756638675110072e-03
6.172699999999999854e+00,-2.128227380884416351e-03
6.181899999999999729e+00,-2.141331225170844867e-03
6.190599999999999881e+00,-2.143466155051377674e-03
6.199399999999999800e+00,-2.160072977403496106e-03
6.208599999999999675e+00,-2.173691988143162945e-03
6.217399999999999594e+00,-2.169757411497248191e-03
6.226099999999999746e+00,-2.182068624807325784e-03
6.235400000000000276e+00,-2.193201447897140041e-03
6.244100000000000428e+00,-2.203969388699676679e-03
6.252799999999999692e+00,-2.209069188158180146e-03
6.261899999999999800e+00,-2.216999742165209810e-03
6.270699999999999719e+00,-2.224158005010614270e-03
6.279399999999999871e+00,-2.239268064579259462e-03
6.288599999999999746e+00,-2.248148912390203480e-03
6.297399999999999665e+00,-2.256345524184479121e-03
6.306099999999999817e+00,-2.268672688500622189e-03
6.315299999999999692e+00,-2.279472653573933090e-03
6.324099999999999611e+00,-2.285957611273296657e-03
6.332799999999999763e+00,-2.301140293922999350e-03
6.341999999999999638e+00,-2.298064537586593133e-03
6.350699999999999790e+00,-2.306539655812969280e-03
6.359600000000000364e+00,-2.330662299957364774e-03
6.368500000000000050e+00,-2.334654495496068464e-03
6.377200000000000202e+00,-2.345545927138677125e-03
6.386000000000000121e+00,-2.350953895824825588e-03
6.394700000000000273e+00,-2.361590925257352289e-03
6.403599999999999959e+00,-2.372520098887803686e-03
6.412399999999999878e+00,-2.379764457333612745e-03
6.421199999999999797e+00,-2.393329001153821859e-03
6.430299999999999905e+00,-2.409232492342569358e-03
6.439199999999999591e+00,-2.415712945972326060e-03
6.447899999999999743e+00,-2.425553539023523730e-03
6.456900000000000084e+00,-2.437523947298746857e-03
6.465600000000000236e+00,-2.440648404101156306e-03
6.474300000000000388e+00,-2.459872282638378514e-03
6.482999999999999652e+00,-2.467033946607116029e-03
6.491900000000000226e+00,-2.474852221423413066e-03
6.500799999999999912e+00,-2.488483369121039391e-03
6.509599999999999831e+00,-2.503047829099273175e-03
6.518600000000000172e+00,-2.511339612895685178e-03
6.527499999999999858e+00,-2.514006686606988332e-03
6.536299999999999777e+00,-2.535681644709999929e-03
6.545300000000000118e+00,-2.539670459448293595e-03
6.554000000000000270e+00,-2.560122726316484566e-03
6.562700000000000422e+00,-2.567708457060145083e-03
6.572000000000000064e+00,-2.583288882414519483e-03
6.580799999999999983e+00,-2.586860189823850069e-03
6.589599999999999902e+00,-2.604312488609168436e-03
6.598799999999999777e+00,-2.614224208839010383e-03
6.607499999999999929e+00,-2.617824457968930506e-03
6.616200000000000081e+00,-2.650168488399836254e-03
6.625200000000000422e+00,-2.654381489593924792e-03
6.634000000000000341e+00,-2.659622902414330269e-03
6.642800000000000260e+00,-2.681741879656817512e-03
6.652000000000000135e+00,-2.683414853580248869e-03
6.660700000000000287e+00,-2.709509401737824133e-03
6.669500000000000206e+00,-2.717923592428711250e-03
6.678600000000000314e+00,-2.733236004245661547e-03
6.687299999999999578e+00,-2.753631578054495203e-03
6.695999999999999730e+00,-2.750648089700638045e-03
6.704799999999999649e+00,-2.770885543376768768e-03
6.713700000000000223e+00,-2.784613222333847098e-03
6.722400000000000375e+00,-2.800259162247016424e-03
6.731099999999999639e+00,-2.820239834233658708e-03
6.740300000000000402e+00,-2.822478855756983297e-03
6.748999999999999666e+00,-2.842849409560658982e-03
6.758300000000000196e+00,-2.858840056017611202e-03
6.766899999999999693e+00,-2.863792154901073292e-03
6.775800000000000267e+00,-2.881218341518901761e-03
6.784500000000000419e+00,-2.902279411857461994e-03
6.793599999999999639e+00,-2.916140693356328306e-03
6.802399999999999558e+00,-2.917095702332326169e-03
6.811099999999999710e+00,-2.950333709152350419e-03
6.820299999999999585e+00,-2.955850533638400279e-03
6.828999999999999737e+00,-2.980704974323828034e-03
6.838300000000000267e+00,-2.992261669749073007e-03
6.846899999999999764e+00,-3.008886069575662618e-03
6.855699999999999683e+00,-3.015114165263816683e-03
6.864300000000000068e+00,-3.034068067561422610e-03
6.873000000000000220e+00,-3.068232867943943877e-03
6.881999999999999673e+00,-3.071433516114239169e-03
6.890699999999999825e+00,-3.088352366093644920e-03
6.899499999999999744e+00,-3.109796916167107197e-03
6.908599999999999852e+00,-3.123137026896610595e-03
6.917300000000000004e+00,-3.145936731860700299e-03
6.926000000000000156e+00,-3.151164168148897285e-03
6.934800000000000075e+00,-3.174468127532216726e-03
6.943699999999999761e+00,-3.198702279976033559e-03
6.952399999999999913e+00,-3.207924901648575265e-03
6.961199999999999832e+00,-3.232160145378895968e-03
6.970299999999999940e+00,-3.257504165966757306e-03
6.979000000000000092e+00,-3.271194919123492431e-03
6.987700000000000244e+00,-3.289301910668987819e-03
6.996400000000000396e+00,-3.308733802020988150e-03
7.005300000000000082e+00,-3.323123909942229080e-03
7.014000000000000234e+00,-3.348995837041896309e-03
7.022800000000000153e+00,-3.367680677454059062e-03
7.032000000000000028e+00,-3.383729468352933076e-03
7.040799999999999947e+00,-3.413088872264206496e-03
7.049599999999999866e+00,-3.430529660577896073e-03
7.058699999999999974e+00,-3.452852119151523028e-03
7.067400000000000126e+00,-3.472138245354772570e-03
7.076299999999999812e+00,-3.491789426705224457e-03
7.085399999999999920e+00,-3.517274039770534010e-03
7.094199999999999839e+00,-3.538127879589737269e-03
7.102899999999999991e+00,-3.554175397258302338e-03
7.111900000000000333e+00,-3.579613594594479274e-03
7.120700000000000252e+00,-3.598188931916511402e-03
7.129500000000000171e+00,-3.629442055074606419e-03
7.138600000000000279e+00,-3.655282231614686780e-03
7.147400000000000198e+00,-3.677563608599737459e-03
7.156200000000000117e+00,-3.698807009228062895e-03
7.165199999999999569e+00,-3.723248619144913472e-03
7.174000000000000377e+00,-3.753323749899183798e-03
7.182599999999999874e+00,-3.781431292342961499e-03
7.191399999999999793e+00,-3.800625371184815707e-03
7.200300000000000367e+00,-3.834798433371963688e-03
7.209100000000000286e+00,-3.856797451201553900e-03
7.217800000000000438e+00,-3.885841942131356558e-03
7.227000000000000313e+00,-3.917522779629031143e-03
7.235699999999999577e+00,-3.931714300832029642e-03
7.244500000000000384e+00,-3.967974993397724304e-03
7.253599999999999604e+00,-3.995742298768707734e-03
7.262299999999999756e+00,-4.025122645215211022e-03
7.271099999999999675e+00,-4.054487670724627596e-03
7.280300000000000438e+00,-4.087892145323446941e-03
7.288999999999999702e+00,-4.119091508299796422e-03
7.297799999999999621e+00,-4.144409238361228265e-03
7.307000000000000384e+00,-4.177568283254277232e-03
7.315599999999999881e+00,-4.205971722063687676e-03
7.324399999999999800e+00,-4.238383090081723412e-03
7.333800000000000097e+00,-4.274743322445043875e-03
7.342500000000000249e+00,-4.305937796462528874e-03
7.351300000000000168e+00,-4.335337203812467642e-03
7.360400000000000276e+00,-4.372824601098321273e-03
7.369100000000000428e+00,-4.407145871293970465e-03
7.377900000000000347e+00,-4.437075451264475834e-03
7.386999999999999567e+00,-4.476399103770712339e-03
7.395800000000000374e+00,-4.510968798395524788e-03
7.404499999999999638e+00,-4.543279994380471955e-03
7.413599999999999746e+00,-4.584805868187412543e-03
7.422299999999999898e+00,-4.626971594867173437e-03
7.431099999999999817e+00,-4.664893119234000095e-03
7.440299999999999692e+00,-4.698019429860120916e-03
7.449200000000000266e+00,-4.735886357558222529e-03
7.457799999999999763e+00,-4.785289483900156786e-03
7.466999999999999638e+00,-4.825598063179354497e-03
7.475699999999999790e+00,-4.855483666408886255e-03
7.484399999999999942e+00,-4.899638942573747782e-03
7.493800000000000239e+00,-4.937661191179506560e-03
7.502600000000000158e+00,-4.986932842273840427e-03
7.511400000000000077e+00,-5.024659977535367653e-03
7.520299999999999763e+00,-5.069820510266339654e-03
7.528999999999999915e+00,-5.103289705646912866e-03
7.537799999999999834e+00,-5.149237842466782185e-03
7.546999999999999709e+00,-5.205177669010550151e-03
7.555699999999999861e+00,-5.243865197700169067e-03
7.564400000000000013e+00,-5.291432629829020094e-03
7.573599999999999888e+00,-5.333125829251353540e-03
7.582399999999999807e+00,-5.377978103309291082e-03
7.591099999999999959e+00,-5.424297355801872139e-03
7.600399999999999601e+00,-5.481779708169207295e-03
7.609099999999999753e+00,-5.526613260345572889e-03
7.617799999999999905e+00,-5.572030715817495074e-03
7.626999999999999780e+00,-5.622010801430027578e-03
7.635799999999999699e+00,-5.666677011511237448e-03
7.644599999999999618e+00,-5.715574619216888010e-03
7.653699999999999726e+00,-5.770337959382861731e-03
7.662399999999999878e+00,-5.816549922793177660e-03
7.671100000000000030e+00,-5.868287967640299294e-03
7.680399999999999672e+00,-5.916942882285935838e-03
7.689099999999999824e+00,-5.977599994441235194e-03
7.698000000000000398e+00,-6.025935456029753515e-03
7.706999999999999851e+00,-6.079277736226373387e-03
7.715799999999999770e+00,-6.136128339474722880e-03
7.724599999999999689e+00,-6.203279281674215113e-03
7.733699999999999797e+00,-6.246494224107451351e-03
7.742499999999999716e+00,-6.294368126433147644e-03
7.751199999999999868e+00,-6.350762917383619838e-03
7.760299999999999976e+00,-6.410797911298789231e-03
7.769000000000000128e+00,-6.466975032994642415e-03
7.777599999999999625e+00,-6.513342532255928657e-03
7.786400000000000432e+00,-6.592715876184821605e-03
7.795300000000000118e+00,-6.645333097287417501e-03
7.804100000000000037e+00,-6.695493603352502786e-03
7.812899999999999956e+00,-6.763643241058862714e-03
7.822000000000000064e+00,-6.818756423001957716e-03
7.830700000000000216e+00,-6.876784043445363995e-03
7.839400000000000368e+00,-6.935276934907899128e-03
7.848700000000000010e+00,-7.003626926002985871e-03
7.857499999999999929e+00,-7.071618038678016520e-03
7.866200000000000081e+00,-7.144191423140306037e-03
7.875399999999999956e+00,-7.193779562055482857e-03
7.884199999999999875e+00,-7.261272212314255625e-03
7.892800000000000260e+00,-7.306813429114209120e-03
7.902199999999999669e+00,-7.350289571933419329e-03
7.910800000000000054e+00,-7.425122477682122302e-03
7.919500000000000206e+00,-7.482925302290175176e-03
7.928700000000000081e+00,-7.526429847886284032e-03
7.937400000000000233e+00,-7.575000235389961131e-03
7.946100000000000385e+00,-7.619824868388108685e-03
7.955400000000000027e+00,-7.660751498575668096e-03
7.964199999999999946e+00,-7.684514012593764501e-03
7.972900000000000098e+00,-7.722603968537133066e-03
7.982000000000000206e+00,-7.744899682755363064e-03
7.990700000000000358e+00,-7.766301965428480843e-03
7.999500000000000277e+00,-7.788570354275253099e-03
8.008699999999999264e+00,-7.790525807150958451e-03
8.017300000000000537e+00,-7.821724187728223976e-03
8.025999999999999801e+00,-7.814737108620890479e-03
8.034800000000000608e+00,-7.839972581915558014e-03
8.043699999999999406e+00,-7.858876658104807511e-03
8.052400000000000446e+00,-7.861972485623994200e-03
8.061099999999999710e+00,-7.898127814403124378e-03
8.070399999999999352e+00,-7.888661770460951919e-03
8.079200000000000159e+00,-7.904528640856127789e-03
8.087999999999999190e+00,-7.917246776478932546e-03
8.097099999999999298e+00,-7.916672207800290462e-03
8.105800000000000338e+00,-7.929095319965958830e-03
8.114599999999999369e+00,-7.932627164066232209e-03
8.123699999999999477e+00,-7.921819084837163419e-03
8.132400000000000517e+00,-7.913417666366164352e-03
8.141199999999999548e+00,-7.885621105784763538e-03
8.150399999999999423e+00,-7.881423616239648100e-03
8.159100000000000463e+00,-7.841310782315516828e-03
8.167999999999999261e+00,-7.789919298834021948e-03
8.177099999999999369e+00,-7.764699682561914881e-03
8.185900000000000176e+00,-7.710103303690176574e-03
8.194499999999999673e+00,-7.628266734216522515e-03
8.203699999999999548e+00,-7.569350082010122514e-03
8.212400000000000588e+00,-7.495720548120871594e-03
8.221199999999999619e+00,-7.398948082804617139e-03
8.230399999999999494e+00,-7.310552060833009312e-03
8.239100000000000534e+00,-7.194650237125623307e-03
8.247899999999999565e+00,-7.095027422200721710e-03
8.256999999999999673e+00,-6.969805120492512593e-03
8.265700000000000713e+00,-6.847151123859991813e-03
8.274399999999999977e+00,-6.719065292549198168e-03
8.283200000000000784e+00,-6.573430668092258497e-03
8.291999999999999815e+00,-6.440387520173163766e-03
8.300700000000000855e+00,-6.290604713498812103e-03
8.309499999999999886e+00,-6.136630999544586546e-03
8.318699999999999761e+00,-5.996349542764693209e-03
8.327400000000000801e+00,-5.833840337783180625e-03
8.336199999999999832e+00,-5.689090426394100529e-03
8.345399999999999707e+00,-5.529970298511354895e-03
8.354100000000000747e+00,-5.374943285089472077e-03
8.362800000000000011e+00,-5.221316108970266989e-03
8.372099999999999653e+00,-5.057920425731591077e-03
8.380800000000000693e+00,-4.903855978391394310e-03
8.389599999999999724e+00,-4.738040701147093296e-03
8.398699999999999832e+00,-4.592050658550395938e-03
8.407500000000000639e+00,-4.439630967587108491e-03
8.416199999999999903e+00,-4.290254296738688598e-03
8.425399999999999778e+00,-4.143435066171203066e-03
8.434200000000000585e+00,-4.001244129700438044e-03
8.442800000000000082e+00,-3.859069178241384020e-03
8.451999999999999957e+00,-3.725940696084563755e-03
8.460699999999999221e+00,-3.590442179851534819e-03
8.469500000000000028e+00,-3.467628780220749496e-03
8.478699999999999903e+00,-3.339518546365774325e-03
8.487399999999999167e+00,-3.227152116214611344e-03
8.496000000000000441e+00,-3.117474724346849715e-03
8.504699999999999704e+00,-3.005013967008395188e-03
8.513799999999999812e+00,-2.901039758589055943e-03
8.522500000000000853e+00,-2.800631902750805140e-03
8.531299999999999883e+00,-2.706872621103923425e-03
8.540399999999999991e+00,-2.608175643838978996e-03
8.549200000000000799e+00,-2.513620164543711386e-03
8.557900000000000063e+00,-2.436335058805336878e-03
8.567099999999999937e+00,-2.358727431659728060e-03
8.575799999999999201e+00,-2.267022392887981311e-03
8.584500000000000242e+00,-2.198734985189897909e-03
8.593700000000000117e+00,-2.128343274903824953e-03
8.602399999999999380e+00,-2.063156717614970069e-03
8.611200000000000188e+00,-1.985336070448235225e-03
8.620400000000000063e+00,-1.935390810910234734e-03
8.629200000000000870e+00,-1.866591321588180041e-03
8.637900000000000134e+00,-1.810524262612002878e-03
8.647199999999999775e+00,-1.749585019922545283e-03
8.655900000000000816e+00,-1.705922658823459670e-03
8.664500000000000313e+00,-1.650256869471581006e-03
8.673700000000000188e+00,-1.600893993893703817e-03
8.682499999999999218e+00,-1.563649813784280919e-03
8.691200000000000259e+00,-1.505550497977756500e-03
8.700400000000000134e+00,-1.470364865184386853e-03
8.709099999999999397e+00,-1.427649301283868532e-03
8.717900000000000205e+00,-1.376461612019379667e-03
8.727199999999999847e+00,-1.343820401173285040e-03
8.735900000000000887e+00,-1.299073093018610157e-03
8.744600000000000151e+00,-1.269607361334300008e-03
8.753800000000000026e+00,-1.232410647991236162e-03
8.762600000000000833e+00,-1.200604499438860358e-03
8.771399999999999864e+00,-1.167728688862157676e-03
8.780400000000000205e+00,-1.136444423118553341e-03
8.789199999999999235e+00,-1.103256323485156789e-03
8.799099999999999255e+00,-1.071355371113767718e-03
8.807900000000000063e+00,-1.045987769357224588e-03
8.817099999999999937e+00,-1.022267996280411782e-03
8.825900000000000745e+00,-9.981625097515893844e-04
8.834600000000000009e+00,-9.601451962682792203e-04
8.843700000000000117e+00,-9.385915187720378187e-04
8.852399999999999380e+00,-9.202759854085648802e-04
8.861200000000000188e+00,-8.937409009480910523e-04
8.870400000000000063e+00,-8.699496730017570404e-04
8.879200000000000870e+00,-8.492313657502902850e-04
8.887900000000000134e+00,-8.225462356257731873e-04
8.897000000000000242e+00,-8.027078386437523682e-04
8.905799999999999272e+00,-7.812989540805447518e-04
8.914600000000000080e+00,-7.573620687319447542e-04
8.923799999999999955e+00,-7.428857073798190947e-04
8.932499999999999218e+00,-7.233074621690361878e-04
8.941300000000000026e+00,-7.041482505845768868e-04
8.950400000000000134e+00,-6.774691504889601484e-04
8.959099999999999397e+00,-6.655799904943679674e-04
8.967900000000000205e+00,-6.424691876465658249e-04
8.977100000000000080e+00,-6.353622442671557572e-04
8.985900000000000887e+00,-6.113505573709643575e-04
8.994600000000000151e+00,-5.954270836876257751e-04
9.003800000000000026e+00,-5.803537744944148140e-04
9.012499999999999289e+00,-5.712425162924885964e-04
9.021300000000000097e+00,-5.583123290986502854e-04
9.030400000000000205e+00,-5.402440220599160139e-04
9.039199999999999235e+00,-5.219031678145337472e-04
9.048000000000000043e+00,-5.078143208494083349e-04
9.057000000000000384e+00,-4.967135064709899024e-04
9.065699999999999648e+00,-4.861367127701589439e-04
9.074400000000000688e+00,-4.629630988223832656e-04
9.083199999999999719e+00,-4.559456786623434718e-04
9.092100000000000293e+00,-4.486742287197998617e-04
9.100799999999999557e+00,-4.316968881357056802e-04
9.109700000000000131e+00,-4.151855448152987679e-04
9.118700000000000472e+00,-4.031332870378979711e-04
9.127399999999999736e+00,-3.925545347955624719e-04
9.135999999999999233e+00,-3.885471612267963910e-04
9.144700000000000273e+00,-3.670106714533342019e-04
9.153700000000000614e+00,-3.611881693898633811e-04
9.162399999999999878e+00,-3.518003802619822616e-04
9.171099999999999142e+00,-3.424534276290950533e-04
9.179800000000000182e+00,-3.261017858983588421e-04
9.188800000000000523e+00,-3.144212909934546510e-04
9.197499999999999787e+00,-3.063242771161745880e-04
9.206200000000000827e+00,-2.980221491598262010e-04
9.215400000000000702e+00,-2.865955836339451578e-04
9.224000000000000199e+00,-2.717361221297360813e-04
9.232799999999999230e+00,-2.646887647738383441e-04
9.241400000000000503e+00,-2.521956765095048625e-04
9.250400000000000844e+00,-2.461407930708125243e-04
9.259100000000000108e+00,-2.329627143648105476e-04
9.267799999999999372e+00,-2.247641141677539367e-04
9.276500000000000412e+00,-2.143926899948812078e-04
9.285500000000000753e+00,-2.075781228614160655e-04
9.294200000000000017e+00,-2.021608675945164683e-04
9.302899999999999281e+00,-1.834040313032170386e-04
9.312099999999999156e+00,-1.811141787304538456e-04
9.320800000000000196e+00,-1.812640357749058153e-04
9.329599999999999227e+00,-1.666942449404797914e-04
9.338800000000000878e+00,-1.607715030537300565e-04
9.347599999999999909e+00,-1.543122164666371320e-04
9.356400000000000716e+00,-1.402872368563821710e-04
9.365500000000000824e+00,-1.295355684025956741e-04
9.374200000000000088e+00,-1.292750679503444459e-04
9.382999999999999119e+00,-1.194384427279332299e-04
9.392099999999999227e+00,-1.167981013086563311e-04
9.400800000000000267e+00,-1.003156053991634353e-04
9.409499999999999531e+00,-9.487925280119444485e-05
9.418799999999999173e+00,-9.477916145282086133e-05
9.427599999999999980e+00,-7.340095116056257959e-05
9.436299999999999244e+00,-7.391511217293687298e-05
9.445399999999999352e+00,-6.659146733851983857e-05
9.454100000000000392e+00,-6.228924216073123202e-05
9.462799999999999656e+00,-5.837262292121038476e-05
9.471500000000000696e+00,-4.372517908792449524e-05
9.480399999999999494e+00,-3.913455984553074196e-05
9.489100000000000534e+00,-3.094727017636774227e-05
9.497899999999999565e+00,-2.413534452536960327e-05
9.507099999999999440e+00,-2.270930208307978503e-05
9.515900000000000247e+00,-6.222367760391972827e-06
9.524599999999999511e+00,-1.200633096062582797e-05
9.533699999999999619e+00,6.896697263098112984e-06
9.542400000000000659e+00,9.164157940958145634e-06
9.551099999999999923e+00,1.591167891964550933e-05
9.559799999999999187e+00,1.452575471046560485e-05
9.568799999999999528e+00,2.457998844615787333e-05
9.577500000000000568e+00,3.578957634343678078e-05
9.586299999999999599e+00,3.799910419460621712e-05
9.595599999999999241e+00,4.889670115510477526e-05
9.604300000000000281e+00,5.499671245872664489e-05
9.612999999999999545e+00,5.603484368186736897e-05
9.621999999999999886e+00,5.896223404589233559e-05
9.630699999999999150e+00,6.894129795208497717e-05
9.639400000000000190e+00,7.400466498566301600e-05
9.648099999999999454e+00,8.282519282774868964e-05
9.657099999999999795e+00,8.956724346607524041e-05
9.665900000000000603e+00,8.473694222355695853e-05
9.674699999999999633e+00,1.004907018163749347e-04
9.683799999999999741e+00,9.468190748789591556e-05
9.692600000000000549e+00,1.152112919336279254e-04
9.701299999999999812e+00,1.146823375534045640e-04
9.710399999999999920e+00,1.225210004698129920e-04
9.719099999999999184e+00,1.245485636049818452e-04
9.727899999999999991e+00,1.253611399489734657e-04
9.737199999999999633e+00,1.394544465019534763e-04
9.746100000000000207e+00,1.394223605072973486e-04
9.754699999999999704e+00,1.466174666783840157e-04
9.763799999999999812e+00,1.427635651943856120e-04
9.772600000000000620e+00,1.517709406642208519e-04
9.781399999999999650e+00,1.601156143539296615e-04
9.790399999999999991e+00,1.660334633312523806e-04
9.799099999999999255e+00,1.677729792912026601e-04
9.807900000000000063e+00,1.692450094139222750e-04
9.817099999999999937e+00,1.833357299938017000e-04
9.825799999999999201e+00,1.829648110844414501e-04
9.834600000000000009e+00,1.867873043122465163e-04
9.843700000000000117e+00,2.014138979574695617e-04
9.852499999999999147e+00,2.001213350224767106e-04
9.861299999999999955e+00,2.077725511760830212e-04
9.870400000000000063e+00,2.122376197718326991e-04
9.879099999999999326e+00,2.129512090721242656e-04
9.887900000000000134e+00,2.204134719592306269e-04
9.897100000000000009e+00,2.178666836065937945e-04
9.905900000000000816e+00,2.268145958399310925e-04
9.914600000000000080e+00,2.400144674909662768e-04
9.923799999999999955e+00,2.390936067996620677e-04
9.932700000000000529e+00,2.396538285002918541e-04
9.941399999999999793e+00,2.458765832923219020e-04
9.950599999999999667e+00,2.599196706664420355e-04
9.959400000000000475e+00,2.597992019437445066e-04
9.968199999999999505e+00,2.664532949908813772e-04
9.977100000000000080e+00,2.679097522037831875e-04
9.985799999999999343e+00,2.687006122779735193e-04
9.994600000000000151e+00,2.799222409294473395e-04
1.000380000000000003e+01,2.839739027666293280e-04
1.001239999999999952e+01,2.836434818295607146e-04
1.002110000000000056e+01,2.917997395734902612e-04
1.002979999999999983e+01,2.930056740933343652e-04
1.003880000000000017e+01,2.953553112235306373e-04
1.004759999999999920e+01,3.069401405360145871e-04
1.005630000000000024e+01,3.077974753277550827e-04
1.006540000000000035e+01,3.133700780563997666e-04
1.007429999999999914e+01,3.135437537930229040e-04
1.008309999999999995e+01,3.178181052706618558e-04
1.009220000000000006e+01,3.226274434092529179e-04
1.010089999999999932e+01,3.187492916179720734e-04
1.010960000000000036e+01,3.274826447710989588e-04
1.011870000000000047e+01,3.359661940043349917e-04
1.012759999999999927e+01,3.329031986958549700e-04
1.013630000000000031e+01,3.385542619341573318e-04
1.014540000000000042e+01,3.451088625044183671e-04
1.015419999999999945e+01,3.498957041450502341e-04
1.016290000000000049e+01,3.490850657784127283e-04
1.017210000000000036e+01,3.613646098742380030e-04
1.018079999999999963e+01,3.656066157724951506e-04
1.018950000000000067e+01,3.675250851445399126e-04
1.019829999999999970e+01,3.743509695942222586e-04
1.020710000000000051e+01,3.791877776880066709e-04
1.021589999999999954e+01,3.804488148506932413e-04
1.022470000000000034e+01,3.870356720499571173e-04
1.023370000000000068e+01,3.890811220601316390e-04
1.024249999999999972e+01,3.853778880443796840e-04
1.025120000000000076e+01,3.989047452699183167e-04
1.025990000000000002e+01,3.975761189729495101e-04
1.026880000000000059e+01,4.031284621376972441e-04
1.027749999999999986e+01,4.093772212061116359e-04
1.028630000000000067e+01,4.074202446459715844e-04
1.029540000000000077e+01,4.164549574519405602e-04
1.030410000000000004e+01,4.212961293835321402e-04
1.031279999999999930e+01,4.215766396842414530e-04
1.032160000000000011e+01,4.222419456955206572e-04
1.033050000000000068e+01,4.303270158188315844e-04
1.033929999999999971e+01,4.357819102278530452e-04
1.034800000000000075e+01,4.310532864005599870e-04
1.035710000000000086e+01,4.440015321178875877e-04
1.036589999999999989e+01,4.470671042213155994e-04
1.037459999999999916e+01,4.491921069540800917e-04
1.038380000000000081e+01,4.544420088442729672e-04
1.039250000000000007e+01,4.569715652651513364e-04
1.040119999999999933e+01,4.620230493134838429e-04
1.040990000000000038e+01,4.579772225249631196e-04
1.041879999999999917e+01,4.725702476272416932e-04
1.042750000000000021e+01,4.726775480064701867e-04
1.043629999999999924e+01,4.792259009796845295e-04
1.044549999999999912e+01,4.837764410129750513e-04
1.045429999999999993e+01,4.813142297970471068e-04
1.046299999999999919e+01,4.872108632732903826e-04
1.047220000000000084e+01,4.857822696650497627e-04
1.048090000000000011e+01,4.931343035586650738e-04
1.048959999999999937e+01,4.967713365583946699e-04
1.049879999999999924e+01,5.026366737142923518e-04
1.050760000000000005e+01,5.052565586241271420e-04
1.051629999999999932e+01,5.083593501706798901e-04
1.052549999999999919e+01,5.099930414678769102e-04
1.053430000000000000e+01,5.128848671441435091e-04
1.054310000000000080e+01,5.173623270852197465e-04
1.055209999999999937e+01,5.243322590420716137e-04
1.056090000000000018e+01,5.186300970526681615e-04
1.056949999999999967e+01,5.216481308860665151e-04
1.057830000000000048e+01,5.281529535558369872e-04
1.058709999999999951e+01,5.315294874079585976e-04
1.059590000000000032e+01,5.346755080698837714e-04
1.060459999999999958e+01,5.317892361689613000e-04
1.061379999999999946e+01,5.396474711981929639e-04
1.062260000000000026e+01,5.476259200076899741e-04
1.063129999999999953e+01,5.448950299095603900e-04
1.064049999999999940e+01,5.529803209909413004e-04
1.064920000000000044e+01,5.475940965839769161e-04
1.065789999999999971e+01,5.607442280792962908e-04
1.066719999999999935e+01,5.641054681031468145e-04
1.067590000000000039e+01,5.589228723574324927e-04
1.068469999999999942e+01,5.727650271080723336e-04
1.069379999999999953e+01,5.634372187182199333e-04
1.070250000000000057e+01,5.649314902200386779e-04
1.071119999999999983e+01,5.788970651720442857e-04
1.072020000000000017e+01,5.714145569217768308e-04
1.072899999999999920e+01,5.799544711322394876e-04
1.073780000000000001e+01,5.801303649180724210e-04
1.074649999999999928e+01,5.920688474594559738e-04
1.075549999999999962e+01,5.930959639077772443e-04
1.076420000000000066e+01,5.972821634614735014e-04
1.077280000000000015e+01,5.967162943846550643e-04
1.078149999999999942e+01,6.024003489735567634e-04
1.079059999999999953e+01,6.054040482548035066e-04
1.079940000000000033e+01,6.019701281965797197e-04
1.080819999999999936e+01,6.049913910214173209e-04
1.081709999999999994e+01,6.123535166508945349e-04
1.082579999999999920e+01,6.125528185046038698e-04
1.083460000000000001e+01,6.161615184064512824e-04
1.084379999999999988e+01,6.213091541888615590e-04
1.085249999999999915e+01,6.282446888617851301e-04
1.086129999999999995e+01,6.299196941203374315e-04
1.087069999999999936e+01,6.291280433110494740e-04
1.087959999999999994e+01,6.330008009881118742e-04
1.088879999999999981e+01,6.392862051808258662e-04
1.089750000000000085e+01,6.356076591566494575e-04
1.090620000000000012e+01,6.368795824896668779e-04
1.091499999999999915e+01,6.462401138657223720e-04
1.092389999999999972e+01,6.489551729632352019e-04
1.093270000000000053e+01,6.437740756396993173e-04
1.094149999999999956e+01,6.507040921627557217e-04
1.095049999999999990e+01,6.480568730773152413e-04
1.095930000000000071e+01,6.559087521788261373e-04
1.096799999999999997e+01,6.589994474604273910e-04
1.097710000000000008e+01,6.601186209372717720e-04
1.098579999999999934e+01,6.617742913867161441e-04
1.099450000000000038e+01,6.624864822582052660e-04
1.100000000000000000e+01,6.692960313301411692e-04
