# B (T), \delta v/v
1.729999999999999941e-02,-0.000000000000000000e+00
3.470000000000000168e-02,7.919633254851229237e-07
5.170000000000000290e-02,-1.433825731255410074e-06
6.880000000000000004e-02,-2.487211547982194149e-06
8.599999999999999312e-02,-5.500159983085127317e-07
1.030999999999999972e-01,-4.272807176466388804e-07
1.202000000000000013e-01,-1.724744950531910837e-06
1.371999999999999886e-01,-8.866150585303022354e-07
1.542000000000000037e-01,1.188124416860795703e-06
1.715000000000000135e-01,-2.319628459050075524e-06
1.885999999999999899e-01,-1.424449268806841093e-06
2.056000000000000050e-01,-3.243995772587591944e-06
2.230999999999999928e-01,-2.012383020670458151e-06
2.403000000000000136e-01,-3.238818978930216915e-06
2.574000000000000177e-01,-2.586166484584045185e-06
2.746999999999999997e-01,-6.347572366781979898e-06
2.917000000000000148e-01,-4.725793010282406271e-06
3.086999999999999744e-01,-4.528983200557707041e-06
3.256999999999999895e-01,-4.616677030997383933e-06
3.432000000000000051e-01,-7.416355120842534022e-06
3.602000000000000202e-01,-5.345054309682291003e-06
3.771999999999999797e-01,-7.944299079155149384e-06
3.941999999999999948e-01,-8.971324733731447483e-06
4.114999999999999769e-01,-7.769807827469088794e-06
4.285999999999999810e-01,-1.008656778409949264e-05
4.455999999999999961e-01,-9.892516751301315067e-06
4.627000000000000002e-01,-1.153413341020481436e-05
4.798000000000000043e-01,-1.086240728576001431e-05
4.968000000000000194e-01,-1.066070551650983374e-05
5.139000000000000234e-01,-1.590101509397887818e-05
5.309000000000000385e-01,-1.472062365356950966e-05
5.481000000000000316e-01,-1.484610283451203729e-05
5.653000000000000247e-01,-1.657792825807176819e-05
5.823000000000000398e-01,-1.563008318261754361e-05
5.994000000000000439e-01,-1.873825878572317949e-05
6.163999999999999480e-01,-1.726904785711197736e-05
6.333999999999999631e-01,-1.947285771542625024e-05
6.503999999999999782e-01,-1.971738247088852532e-05
6.674999999999999822e-01,-2.252092173809505118e-05
6.846999999999999753e-01,-2.469092329016004750e-05
7.016999999999999904e-01,-2.486879863188617480e-05
7.187999999999999945e-01,-2.537119805691404766e-05
7.358999999999999986e-01,-2.740210014624076666e-05
7.531999999999999806e-01,-2.606906410334018697e-05
7.701999999999999957e-01,-2.687721096936724068e-05
7.872999999999999998e-01,-2.988697542769531263e-05
8.047999999999999599e-01,-3.191068157416200222e-05
8.218999999999999639e-01,-3.403419202927055669e-05
8.388999999999999790e-01,-3.503638267228414093e-05
8.560999999999999721e-01,-3.503810173581555810e-05
8.731999999999999762e-01,-3.656555672075945812e-05
8.901999999999999913e-01,-3.682844927406034460e-05
9.072999999999999954e-01,-3.905180607642545938e-05
9.244999999999999885e-01,-4.162350984082853608e-05
9.415000000000000036e-01,-4.288752868185745902e-05
9.586000000000000076e-01,-4.359903465160427254e-05
9.756000000000000227e-01,-4.632822102352830403e-05
9.926000000000000378e-01,-4.588504620456969633e-05
1.009800000000000031e+00,-4.875341062864405571e-05
1.026799999999999935e+00,-5.143329279466642189e-05
1.043900000000000050e+00,-5.318115136064221842e-05
1.060999999999999943e+00,-5.467873586644168187e-05
1.078200000000000047e+00,-5.552888897924709594e-05
1.095299999999999940e+00,-5.826688960337763094e-05
1.112300000000000066e+00,-5.958077145606482375e-05
1.129299999999999971e+00,-6.047844072253107388e-05
1.146500000000000075e+00,-6.234476592169077417e-05
1.163499999999999979e+00,-6.557149515987507025e-05
1.180600000000000094e+00,-6.827339359940406125e-05
1.197799999999999976e+00,-6.744885315188812059e-05
1.214800000000000102e+00,-7.208292137844452040e-05
1.231899999999999995e+00,-7.193806244231500547e-05
1.248899999999999899e+00,-7.447856692486930089e-05
1.266000000000000014e+00,-7.673670632719632170e-05
1.283099999999999907e+00,-7.914923951759093878e-05
1.300200000000000022e+00,-8.169149912293872723e-05
1.317299999999999915e+00,-8.223232679752657506e-05
1.334400000000000031e+00,-8.287924965468562743e-05
1.351499999999999924e+00,-8.654228050275345656e-05
1.368600000000000039e+00,-8.855643471001816932e-05
1.385599999999999943e+00,-8.991402998767393127e-05
1.402600000000000069e+00,-9.473338379229886085e-05
1.419899999999999940e+00,-9.571541490183368864e-05
1.436900000000000066e+00,-9.710759233091343441e-05
1.453999999999999959e+00,-1.026103795079154042e-04
1.471100000000000074e+00,-1.045335904472691451e-04
1.488199999999999967e+00,-1.063454166391750502e-04
1.505300000000000082e+00,-1.085621513430550943e-04
1.522299999999999986e+00,-1.118861975464435511e-04
1.539400000000000102e+00,-1.130091154726793124e-04
1.556499999999999995e+00,-1.164125966419565127e-04
1.573600000000000110e+00,-1.170741401161527544e-04
1.590700000000000003e+00,-1.194894702124567202e-04
1.608100000000000085e+00,-1.233523639720986837e-04
1.625299999999999967e+00,-1.265809735685411038e-04
1.642300000000000093e+00,-1.310028529996653851e-04
1.659399999999999986e+00,-1.343022809242252233e-04
1.676500000000000101e+00,-1.337633092284399596e-04
1.693500000000000005e+00,-1.376823642148268100e-04
1.710599999999999898e+00,-1.392711070796534957e-04
1.727700000000000014e+00,-1.443408673979382152e-04
1.744899999999999896e+00,-1.463493792906768465e-04
1.761900000000000022e+00,-1.475138067669990675e-04
1.778899999999999926e+00,-1.523045366331318901e-04
1.796000000000000041e+00,-1.561209995742635732e-04
1.813099999999999934e+00,-1.583450051441454205e-04
1.830200000000000049e+00,-1.606901805640947444e-04
1.847199999999999953e+00,-1.629489730678023048e-04
1.864200000000000079e+00,-1.646903743661808474e-04
1.881499999999999950e+00,-1.703572250059250202e-04
1.898600000000000065e+00,-1.719101779790530439e-04
1.915599999999999969e+00,-1.767251193825960934e-04
1.932700000000000085e+00,-1.807359420164173283e-04
1.949799999999999978e+00,-1.821307653587157143e-04
1.966800000000000104e+00,-1.846067631381792507e-04
1.983899999999999997e+00,-1.890677941650594635e-04
2.000900000000000123e+00,-1.922478282202835786e-04
2.018200000000000216e+00,-1.945478348222496516e-04
2.035299999999999887e+00,-2.002125554847873862e-04
2.052400000000000002e+00,-2.018499587534430221e-04
2.069500000000000117e+00,-2.066048618940340782e-04
2.086500000000000021e+00,-2.099672519473756997e-04
2.103699999999999903e+00,-2.133018618711131299e-04
2.120699999999999807e+00,-2.172312885674919987e-04
2.137799999999999923e+00,-2.201732789588340268e-04
2.154900000000000038e+00,-2.228219756718747267e-04
2.171899999999999942e+00,-2.275269396281978434e-04
2.189000000000000057e+00,-2.313544573720626352e-04
2.206199999999999939e+00,-2.344640188359041466e-04
2.223300000000000054e+00,-2.378381735373245474e-04
2.240299999999999958e+00,-2.435009779769969484e-04
2.257400000000000073e+00,-2.447911903205043731e-04
2.274399999999999977e+00,-2.478785368055211910e-04
2.291500000000000092e+00,-2.545704126718490823e-04
2.308600000000000207e+00,-2.558158200891107181e-04
2.325699999999999878e+00,-2.608986342218287224e-04
2.342799999999999994e+00,-2.636943199091243374e-04
2.359900000000000109e+00,-2.675377677091712284e-04
2.376900000000000013e+00,-2.720013571434972441e-04
2.393899999999999917e+00,-2.764368511420054754e-04
2.410899999999999821e+00,-2.788178705739269097e-04
2.428199999999999914e+00,-2.832412168472304330e-04
2.445300000000000029e+00,-2.874702949146350954e-04
2.462400000000000144e+00,-2.919125534693830831e-04
2.479499999999999815e+00,-2.952726355158677559e-04
2.496700000000000141e+00,-2.995849021937107811e-04
2.513599999999999834e+00,-3.042476979985509421e-04
2.530699999999999950e+00,-3.082541900801253525e-04
2.547699999999999854e+00,-3.110842723648580351e-04
2.564900000000000180e+00,-3.154014860910131827e-04
2.581999999999999851e+00,-3.197146244184707279e-04
2.599099999999999966e+00,-3.260156596064412728e-04
2.616099999999999870e+00,-3.282882084471396879e-04
2.633300000000000196e+00,-3.325988892854279868e-04
2.650399999999999867e+00,-3.377730349101013734e-04
2.667499999999999982e+00,-3.420057727247552111e-04
2.684800000000000075e+00,-3.457471106221838121e-04
2.701999999999999957e+00,-3.493324724218417133e-04
2.719100000000000072e+00,-3.548604148401485886e-04
2.736200000000000188e+00,-3.589614829130631426e-04
2.753299999999999859e+00,-3.637996052825387622e-04
2.770399999999999974e+00,-3.683208000175301929e-04
2.787399999999999878e+00,-3.711526024424159674e-04
2.804499999999999993e+00,-3.751198057733449499e-04
2.821600000000000108e+00,-3.812380931296220675e-04
2.838600000000000012e+00,-3.872468631536859487e-04
2.855599999999999916e+00,-3.913609334292499032e-04
2.872599999999999820e+00,-3.946234342981740084e-04
2.890000000000000124e+00,-3.986387757892229967e-04
2.907099999999999795e+00,-4.014605837278084621e-04
2.924100000000000144e+00,-4.079508118802491960e-04
2.941100000000000048e+00,-4.150674804707348963e-04
2.958299999999999930e+00,-4.166326789858506218e-04
2.975299999999999834e+00,-4.216892492009080584e-04
2.992399999999999949e+00,-4.281679704553585653e-04
3.009500000000000064e+00,-4.334361643151742483e-04
3.026499999999999968e+00,-4.381364748177911991e-04
3.043499999999999872e+00,-4.415829009186497288e-04
3.060599999999999987e+00,-4.461969893742960265e-04
3.077999999999999847e+00,-4.532852430907048950e-04
3.095000000000000195e+00,-4.570547926005479977e-04
3.112000000000000099e+00,-4.620913755826462329e-04
3.129000000000000004e+00,-4.681364020170175676e-04
3.146100000000000119e+00,-4.710133576029092509e-04
3.163300000000000001e+00,-4.773107449320612358e-04
3.180299999999999905e+00,-4.824883033243768929e-04
3.197400000000000020e+00,-4.861569553945414325e-04
3.214599999999999902e+00,-4.926919957315926274e-04
3.231599999999999806e+00,-4.969666101477656977e-04
3.248699999999999921e+00,-5.037364373368538682e-04
3.265699999999999825e+00,-5.075686690068125298e-04
3.282799999999999940e+00,-5.136761985563388167e-04
3.299999999999999822e+00,-5.189613133281214446e-04
3.317000000000000171e+00,-5.228785614355842791e-04
3.334099999999999842e+00,-5.287859419127639718e-04
3.351599999999999913e+00,-5.339002334750868328e-04
3.368700000000000028e+00,-5.395359906422273789e-04
3.385699999999999932e+00,-5.450617589489019929e-04
3.402600000000000069e+00,-5.480571916870594692e-04
3.419999999999999929e+00,-5.558021372915950735e-04
3.436999999999999833e+00,-5.618399614985477306e-04
3.454099999999999948e+00,-5.674544948648734769e-04
3.471200000000000063e+00,-5.709739361241721132e-04
3.488199999999999967e+00,-5.775251204363050913e-04
3.505300000000000082e+00,-5.858343051147172666e-04
3.522400000000000198e+00,-5.876004057066025075e-04
3.539499999999999869e+00,-5.947098585596294383e-04
3.556599999999999984e+00,-5.995186898874761954e-04
3.573700000000000099e+00,-6.057154199633952739e-04
3.590800000000000214e+00,-6.122355553397518680e-04
3.608400000000000052e+00,-6.185371225442472688e-04
3.625399999999999956e+00,-6.244561468577716160e-04
3.642500000000000071e+00,-6.291489476560118777e-04
3.660000000000000142e+00,-6.338524959877556023e-04
3.677099999999999813e+00,-6.401841716792177391e-04
3.694199999999999928e+00,-6.453056132553067680e-04
3.711599999999999788e+00,-6.510718902787934227e-04
3.728699999999999903e+00,-6.575617278144415016e-04
3.745800000000000018e+00,-6.649469743256295352e-04
3.762799999999999923e+00,-6.711805994832218064e-04
3.779999999999999805e+00,-6.726859444285802772e-04
3.797099999999999920e+00,-6.831499410437094025e-04
3.814099999999999824e+00,-6.894655831518792157e-04
3.831199999999999939e+00,-6.947386286930758723e-04
3.848399999999999821e+00,-6.995134969123179567e-04
3.865499999999999936e+00,-7.079504651747793890e-04
3.882600000000000051e+00,-7.134196130700634327e-04
3.899999999999999911e+00,-7.191113998001003949e-04
3.917100000000000026e+00,-7.253739648225273956e-04
3.934200000000000141e+00,-7.307267470458726549e-04
3.951200000000000045e+00,-7.383539978400155543e-04
3.968300000000000161e+00,-7.435094632819188492e-04
3.985399999999999832e+00,-7.490026945737337290e-04
4.002399999999999736e+00,-7.585879738215804691e-04
4.019499999999999851e+00,-7.641276404737437807e-04
4.036699999999999733e+00,-7.690916911508653394e-04
4.053700000000000081e+00,-7.774019246205078094e-04
4.070899999999999963e+00,-7.818794312707067276e-04
4.088300000000000267e+00,-7.890677473584630517e-04
4.105299999999999727e+00,-7.968941782796134339e-04
4.122399999999999842e+00,-8.028668154336199942e-04
4.139400000000000190e+00,-8.097759502217229122e-04
4.156699999999999839e+00,-8.155123096195307595e-04
4.173700000000000188e+00,-8.213191356875337336e-04
4.190800000000000303e+00,-8.298103155291349908e-04
4.207799999999999763e+00,-8.361304351563207324e-04
4.224999999999999645e+00,-8.444935152523280883e-04
4.242099999999999760e+00,-8.494215410302446371e-04
4.259100000000000108e+00,-8.587091692031862192e-04
4.276200000000000223e+00,-8.633214001424925014e-04
4.293300000000000338e+00,-8.727884284397073155e-04
4.310399999999999565e+00,-8.769440773965301011e-04
4.327399999999999913e+00,-8.829505282076676766e-04
4.344500000000000028e+00,-8.888430425987182276e-04
4.361799999999999677e+00,-8.990461486198371649e-04
4.378800000000000026e+00,-9.063522895454106769e-04
4.395900000000000141e+00,-9.122048972226593508e-04
4.413299999999999557e+00,-9.208618721578109559e-04
4.430399999999999672e+00,-9.266228838426364411e-04
4.447499999999999787e+00,-9.346484046395179103e-04
4.464599999999999902e+00,-9.425754252425730005e-04
4.481700000000000017e+00,-9.492431392225163331e-04
4.498700000000000365e+00,-9.555073699999485108e-04
4.515900000000000247e+00,-9.640231138638827822e-04
4.533299999999999663e+00,-9.698220627140986295e-04
4.550399999999999778e+00,-9.777733265862622973e-04
4.567400000000000126e+00,-9.846523892627354665e-04
4.584399999999999586e+00,-9.922262900003725895e-04
4.601700000000000124e+00,-1.002029572862351940e-03
4.618800000000000239e+00,-1.006160839090919227e-03
4.635900000000000354e+00,-1.014978188050576777e-03
4.653400000000000425e+00,-1.024645459419386458e-03
4.670399999999999885e+00,-1.030533904491265232e-03
4.687599999999999767e+00,-1.040140424617793345e-03
4.705000000000000071e+00,-1.044993925949694660e-03
4.722000000000000419e+00,-1.053753976469924821e-03
4.739099999999999646e+00,-1.061479030285962261e-03
4.756099999999999994e+00,-1.068890131412288461e-03
4.773399999999999643e+00,-1.075076697755778183e-03
4.790600000000000414e+00,-1.085559428636823131e-03
4.807599999999999874e+00,-1.093077286065144470e-03
4.825000000000000178e+00,-1.100343197682813415e-03
4.842200000000000060e+00,-1.107651520579741502e-03
4.859200000000000408e+00,-1.118331310890682741e-03
4.876599999999999824e+00,-1.124472387162791468e-03
4.893600000000000172e+00,-1.132977682267054123e-03
4.910800000000000054e+00,-1.140489589121170422e-03
4.927900000000000169e+00,-1.149349342771964055e-03
4.945100000000000051e+00,-1.158611639755572232e-03
4.962299999999999933e+00,-1.163892036454610953e-03
4.979300000000000281e+00,-1.174405656036031816e-03
4.996699999999999697e+00,-1.182346449803130424e-03
5.013799999999999812e+00,-1.190596286886264022e-03
5.030899999999999928e+00,-1.200054644607127102e-03
5.048399999999999999e+00,-1.205349082986382180e-03
5.065400000000000347e+00,-1.216590644316654316e-03
5.082499999999999574e+00,-1.224998307336103761e-03
5.099499999999999922e+00,-1.233148147739527960e-03
5.116699999999999804e+00,-1.241898567652157661e-03
5.133799999999999919e+00,-1.250644603715418777e-03
5.150800000000000267e+00,-1.257836145115376336e-03
5.167900000000000382e+00,-1.268024738565669100e-03
5.185100000000000264e+00,-1.276176541184952280e-03
5.202099999999999724e+00,-1.285615852577925078e-03
5.219100000000000072e+00,-1.292755059813079435e-03
5.236299999999999955e+00,-1.304160231853118907e-03
5.253400000000000070e+00,-1.311405480669130662e-03
5.270400000000000418e+00,-1.320104459373395338e-03
5.287499999999999645e+00,-1.329549359756735218e-03
5.304599999999999760e+00,-1.339588900564587376e-03
5.321799999999999642e+00,-1.347732226991710074e-03
5.338799999999999990e+00,-1.356863780013892922e-03
5.355800000000000338e+00,-1.363196647629293188e-03
5.372799999999999798e+00,-1.374470612694000818e-03
5.390100000000000335e+00,-1.381437189552637591e-03
5.407099999999999795e+00,-1.393266755360028425e-03
5.424199999999999910e+00,-1.401533162584328758e-03
5.441399999999999793e+00,-1.411711678138776209e-03
5.458499999999999908e+00,-1.420296319830293905e-03
5.475500000000000256e+00,-1.428751548547289429e-03
5.492600000000000371e+00,-1.438806247274964983e-03
5.510799999999999699e+00,-1.449562936141418450e-03
5.527700000000000280e+00,-1.457138261150976461e-03
5.545099999999999696e+00,-1.470157728265995400e-03
5.562100000000000044e+00,-1.478948373963798841e-03
5.579200000000000159e+00,-1.488764690590987884e-03
5.596300000000000274e+00,-1.496277956583635287e-03
5.613299999999999734e+00,-1.505172491499918389e-03
5.630399999999999849e+00,-1.515859832100157917e-03
5.647400000000000198e+00,-1.524091440143757149e-03
5.664500000000000313e+00,-1.535377104315202622e-03
5.681799999999999962e+00,-1.544770431638982800e-03
5.698800000000000310e+00,-1.552999309781919303e-03
5.715799999999999770e+00,-1.565495670370418762e-03
5.732899999999999885e+00,-1.573094223547629768e-03
5.750099999999999767e+00,-1.584581228103915367e-03
5.767100000000000115e+00,-1.592525335816166341e-03
5.784200000000000230e+00,-1.603111052233760232e-03
5.801199999999999690e+00,-1.614179384118849666e-03
5.818399999999999572e+00,-1.624446280857848356e-03
5.835499999999999687e+00,-1.633309030937743359e-03
5.852500000000000036e+00,-1.645377216749095402e-03
5.869600000000000151e+00,-1.655708628975179758e-03
5.886800000000000033e+00,-1.666259678889004054e-03
5.903699999999999726e+00,-1.673578192389356834e-03
5.920899999999999608e+00,-1.685260881591014222e-03
5.937899999999999956e+00,-1.696644838402656735e-03
5.955099999999999838e+00,-1.705061141508442454e-03
5.972199999999999953e+00,-1.715960215351402173e-03
5.989300000000000068e+00,-1.726952095495808224e-03
6.006300000000000416e+00,-1.738248238848984174e-03
6.023399999999999643e+00,-1.747885217152282721e-03
6.040499999999999758e+00,-1.760204451624969649e-03
6.057500000000000107e+00,-1.769597277477713473e-03
6.074600000000000222e+00,-1.781242302416945374e-03
6.091800000000000104e+00,-1.793768572136352889e-03
6.108799999999999564e+00,-1.801905633011803695e-03
6.126000000000000334e+00,-1.815237892135541800e-03
6.142999999999999794e+00,-1.826337244338080727e-03
6.160099999999999909e+00,-1.835616574637626962e-03
6.177200000000000024e+00,-1.845750184221449895e-03
6.194200000000000372e+00,-1.857584672082485166e-03
6.211400000000000254e+00,-1.868142135937601173e-03
6.228600000000000136e+00,-1.879100747501229185e-03
6.245700000000000252e+00,-1.890972921933929251e-03
6.262800000000000367e+00,-1.902809181054809697e-03
6.280100000000000016e+00,-1.914549455809138679e-03
6.297200000000000131e+00,-1.922511825962249345e-03
6.314300000000000246e+00,-1.935479052174216702e-03
6.331400000000000361e+00,-1.947358677598741384e-03
6.348499999999999588e+00,-1.956623659671528122e-03
6.365599999999999703e+00,-1.969966740276348112e-03
6.382600000000000051e+00,-1.981906882038339795e-03
6.399700000000000166e+00,-1.994007558225271027e-03
6.416800000000000281e+00,-2.006244104788581367e-03
6.434000000000000163e+00,-2.013901199243237159e-03
6.451299999999999812e+00,-2.028937106064135527e-03
6.468499999999999694e+00,-2.041342724831895269e-03
6.485500000000000043e+00,-2.053159292909842795e-03
6.502600000000000158e+00,-2.064943308401805035e-03
6.519499999999999851e+00,-2.077939698251195146e-03
6.536800000000000388e+00,-2.088998457603822786e-03
6.553799999999999848e+00,-2.100806878443256271e-03
6.570899999999999963e+00,-2.112337076766248462e-03
6.588000000000000078e+00,-2.122808322949440094e-03
6.605199999999999960e+00,-2.138072580414787822e-03
6.622200000000000308e+00,-2.151012362300431732e-03
6.639300000000000423e+00,-2.161281100059080518e-03
6.656399999999999650e+00,-2.173838794147879387e-03
6.673499999999999766e+00,-2.185369334575134898e-03
6.690500000000000114e+00,-2.200148630207776450e-03
6.707600000000000229e+00,-2.211887290193538091e-03
6.724599999999999689e+00,-2.222383089946637028e-03
6.741799999999999571e+00,-2.238432319999000223e-03
6.758799999999999919e+00,-2.252617833356534548e-03
6.775900000000000034e+00,-2.262709238679552152e-03
6.793000000000000149e+00,-2.277377614737449880e-03
6.810100000000000264e+00,-2.289767942881119379e-03
6.827200000000000379e+00,-2.301542652378302592e-03
6.844299999999999606e+00,-2.315465198760600484e-03
6.861299999999999955e+00,-2.329199679059345759e-03
6.878499999999999837e+00,-2.341986831381995694e-03
6.895500000000000185e+00,-2.355505185150550199e-03
6.912499999999999645e+00,-2.369427824073189366e-03
6.929599999999999760e+00,-2.384777877677924079e-03
6.946799999999999642e+00,-2.395325732772698221e-03
6.963899999999999757e+00,-2.409894679571801708e-03
6.980900000000000105e+00,-2.422002616360457387e-03
6.997899999999999565e+00,-2.438728818332235124e-03
7.015200000000000102e+00,-2.452202280738883210e-03
7.032199999999999562e+00,-2.464404601551328181e-03
7.049199999999999910e+00,-2.479070068243831478e-03
7.066200000000000259e+00,-2.490149285408139058e-03
7.083499999999999908e+00,-2.508547411415835288e-03
7.100600000000000023e+00,-2.523246782446866669e-03
7.117700000000000138e+00,-2.534834408114643774e-03
7.134699999999999598e+00,-2.550948267541716576e-03
7.151900000000000368e+00,-2.566938544380181937e-03
7.168999999999999595e+00,-2.579137516234516082e-03
7.185999999999999943e+00,-2.593671014915777898e-03
7.203100000000000058e+00,-2.610686459468186671e-03
7.220200000000000173e+00,-2.623444584814705726e-03
7.237199999999999633e+00,-2.641001174697983102e-03
7.254199999999999982e+00,-2.655324429928892539e-03
7.271300000000000097e+00,-2.670665462974604852e-03
7.288599999999999746e+00,-2.685165044936791041e-03
7.305699999999999861e+00,-2.704197206019293403e-03
7.322700000000000209e+00,-2.717185129559921385e-03
7.339699999999999669e+00,-2.732033908421604464e-03
7.356799999999999784e+00,-2.747762628970642444e-03
7.373800000000000132e+00,-2.762869458408467264e-03
7.390900000000000247e+00,-2.781192592232028648e-03
7.407899999999999707e+00,-2.796989841828777853e-03
7.425200000000000244e+00,-2.812683511770440979e-03
7.442199999999999704e+00,-2.825557584052287245e-03
7.459299999999999820e+00,-2.843918112384249876e-03
7.476399999999999935e+00,-2.860399173731158380e-03
7.493500000000000050e+00,-2.880078767434217195e-03
7.510600000000000165e+00,-2.894608163420742987e-03
7.527700000000000280e+00,-2.911222099603899983e-03
7.544599999999999973e+00,-2.929119697573479009e-03
7.561899999999999622e+00,-2.947492043589104022e-03
7.578899999999999970e+00,-2.962417298688045826e-03
7.596000000000000085e+00,-2.983664439134073743e-03
7.613299999999999734e+00,-2.999945093274587662e-03
7.630300000000000082e+00,-3.018102969589278595e-03
7.647899999999999920e+00,-3.035775272710651042e-03
7.665199999999999569e+00,-3.053569452927925969e-03
7.682199999999999918e+00,-3.072818736407276034e-03
7.699200000000000266e+00,-3.091261440732217744e-03
7.716199999999999726e+00,-3.110582557640004676e-03
7.733600000000000030e+00,-3.125649582460774366e-03
7.750600000000000378e+00,-3.144774477939914128e-03
7.767599999999999838e+00,-3.165499795251925947e-03
7.784699999999999953e+00,-3.184623406296013034e-03
7.801899999999999835e+00,-3.203780059492883532e-03
7.818900000000000183e+00,-3.223583256584260266e-03
7.836000000000000298e+00,-3.244233707883399914e-03
7.853100000000000414e+00,-3.261638658797216730e-03
7.870199999999999640e+00,-3.282532426032677784e-03
7.887199999999999989e+00,-3.303247574077064139e-03
7.904399999999999871e+00,-3.322832446402433637e-03
7.921400000000000219e+00,-3.345043949234486821e-03
7.938600000000000101e+00,-3.364582097816323260e-03
7.955599999999999561e+00,-3.387146045369374657e-03
7.972699999999999676e+00,-3.407590547805943674e-03
7.990199999999999747e+00,-3.428360370644894205e-03
8.007300000000000750e+00,-3.450946569044741324e-03
8.024300000000000210e+00,-3.472993753058883654e-03
8.041399999999999437e+00,-3.495272134847040007e-03
8.058500000000000441e+00,-3.517719027352195476e-03
8.075599999999999667e+00,-3.538254562865268942e-03
8.092599999999999127e+00,-3.562695770404677824e-03
8.109700000000000131e+00,-3.586040944959273998e-03
8.126899999999999125e+00,-3.608268621000945524e-03
8.144000000000000128e+00,-3.633435966039496624e-03
8.160999999999999588e+00,-3.657086332647546158e-03
8.178000000000000824e+00,-3.679953347661415845e-03
8.195199999999999818e+00,-3.705325494298421403e-03
8.212199999999999278e+00,-3.730047755925855989e-03
8.229400000000000048e+00,-3.755035152529933012e-03
8.246499999999999275e+00,-3.780794370147750640e-03
8.263600000000000279e+00,-3.804622985662716936e-03
8.280599999999999739e+00,-3.831447288661100209e-03
8.297599999999999199e+00,-3.857489365466217155e-03
8.314700000000000202e+00,-3.884870703859189152e-03
8.331899999999999196e+00,-3.911438220767861178e-03
8.349000000000000199e+00,-3.940135447493509253e-03
8.365999999999999659e+00,-3.967753120753399546e-03
8.383200000000000429e+00,-3.994024029783090589e-03
8.400100000000000122e+00,-4.023398042337494700e-03
8.417199999999999349e+00,-4.051518463602975934e-03
8.434200000000000585e+00,-4.079714288529782441e-03
8.451200000000000045e+00,-4.111122628415357118e-03
8.468600000000000350e+00,-4.143054924230545576e-03
8.485599999999999810e+00,-4.171003045349323639e-03
8.502700000000000813e+00,-4.202862310481155460e-03
8.519800000000000040e+00,-4.231260327052520191e-03
8.536899999999999267e+00,-4.263851210740046867e-03
8.553900000000000503e+00,-4.296349707761024789e-03
8.571099999999999497e+00,-4.328927322812288828e-03
8.588100000000000733e+00,-4.361207608350169476e-03
8.605199999999999960e+00,-4.394921053011402977e-03
8.622199999999999420e+00,-4.428554564473014682e-03
8.639300000000000423e+00,-4.462132940250426727e-03
8.656299999999999883e+00,-4.497234177923107798e-03
8.673600000000000421e+00,-4.534674643681394467e-03
8.690599999999999881e+00,-4.569940283808934453e-03
8.707599999999999341e+00,-4.608125424378722509e-03
8.724700000000000344e+00,-4.644357580406672376e-03
8.741899999999999338e+00,-4.680687712430874926e-03
8.758900000000000574e+00,-4.717290986586616941e-03
8.775900000000000034e+00,-4.757385176978985546e-03
8.792899999999999494e+00,-4.795437618840988486e-03
8.810299999999999798e+00,-4.834883181177869471e-03
8.827400000000000801e+00,-4.873284191288433306e-03
8.844500000000000028e+00,-4.914956996111006018e-03
8.862000000000000099e+00,-4.956056979713156438e-03
8.878999999999999559e+00,-4.999985538548691079e-03
8.896100000000000563e+00,-5.037655995583954077e-03
8.913700000000000401e+00,-5.083593419547353422e-03
8.930699999999999861e+00,-5.123664917521700973e-03
8.947800000000000864e+00,-5.165987935457872979e-03
8.964900000000000091e+00,-5.207715060855287736e-03
8.981999999999999318e+00,-5.253420673350889768e-03
8.998900000000000787e+00,-5.297742238598384355e-03
9.016000000000000014e+00,-5.340957343980155467e-03
9.033099999999999241e+00,-5.385516056597610193e-03
9.050300000000000011e+00,-5.430569988052910864e-03
9.067299999999999471e+00,-5.476983776091795368e-03
9.084400000000000475e+00,-5.522697724375172715e-03
9.101399999999999935e+00,-5.567699590475662895e-03
9.118600000000000705e+00,-5.616043507802425359e-03
9.135699999999999932e+00,-5.663108496617177100e-03
9.152799999999999159e+00,-5.715310595737461453e-03
9.169800000000000395e+00,-5.761016766376475182e-03
9.186899999999999622e+00,-5.814444533328917697e-03
9.204000000000000625e+00,-5.864753614105533246e-03
9.221000000000000085e+00,-5.913786498377404319e-03
9.238099999999999312e+00,-5.967403930037453764e-03
9.255200000000000315e+00,-6.019747050698213628e-03
9.272299999999999542e+00,-6.074814372738589555e-03
9.289300000000000779e+00,-6.128137883093493811e-03
9.306300000000000239e+00,-6.183987766598048226e-03
9.323600000000000776e+00,-6.240952954083873669e-03
9.340700000000000003e+00,-6.296206330600935021e-03
9.357699999999999463e+00,-6.354187567042128386e-03
9.374800000000000466e+00,-6.414200326420204344e-03
9.391999999999999460e+00,-6.471341889154711910e-03
9.409100000000000463e+00,-6.528425353143072971e-03
9.426199999999999690e+00,-6.591179232440769718e-03
9.443599999999999994e+00,-6.650057906734573726e-03
9.460800000000000765e+00,-6.710090451907426562e-03
9.477800000000000225e+00,-6.770145192819771417e-03
9.494799999999999685e+00,-6.833532622430220881e-03
9.512000000000000455e+00,-6.889357988890762279e-03
9.529099999999999682e+00,-6.953262144819068180e-03
9.546099999999999142e+00,-7.011012942438232982e-03
9.563200000000000145e+00,-7.068572995609755626e-03
9.580299999999999372e+00,-7.124228157663357874e-03
9.597400000000000375e+00,-7.184020935798918553e-03
9.614399999999999835e+00,-7.241528359410612063e-03
9.631500000000000838e+00,-7.292317032138531836e-03
9.648600000000000065e+00,-7.349138302293160840e-03
9.665800000000000836e+00,-7.400661615391808043e-03
9.682900000000000063e+00,-7.454798890154703747e-03
9.700300000000000367e+00,-7.511241931715089727e-03
9.717299999999999827e+00,-7.552586989045829632e-03
9.734400000000000830e+00,-7.600913683842311711e-03
9.751500000000000057e+00,-7.642770772852364690e-03
9.768599999999999284e+00,-7.683413514623841853e-03
9.785600000000000520e+00,-7.713758016423947518e-03
9.802799999999999514e+00,-7.742450060445638625e-03
9.819800000000000750e+00,-7.764842645805796091e-03
9.837199999999999278e+00,-7.774823223689527121e-03
9.854200000000000514e+00,-7.782242487033399700e-03
9.871199999999999974e+00,-7.782938808843793688e-03
9.888700000000000045e+00,-7.776603779151692805e-03
9.905599999999999739e+00,-7.757902230988886552e-03
9.922800000000000509e+00,-7.730907930418195149e-03
9.939799999999999969e+00,-7.701018037879183743e-03
9.957000000000000739e+00,-7.659879409092117467e-03
9.974000000000000199e+00,-7.631937859319351883e-03
9.991099999999999426e+00,-7.575758670975706564e-03
1.000810000000000066e+01,-7.523031305019955810e-03
1.002529999999999966e+01,-7.451380092916364342e-03
1.004219999999999935e+01,-7.377859355263581206e-03
1.005930000000000035e+01,-7.297134238899383174e-03
1.007670000000000066e+01,-7.202894055699980702e-03
1.009370000000000012e+01,-7.093985777747694940e-03
1.011079999999999934e+01,-6.999645084744991926e-03
1.012790000000000035e+01,-6.888039110548737146e-03
1.014540000000000042e+01,-6.774644957753616671e-03
1.016239999999999988e+01,-6.649379871427950166e-03
1.017950000000000088e+01,-6.506277547917248445e-03
1.019669999999999987e+01,-6.347643453963752909e-03
1.021369999999999933e+01,-6.154345463539321812e-03
1.023070000000000057e+01,-5.961176877760204253e-03
1.024779999999999980e+01,-5.745069810918033461e-03
1.026479999999999926e+01,-5.543475044401058316e-03
1.028190000000000026e+01,-5.357957202451912870e-03
1.029899999999999949e+01,-5.155892468304630778e-03
1.031630000000000003e+01,-4.966847288067249670e-03
1.033360000000000056e+01,-4.785800849027565043e-03
1.035069999999999979e+01,-4.618551481220602682e-03
1.036780000000000079e+01,-4.463711985340955944e-03
1.038490000000000002e+01,-4.314597492683039208e-03
1.040189999999999948e+01,-4.183108514035973127e-03
1.041900000000000048e+01,-4.046845410817837517e-03
1.043599999999999994e+01,-3.914868819801990349e-03
1.045299999999999940e+01,-3.772150363828676543e-03
1.047039999999999971e+01,-3.622179660167906129e-03
1.048750000000000071e+01,-3.467131193275686720e-03
1.050459999999999994e+01,-3.304920512054743912e-03
1.052210000000000001e+01,-3.145443517203284044e-03
1.053909999999999947e+01,-2.996208128030443223e-03
1.055620000000000047e+01,-2.854544153259237858e-03
1.057370000000000054e+01,-2.733030169748404143e-03
1.059079999999999977e+01,-2.625734850386428169e-03
1.060779999999999923e+01,-2.531861152213767466e-03
1.062480000000000047e+01,-2.437622569269011236e-03
1.064209999999999923e+01,-2.360374360464313065e-03
1.065910000000000046e+01,-2.282353276555119936e-03
1.067609999999999992e+01,-2.210753687909953590e-03
1.069319999999999915e+01,-2.140545137377305920e-03
1.071039999999999992e+01,-2.071187743196838214e-03
1.072749999999999915e+01,-2.008619941298642013e-03
1.074469999999999992e+01,-1.947997114260556668e-03
1.076200000000000045e+01,-1.891236649052242856e-03
1.077909999999999968e+01,-1.834849870942305197e-03
1.079620000000000068e+01,-1.778959219322237767e-03
1.081320000000000014e+01,-1.728294761992705706e-03
1.083039999999999914e+01,-1.672828583673474472e-03
1.084750000000000014e+01,-1.626848997287804821e-03
1.086449999999999960e+01,-1.583780344213506349e-03
1.088160000000000061e+01,-1.538736244060043192e-03
1.089869999999999983e+01,-1.495975774148538108e-03
1.091580000000000084e+01,-1.455881275083159608e-03
1.093280000000000030e+01,-1.417885123919636293e-03
1.094979999999999976e+01,-1.383181895686714721e-03
1.096710000000000029e+01,-1.344769620925589807e-03
1.098409999999999975e+01,-1.310772979007754618e-03
1.100000000000000000e+01,-1.280133059987227130e-03
