# B (T) heatmap y-axis
1.143999999999999950e+01
1.143460609545715911e+01
1.142921219091431695e+01
1.142381828637147478e+01
1.141842438182863617e+01
1.141303047728579401e+01
1.140763657274295539e+01
1.140224266820011323e+01
1.139684876365727106e+01
1.139145485911443245e+01
1.138606095457159029e+01
1.138066705002875167e+01
1.137527314548590951e+01
1.136987924094306734e+01
1.136448533640022873e+01
1.135909143185738657e+01
1.135369752731454795e+01
1.134830362277170579e+01
1.134290971822886362e+01
1.133751581368602501e+01
1.133212190914318285e+01
1.132672800460034424e+01
1.132133410005750207e+01
1.131594019551466346e+01
1.131054629097182129e+01
1.130515238642897913e+01
1.129975848188614052e+01
1.129436457734329835e+01
1.128897067280045974e+01
1.128357676825761757e+01
1.127818286371477541e+01
1.127278895917193680e+01
1.126739505462909463e+01
1.126200115008625602e+01
1.125660724554341385e+01
1.125121334100057169e+01
1.124581943645773308e+01
1.124042553191489091e+01
1.123503162737205230e+01
1.122963772282921013e+01
1.122424381828636797e+01
1.121884991374352936e+01
1.121345600920068719e+01
1.120806210465784858e+01
1.120266820011500641e+01
1.119727429557216780e+01
1.119188039102932564e+01
1.118648648648648347e+01
1.118109258194364486e+01
1.117569867740080269e+01
1.117030477285796408e+01
1.116491086831512192e+01
1.115951696377227975e+01
1.115412305922944114e+01
1.114872915468659897e+01
1.114333525014376036e+01
1.113794134560091820e+01
1.113254744105807603e+01
1.112715353651523742e+01
1.112175963197239525e+01
1.111636572742955664e+01
1.111097182288671448e+01
1.110557791834387231e+01
1.110018401380103370e+01
1.109479010925819153e+01
1.108939620471535292e+01
1.108400230017251076e+01
1.107860839562967215e+01
1.107321449108682998e+01
1.106782058654398782e+01
1.106242668200114920e+01
1.105703277745830704e+01
1.105163887291546843e+01
1.104624496837262626e+01
1.104085106382978410e+01
1.103545715928694548e+01
1.103006325474410332e+01
1.102466935020126471e+01
1.101927544565842254e+01
1.101388154111558038e+01
1.100848763657274176e+01
1.100309373202989960e+01
1.099769982748706099e+01
1.099230592294421882e+01
1.098691201840137666e+01
1.098151811385853804e+01
1.097612420931569588e+01
1.097073030477285727e+01
1.096533640023001510e+01
1.095994249568717649e+01
1.095454859114433432e+01
1.094915468660149216e+01
1.094376078205865355e+01
1.093836687751581138e+01
1.093297297297297277e+01
1.092757906843013060e+01
1.092218516388728844e+01
1.091679125934444983e+01
1.091139735480160766e+01
1.090600345025876905e+01
1.090060954571592688e+01
1.089521564117308472e+01
1.088982173663024611e+01
1.088442783208740394e+01
1.087903392754456533e+01
1.087364002300172316e+01
1.086824611845888100e+01
1.086285221391604239e+01
1.085745830937320022e+01
1.085206440483036161e+01
1.084667050028751945e+01
1.084127659574468083e+01
1.083588269120183867e+01
1.083048878665899650e+01
1.082509488211615789e+01
1.081970097757331573e+01
1.081430707303047711e+01
1.080891316848763495e+01
1.080351926394479278e+01
1.079812535940195417e+01
1.079273145485911201e+01
1.078733755031627339e+01
1.078194364577343123e+01
1.077654974123058906e+01
1.077115583668775045e+01
1.076576193214490829e+01
1.076036802760206967e+01
1.075497412305922751e+01
1.074958021851638534e+01
1.074418631397354673e+01
1.073879240943070457e+01
1.073339850488786595e+01
1.072800460034502379e+01
1.072261069580218162e+01
1.071721679125934301e+01
1.071182288671650085e+01
1.070642898217366223e+01
1.070103507763082007e+01
1.069564117308798146e+01
1.069024726854513929e+01
1.068485336400229713e+01
1.067945945945945851e+01
1.067406555491661635e+01
1.066867165037377774e+01
1.066327774583093557e+01
1.065788384128809341e+01
1.065248993674525479e+01
1.064709603220241263e+01
1.064170212765957402e+01
1.063630822311673185e+01
1.063091431857388969e+01
1.062552041403105108e+01
1.062012650948820891e+01
1.061473260494537030e+01
1.060933870040252813e+01
1.060394479585968597e+01
1.059855089131684736e+01
1.059315698677400519e+01
1.058776308223116658e+01
1.058236917768832441e+01
1.057697527314548580e+01
1.057158136860264364e+01
1.056618746405980147e+01
1.056079355951696286e+01
1.055539965497412069e+01
1.055000575043128208e+01
1.054461184588843992e+01
1.053921794134559775e+01
1.053382403680275914e+01
1.052843013225991697e+01
1.052303622771707836e+01
1.051764232317423620e+01
1.051224841863139403e+01
1.050685451408855542e+01
1.050146060954571325e+01
1.049606670500287464e+01
1.049067280046003248e+01
1.048527889591719031e+01
1.047988499137435170e+01
1.047449108683150953e+01
1.046909718228867092e+01
1.046370327774582876e+01
1.045830937320299014e+01
1.045291546866014798e+01
1.044752156411730581e+01
1.044212765957446720e+01
1.043673375503162504e+01
1.043133985048878642e+01
1.042594594594594426e+01
1.042055204140310209e+01
1.041515813686026348e+01
1.040976423231742132e+01
1.040437032777458271e+01
1.039897642323174054e+01
1.039358251868889838e+01
1.038818861414605976e+01
1.038279470960321760e+01
1.037740080506037899e+01
1.037200690051753682e+01
1.036661299597469466e+01
1.036121909143185604e+01
1.035582518688901388e+01
1.035043128234617527e+01
1.034503737780333310e+01
1.033964347326049449e+01
1.033424956871765232e+01
1.032885566417481016e+01
1.032346175963197155e+01
1.031806785508912938e+01
1.031267395054629077e+01
1.030728004600344860e+01
1.030188614146060644e+01
1.029649223691776783e+01
1.029109833237492566e+01
1.028570442783208705e+01
1.028031052328924488e+01
1.027491661874640272e+01
1.026952271420356411e+01
1.026412880966072194e+01
1.025873490511788333e+01
1.025334100057504116e+01
1.024794709603219900e+01
1.024255319148936039e+01
1.023715928694651822e+01
1.023176538240367961e+01
1.022637147786083744e+01
1.022097757331799883e+01
1.021558366877515667e+01
1.021018976423231450e+01
1.020479585968947589e+01
1.019940195514663372e+01
1.019400805060379511e+01
1.018861414606095295e+01
1.018322024151811078e+01
1.017782633697527217e+01
1.017243243243243001e+01
1.016703852788959139e+01
1.016164462334674923e+01
1.015625071880390706e+01
1.015085681426106845e+01
1.014546290971822629e+01
1.014006900517538767e+01
1.013467510063254551e+01
1.012928119608970334e+01
1.012388729154686473e+01
1.011849338700402257e+01
1.011309948246118395e+01
1.010770557791834179e+01
1.010231167337550318e+01
1.009691776883266101e+01
1.009152386428981885e+01
1.008612995974698023e+01
1.008073605520413807e+01
1.007534215066129946e+01
1.006994824611845729e+01
1.006455434157561513e+01
1.005916043703277651e+01
1.005376653248993435e+01
1.004837262794709396e+01
1.004297872340425357e+01
1.003758481886141318e+01
1.003219091431857279e+01
1.002679700977573063e+01
1.002140310523289202e+01
1.001600920069004985e+01
1.001061529614720946e+01
1.000522139160436907e+01
9.999827487061526909e+00
9.994433582518688297e+00
9.989039677975846132e+00
9.983645773433005743e+00
9.978251868890165355e+00
9.972857964347323190e+00
9.967464059804484577e+00
9.962070155261642412e+00
9.956676250718802024e+00
9.951282346175961635e+00
9.945888441633121246e+00
9.940494537090280858e+00
9.935100632547438693e+00
9.929706728004598304e+00
9.924312823461757915e+00
9.918918918918917527e+00
9.913525014376077138e+00
9.908131109833234973e+00
9.902737205290396361e+00
9.897343300747554196e+00
9.891949396204713807e+00
9.886555491661873418e+00
9.881161587119031253e+00
9.875767682576192641e+00
9.870373778033350476e+00
9.864979873490510087e+00
9.859585968947669699e+00
9.854192064404827534e+00
9.848798159861988921e+00
9.843404255319146756e+00
9.838010350776306367e+00
9.832616446233465979e+00
9.827222541690625590e+00
9.821828637147785201e+00
9.816434732604943036e+00
9.811040828062102648e+00
9.805646923519262259e+00
9.800253018976421870e+00
9.794859114433581482e+00
9.789465209890739317e+00
9.784071305347900704e+00
9.778677400805058539e+00
9.773283496262218151e+00
9.767889591719377762e+00
9.762495687176535597e+00
9.757101782633696985e+00
9.751707878090854820e+00
9.746313973548014431e+00
9.740920069005174042e+00
9.735526164462331877e+00
9.730132259919493265e+00
9.724738355376651100e+00
9.719344450833810711e+00
9.713950546290970323e+00
9.708556641748129934e+00
9.703162737205289545e+00
9.697768832662447380e+00
9.692374928119606992e+00
9.686981023576766603e+00
9.681587119033926214e+00
9.676193214491085826e+00
9.670799309948243661e+00
9.665405405405405048e+00
9.660011500862562883e+00
9.654617596319722495e+00
9.649223691776882106e+00
9.643829787234039941e+00
9.638435882691201328e+00
9.633041978148359163e+00
9.627648073605518775e+00
9.622254169062678386e+00
9.616860264519836221e+00
9.611466359976997609e+00
9.606072455434155444e+00
9.600678550891315055e+00
9.595284646348474666e+00
9.589890741805634278e+00
9.584496837262793889e+00
9.579102932719951724e+00
9.573709028177111335e+00
9.568315123634270947e+00
9.562921219091430558e+00
9.557527314548590169e+00
9.552133410005748004e+00
9.546739505462909392e+00
9.541345600920067227e+00
9.535951696377226838e+00
9.530557791834386450e+00
9.525163887291544285e+00
9.519769982748705672e+00
9.514376078205863507e+00
9.508982173663023119e+00
9.503588269120182730e+00
9.498194364577340565e+00
9.492800460034501953e+00
9.487406555491659788e+00
9.482012650948819399e+00
9.476618746405979010e+00
9.471224841863136845e+00
9.465830937320298233e+00
9.460437032777456068e+00
9.455043128234615679e+00
9.449649223691775290e+00
9.444255319148934902e+00
9.438861414606094513e+00
9.433467510063252348e+00
9.428073605520413736e+00
9.422679700977571571e+00
9.417285796434731182e+00
9.411891891891890793e+00
9.406497987349048628e+00
9.401104082806210016e+00
9.395710178263367851e+00
9.390316273720527462e+00
9.384922369177687074e+00
9.379528464634844909e+00
9.374134560092006296e+00
9.368740655549164131e+00
9.363346751006323743e+00
9.357952846463483354e+00
9.352558941920641189e+00
9.347165037377802577e+00
9.341771132834960412e+00
9.336377228292120023e+00
9.330983323749279634e+00
9.325589419206439246e+00
9.320195514663598857e+00
9.314801610120756692e+00
9.309407705577918080e+00
9.304013801035075915e+00
9.298619896492235526e+00
9.293225991949395137e+00
9.287832087406552972e+00
9.282438182863714360e+00
9.277044278320872195e+00
9.271650373778031806e+00
9.266256469235191418e+00
9.260862564692349252e+00
9.255468660149510640e+00
9.250074755606668475e+00
9.244680851063828086e+00
9.239286946520987698e+00
9.233893041978145533e+00
9.228499137435306920e+00
9.223105232892464755e+00
9.217711328349624367e+00
9.212317423806783978e+00
9.206923519263943589e+00
9.201529614721103201e+00
9.196135710178261036e+00
9.190741805635422423e+00
9.185347901092580258e+00
9.179953996549739870e+00
9.174560092006899481e+00
9.169166187464057316e+00
9.163772282921218704e+00
9.158378378378376539e+00
9.152984473835536150e+00
9.147590569292695761e+00
9.142196664749853596e+00
9.136802760207014984e+00
9.131408855664172819e+00
9.126014951121332430e+00
9.120621046578492042e+00
9.115227142035649877e+00
9.109833237492811264e+00
9.104439332949969099e+00
9.099045428407128711e+00
9.093651523864288322e+00
9.088257619321447933e+00
9.082863714778607545e+00
9.077469810235765380e+00
9.072075905692926767e+00
9.066682001150084602e+00
9.061288096607244213e+00
9.055894192064403825e+00
9.050500287521561660e+00
9.045106382978723047e+00
9.039712478435880882e+00
9.034318573893040494e+00
9.028924669350200105e+00
9.023530764807357940e+00
9.018136860264519328e+00
9.012742955721677163e+00
9.007349051178836774e+00
9.001955146635996385e+00
8.996561242093154220e+00
8.991167337550315608e+00
8.985773433007473443e+00
8.980379528464633054e+00
8.974985623921792666e+00
8.969591719378952277e+00
8.964197814836111888e+00
8.958803910293269723e+00
8.953410005750431111e+00
8.948016101207588946e+00
8.942622196664748557e+00
8.937228292121908169e+00
8.931834387579066004e+00
8.926440483036227391e+00
8.921046578493385226e+00
8.915652673950544838e+00
8.910258769407704449e+00
8.904864864864862284e+00
8.899470960322023672e+00
8.894077055779181507e+00
8.888683151236341118e+00
8.883289246693500729e+00
8.877895342150658564e+00
8.872501437607819952e+00
8.867107533064977787e+00
8.861713628522137398e+00
8.856319723979297009e+00
8.850925819436456621e+00
8.845531914893616232e+00
8.840138010350774067e+00
8.834744105807935455e+00
8.829350201265093290e+00
8.823956296722252901e+00
8.818562392179412512e+00
8.813168487636570347e+00
8.807774583093731735e+00
8.802380678550889570e+00
8.796986774008049181e+00
8.791592869465208793e+00
8.786198964922366628e+00
8.780805060379528015e+00
8.775411155836685850e+00
8.770017251293845462e+00
8.764623346751005073e+00
8.759229442208162908e+00
8.753835537665324296e+00
8.748441633122482131e+00
8.743047728579641742e+00
8.737653824036801353e+00
8.732259919493960965e+00
8.726866014951120576e+00
8.721472110408278411e+00
8.716078205865438022e+00
8.710684301322597634e+00
8.705290396779757245e+00
8.699896492236916856e+00
8.694502587694074691e+00
8.689108683151236079e+00
8.683714778608393914e+00
8.678320874065553525e+00
8.672926969522713136e+00
8.667533064979870971e+00
8.662139160437032359e+00
8.656745255894190194e+00
8.651351351351349805e+00
8.645957446808509417e+00
8.640563542265667252e+00
8.635169637722828639e+00
8.629775733179986474e+00
8.624381828637146086e+00
8.618987924094305697e+00
8.613594019551465308e+00
8.608200115008624920e+00
8.602806210465782755e+00
8.597412305922942366e+00
8.592018401380101977e+00
8.586624496837261589e+00
8.581230592294421200e+00
8.575836687751579035e+00
8.570442783208740423e+00
8.565048878665898258e+00
8.559654974123057869e+00
8.554261069580217480e+00
8.548867165037375315e+00
8.543473260494536703e+00
8.538079355951694538e+00
8.532685451408854149e+00
8.527291546866013761e+00
8.521897642323171596e+00
8.516503737780332983e+00
8.511109833237490818e+00
8.505715928694650430e+00
8.500322024151810041e+00
8.494928119608969652e+00
8.489534215066129264e+00
8.484140310523287098e+00
8.478746405980446710e+00
8.473352501437606321e+00
8.467958596894765932e+00
8.462564692351925544e+00
8.457170787809083379e+00
8.451776883266244766e+00
8.446382978723402601e+00
8.440989074180562213e+00
8.435595169637721824e+00
8.430201265094879659e+00
8.424807360552041047e+00
8.419413456009198882e+00
8.414019551466358493e+00
8.408625646923518104e+00
8.403231742380675939e+00
8.397837837837837327e+00
8.392443933294995162e+00
8.387050028752154773e+00
8.381656124209314385e+00
8.376262219666473996e+00
8.370868315123633607e+00
8.365474410580791442e+00
8.360080506037951054e+00
8.354686601495110665e+00
8.349292696952270276e+00
8.343898792409429888e+00
8.338504887866587723e+00
8.333110983323749110e+00
8.327717078780906945e+00
8.322323174238066557e+00
8.316929269695226168e+00
8.311535365152384003e+00
8.306141460609545391e+00
8.300747556066703225e+00
8.295353651523862837e+00
8.289959746981022448e+00
8.284565842438180283e+00
8.279171937895341671e+00
8.273778033352499506e+00
8.268384128809659117e+00
8.262990224266818728e+00
8.257596319723978340e+00
8.252202415181137951e+00
8.246808510638295786e+00
8.241414606095455397e+00
8.236020701552615009e+00
8.230626797009774620e+00
8.225232892466934231e+00
8.219838987924092066e+00
8.214445083381253454e+00
8.209051178838411289e+00
8.203657274295570900e+00
8.198263369752730512e+00
8.192869465209888347e+00
8.187475560667049734e+00
8.182081656124207569e+00
8.176687751581367181e+00
8.171293847038526792e+00
8.165899942495684627e+00
8.160506037952846015e+00
8.155112133410003850e+00
8.149718228867163461e+00
8.144324324324323072e+00
8.138930419781482684e+00
8.133536515238642295e+00
8.128142610695800130e+00
8.122748706152959741e+00
8.117354801610119353e+00
8.111960897067278964e+00
8.106566992524438575e+00
8.101173087981596410e+00
8.095779183438757798e+00
8.090385278895915633e+00
8.084991374353075244e+00
8.079597469810234855e+00
8.074203565267392690e+00
8.068809660724554078e+00
8.063415756181711913e+00
8.058021851638871524e+00
8.052627947096031136e+00
8.047234042553188971e+00
8.041840138010350358e+00
8.036446233467508193e+00
8.031052328924667805e+00
8.025658424381827416e+00
8.020264519838987027e+00
8.014870615296146639e+00
8.009476710753304474e+00
8.004082806210464085e+00
7.998688901667623696e+00
7.993294997124783308e+00
7.987901092581942031e+00
7.982507188039101642e+00
7.977113283496261253e+00
7.971719378953419977e+00
7.966325474410579588e+00
7.960931569867738311e+00
7.955537665324897922e+00
7.950143760782057534e+00
7.944749856239216257e+00
7.939355951696375868e+00
7.933962047153535480e+00
7.928568142610694203e+00
7.923174238067853814e+00
7.917780333525013425e+00
7.912386428982172148e+00
7.906992524439331760e+00
7.901598619896490483e+00
7.896204715353650094e+00
7.890810810810809706e+00
7.885416906267968429e+00
7.880023001725128040e+00
7.874629097182287651e+00
7.869235192639446375e+00
7.863841288096605986e+00
7.858447383553765597e+00
7.853053479010924320e+00
7.847659574468083932e+00
7.842265669925242655e+00
7.836871765382402266e+00
7.831477860839561878e+00
7.826083956296720601e+00
7.820690051753880212e+00
7.815296147211039823e+00
7.809902242668198546e+00
7.804508338125358158e+00
7.799114433582517769e+00
7.793720529039676492e+00
7.788326624496836104e+00
7.782932719953994827e+00
7.777538815411154438e+00
7.772144910868314049e+00
7.766751006325472773e+00
7.761357101782632384e+00
7.755963197239791995e+00
7.750569292696950718e+00
7.745175388154110330e+00
7.739781483611269941e+00
7.734387579068428664e+00
7.728993674525588276e+00
7.723599769982746999e+00
7.718205865439906610e+00
7.712811960897066221e+00
7.707418056354224944e+00
7.702024151811384556e+00
7.696630247268544167e+00
7.691236342725702890e+00
7.685842438182862502e+00
7.680448533640022113e+00
7.675054629097180836e+00
7.669660724554340447e+00
7.664266820011499171e+00
7.658872915468658782e+00
7.653479010925818393e+00
7.648085106382977116e+00
7.642691201840136728e+00
7.637297297297296339e+00
7.631903392754455062e+00
7.626509488211614674e+00
7.621115583668774285e+00
7.615721679125933008e+00
7.610327774583092619e+00
7.604933870040251342e+00
7.599539965497410954e+00
7.594146060954570565e+00
7.588752156411729288e+00
7.583358251868888900e+00
7.577964347326048511e+00
7.572570442783207234e+00
7.567176538240366845e+00
7.561782633697526457e+00
7.556388729154685180e+00
7.550994824611844791e+00
7.545600920069003514e+00
7.540207015526163126e+00
7.534813110983322737e+00
7.529419206440481460e+00
7.524025301897641071e+00
7.518631397354800683e+00
7.513237492811959406e+00
7.507843588269119017e+00
7.502449683726278629e+00
7.497055779183437352e+00
7.491661874640596963e+00
7.486267970097755686e+00
7.480874065554915298e+00
7.475480161012074909e+00
7.470086256469233632e+00
7.464692351926393243e+00
7.459298447383552855e+00
7.453904542840711578e+00
7.448510638297871189e+00
7.443116733755030801e+00
7.437722829212189524e+00
7.432328924669349135e+00
7.426935020126507858e+00
7.421541115583667469e+00
7.416147211040827081e+00
7.410753306497985804e+00
7.405359401955145415e+00
7.399965497412305027e+00
7.394571592869463750e+00
7.389177688326623361e+00
7.383783783783782972e+00
7.378389879240941696e+00
7.372995974698101307e+00
7.367602070155260030e+00
7.362208165612419641e+00
7.356814261069579253e+00
7.351420356526737976e+00
7.346026451983897587e+00
7.340632547441057199e+00
7.335238642898215922e+00
7.329844738355375533e+00
7.324450833812535144e+00
7.319056929269693867e+00
7.313663024726853479e+00
7.308269120184012202e+00
7.302875215641171813e+00
7.297481311098331425e+00
7.292087406555490148e+00
7.286693502012649759e+00
7.281299597469809370e+00
7.275905692926968094e+00
7.270511788384127705e+00
7.265117883841287316e+00
7.259723979298446039e+00
7.254330074755605651e+00
7.248936170212764374e+00
7.243542265669923985e+00
7.238148361127083597e+00
7.232754456584242320e+00
7.227360552041401931e+00
7.221966647498561542e+00
7.216572742955720265e+00
7.211178838412879877e+00
7.205784933870039488e+00
7.200391029327198211e+00
7.194997124784357823e+00
7.189603220241516546e+00
7.184209315698676157e+00
7.178815411155835768e+00
7.173421506612994492e+00
7.168027602070154103e+00
7.162633697527313714e+00
7.157239792984472437e+00
7.151845888441632049e+00
7.146451983898790772e+00
7.141058079355950383e+00
7.135664174813109994e+00
7.130270270270268718e+00
7.124876365727428329e+00
7.119482461184587940e+00
7.114088556641746663e+00
7.108694652098906275e+00
7.103300747556065886e+00
7.097906843013224609e+00
7.092512938470384221e+00
7.087119033927542944e+00
7.081725129384702555e+00
7.076331224841862166e+00
7.070937320299020890e+00
7.065543415756180501e+00
7.060149511213340112e+00
7.054755606670498835e+00
7.049361702127658447e+00
7.043967797584818058e+00
7.038573893041976781e+00
7.033179988499136392e+00
7.027786083956295116e+00
7.022392179413454727e+00
7.016998274870614338e+00
7.011604370327773061e+00
7.006210465784932673e+00
7.000816561242092284e+00
6.995422656699251007e+00
6.990028752156410619e+00
6.984634847613570230e+00
6.979240943070728953e+00
6.973847038527888564e+00
6.968453133985047288e+00
6.963059229442206899e+00
6.957665324899366510e+00
6.952271420356525233e+00
6.946877515813684845e+00
6.941483611270844456e+00
6.936089706728003179e+00
6.930695802185162790e+00
6.925301897642322402e+00
6.919907993099481125e+00
6.914514088556640736e+00
6.909120184013799459e+00
6.903726279470959071e+00
6.898332374928118682e+00
6.892938470385277405e+00
6.887544565842437017e+00
6.882150661299596628e+00
6.876756756756755351e+00
6.871362852213914962e+00
6.865968947671074574e+00
6.860575043128233297e+00
6.855181138585392908e+00
6.849787234042551631e+00
6.844393329499711243e+00
6.838999424956870854e+00
6.833605520414029577e+00
6.828211615871189188e+00
6.822817711328348800e+00
6.817423806785507523e+00
6.812029902242667134e+00
6.806635997699826746e+00
6.801242093156985469e+00
6.795848188614145080e+00
6.790454284071303803e+00
6.785060379528463415e+00
6.779666474985623026e+00
6.774272570442781749e+00
6.768878665899941360e+00
6.763484761357100972e+00
6.758090856814259695e+00
6.752696952271419306e+00
6.747303047728578917e+00
6.741909143185737641e+00
6.736515238642897252e+00
6.731121334100055975e+00
6.725727429557215586e+00
6.720333525014375198e+00
6.714939620471533921e+00
6.709545715928693532e+00
6.704151811385853144e+00
6.698757906843011867e+00
6.693364002300171478e+00
6.687970097757331089e+00
6.682576193214489813e+00
6.677182288671649424e+00
6.671788384128808147e+00
6.666394479585967758e+00
6.661000575043127370e+00
6.655606670500286093e+00
6.650212765957445704e+00
6.644818861414605315e+00
6.639424956871764039e+00
6.634031052328923650e+00
6.628637147786083261e+00
6.623243243243241984e+00
6.617849338700401596e+00
6.612455434157560319e+00
6.607061529614719930e+00
6.601667625071879542e+00
6.596273720529038265e+00
6.590879815986197876e+00
6.585485911443357487e+00
6.580092006900516211e+00
6.574698102357675822e+00
6.569304197814835433e+00
6.563910293271994156e+00
6.558516388729153768e+00
6.553122484186312491e+00
6.547728579643472102e+00
6.542334675100631713e+00
6.536940770557790437e+00
6.531546866014950048e+00
6.526152961472109659e+00
6.520759056929268382e+00
6.515365152386427994e+00
6.509971247843587605e+00
6.504577343300746328e+00
6.499183438757905940e+00
6.493789534215064663e+00
6.488395629672224274e+00
6.483001725129383885e+00
6.477607820586542609e+00
6.472213916043702220e+00
6.466820011500861831e+00
6.461426106958020554e+00
6.456032202415180166e+00
6.450638297872339777e+00
6.445244393329498500e+00
6.439850488786658111e+00
6.434456584243816835e+00
6.429062679700976446e+00
6.423668775158136057e+00
6.418274870615294780e+00
6.412880966072454392e+00
6.407487061529614003e+00
6.402093156986772726e+00
6.396699252443932338e+00
6.391305347901091061e+00
6.385911443358250672e+00
6.380517538815410283e+00
6.375123634272569006e+00
6.369729729729728618e+00
6.364335825186888229e+00
6.358941920644046952e+00
6.353548016101206564e+00
6.348154111558366175e+00
6.342760207015524898e+00
6.337366302472684509e+00
6.331972397929843233e+00
6.326578493387002844e+00
6.321184588844162455e+00
6.315790684301321178e+00
6.310396779758480790e+00
6.305002875215640401e+00
6.299608970672799124e+00
6.294215066129958736e+00
6.288821161587118347e+00
6.283427257044277070e+00
6.278033352501436681e+00
6.272639447958595404e+00
6.267245543415755016e+00
6.261851638872914627e+00
6.256457734330073350e+00
6.251063829787232962e+00
6.245669925244392573e+00
6.240276020701551296e+00
6.234882116158710907e+00
6.229488211615870519e+00
6.224094307073029242e+00
6.218700402530188853e+00
6.213306497987347576e+00
6.207912593444507188e+00
6.202518688901666799e+00
6.197124784358825522e+00
6.191730879815985134e+00
6.186336975273144745e+00
6.180943070730303468e+00
6.175549166187463079e+00
6.170155261644622691e+00
6.164761357101781414e+00
6.159367452558941025e+00
6.153973548016099748e+00
6.148579643473259360e+00
6.143185738930418971e+00
6.137791834387577694e+00
6.132397929844737305e+00
6.127004025301896917e+00
6.121610120759055640e+00
6.116216216216215251e+00
6.110822311673374863e+00
6.105428407130533586e+00
6.100034502587693197e+00
6.094640598044851920e+00
6.089246693502011532e+00
6.083852788959171143e+00
6.078458884416329866e+00
6.073064979873489477e+00
6.067671075330649089e+00
6.062277170787807812e+00
6.056883266244967423e+00
6.051489361702126146e+00
6.046095457159285758e+00
6.040701552616445369e+00
6.035307648073604980e+00
6.029913743530763703e+00
6.024519838987922427e+00
6.019125934445082038e+00
6.013732029902241649e+00
6.008338125359401261e+00
6.002944220816560872e+00
5.997550316273719595e+00
5.992156411730878318e+00
5.986762507188037929e+00
5.981368602645197541e+00
5.975974698102357152e+00
5.970580793559515875e+00
5.965186889016674598e+00
5.959792984473834210e+00
5.954399079930993821e+00
5.949005175388153432e+00
5.943611270845313044e+00
5.938217366302471767e+00
5.932823461759630490e+00
5.927429557216790101e+00
5.922035652673949713e+00
5.916641748131109324e+00
5.911247843588268047e+00
5.905853939045426770e+00
5.900460034502586382e+00
5.895066129959745993e+00
5.889672225416905604e+00
5.884278320874065216e+00
5.878884416331223939e+00
5.873490511788382662e+00
5.868096607245542273e+00
5.862702702702701885e+00
5.857308798159861496e+00
5.851914893617020219e+00
5.846520989074178942e+00
5.841127084531338554e+00
5.835733179988498165e+00
5.830339275445657776e+00
5.824945370902817388e+00
5.819551466359976111e+00
5.814157561817134834e+00
5.808763657274294445e+00
5.803369752731454057e+00
5.797975848188613668e+00
5.792581943645772391e+00
5.787188039102931114e+00
5.781794134560090725e+00
5.776400230017250337e+00
5.771006325474409948e+00
5.765612420931568671e+00
5.760218516388728283e+00
5.754824611845887006e+00
5.749430707303046617e+00
5.744036802760206228e+00
5.738642898217365840e+00
5.733248993674524563e+00
5.727855089131683286e+00
5.722461184588842897e+00
5.717067280046002509e+00
5.711673375503162120e+00
5.706279470960320843e+00
5.700885566417480455e+00
5.695491661874639178e+00
5.690097757331798789e+00
5.684703852788958400e+00
5.679309948246118012e+00
5.673916043703276735e+00
5.668522139160435458e+00
5.663128234617595069e+00
5.657734330074754681e+00
5.652340425531914292e+00
5.646946520989073015e+00
5.641552616446232626e+00
5.636158711903391350e+00
5.630764807360550961e+00
5.625370902817710572e+00
5.619976998274870184e+00
5.614583093732028907e+00
5.609189189189187630e+00
5.603795284646347241e+00
5.598401380103506852e+00
5.593007475560666464e+00
5.587613571017825187e+00
5.582219666474984798e+00
5.576825761932143521e+00
5.571431857389303133e+00
5.566037952846462744e+00
5.560644048303622355e+00
5.555250143760781079e+00
5.549856239217939802e+00
5.544462334675099413e+00
5.539068430132259024e+00
5.533674525589418636e+00
5.528280621046577359e+00
5.522886716503736970e+00
5.517492811960895693e+00
5.512098907418055305e+00
5.506705002875214916e+00
5.501311098332374527e+00
5.495917193789533250e+00
5.490523289246691974e+00
5.485129384703851585e+00
5.479735480161011196e+00
5.474341575618170808e+00
5.468947671075329531e+00
5.463553766532489142e+00
5.458159861989647865e+00
5.452765957446807477e+00
5.447372052903967088e+00
5.441978148361126699e+00
5.436584243818285422e+00
5.431190339275444146e+00
5.425796434732603757e+00
5.420402530189763368e+00
5.415008625646922980e+00
5.409614721104081703e+00
5.404220816561241314e+00
5.398826912018400037e+00
5.393433007475559648e+00
5.388039102932719260e+00
5.382645198389878871e+00
5.377251293847037594e+00
5.371857389304196317e+00
5.366463484761355929e+00
5.361069580218515540e+00
5.355675675675675151e+00
5.350281771132833875e+00
5.344887866589993486e+00
5.339493962047152209e+00
5.334100057504311820e+00
5.328706152961471432e+00
5.323312248418631043e+00
5.317918343875789766e+00
5.312524439332948489e+00
5.307130534790108101e+00
5.301736630247267712e+00
5.296342725704427323e+00
5.290948821161586046e+00
5.285554916618745658e+00
5.280161012075904381e+00
5.274767107533063992e+00
5.269373202990223604e+00
5.263979298447383215e+00
5.258585393904541938e+00
5.253191489361700661e+00
5.247797584818860273e+00
5.242403680276019884e+00
5.237009775733179495e+00
5.231615871190338218e+00
5.226221966647497830e+00
5.220828062104656553e+00
5.215434157561816164e+00
5.210040253018975775e+00
5.204646348476135387e+00
5.199252443933294110e+00
5.193858539390452833e+00
5.188464634847612444e+00
5.183070730304772056e+00
5.177676825761931667e+00
5.172282921219090390e+00
5.166889016676250002e+00
5.161495112133408725e+00
5.156101207590568336e+00
5.150707303047727947e+00
5.145313398504887559e+00
5.139919493962046282e+00
5.134525589419205005e+00
5.129131684876364616e+00
5.123737780333524228e+00
5.118343875790683839e+00
5.112949971247842562e+00
5.107556066705002173e+00
5.102162162162160897e+00
5.096768257619320508e+00
5.091374353076480119e+00
5.085980448533639731e+00
5.080586543990798454e+00
5.075192639447957177e+00
5.069798734905116788e+00
5.064404830362276400e+00
5.059010925819436011e+00
5.053617021276594734e+00
5.048223116733754345e+00
5.042829212190913069e+00
5.037435307648072680e+00
5.032041403105232291e+00
5.026647498562391903e+00
5.021253594019550626e+00
5.015859689476709349e+00
5.010465784933868960e+00
5.005071880391028571e+00
4.999677975848188183e+00
4.994284071305346906e+00
4.988890166762506517e+00
4.983496262219665240e+00
4.978102357676824852e+00
4.972708453133984463e+00
4.967314548591144074e+00
4.961920644048302798e+00
4.956526739505461521e+00
4.951132834962621132e+00
4.945738930419780743e+00
4.940345025876940355e+00
4.934951121334099078e+00
4.929557216791258689e+00
4.924163312248417412e+00
4.918769407705577024e+00
4.913375503162736635e+00
4.907981598619896246e+00
4.902587694077054969e+00
4.897193789534213693e+00
4.891799884991373304e+00
4.886405980448532915e+00
4.881012075905692527e+00
4.875618171362851250e+00
4.870224266820010861e+00
4.864830362277169584e+00
4.859436457734329196e+00
4.854042553191488807e+00
4.848648648648648418e+00
4.843254744105807141e+00
4.837860839562965865e+00
4.832466935020125476e+00
4.827073030477285087e+00
4.821679125934444698e+00
4.816285221391603422e+00
4.810891316848763033e+00
4.805497412305921756e+00
4.800103507763081367e+00
4.794709603220240979e+00
4.789315698677400590e+00
4.783921794134559313e+00
4.778527889591718036e+00
4.773133985048877648e+00
4.767740080506037259e+00
4.762346175963196870e+00
4.756952271420355594e+00
4.751558366877515205e+00
4.746164462334673928e+00
4.740770557791833539e+00
4.735376653248993151e+00
4.729982748706152762e+00
4.724588844163311485e+00
4.719194939620470208e+00
4.713801035077629820e+00
4.708407130534789431e+00
4.703013225991949042e+00
4.697619321449107765e+00
4.692225416906267377e+00
4.686831512363426100e+00
4.681437607820585711e+00
4.676043703277745323e+00
4.670649798734904934e+00
4.665255894192063657e+00
4.659861989649222380e+00
4.654468085106381992e+00
4.649074180563541603e+00
4.643680276020701214e+00
4.638286371477859937e+00
4.632892466935019549e+00
4.627498562392178272e+00
4.622104657849337883e+00
4.616710753306497494e+00
4.611316848763657106e+00
4.605922944220815829e+00
4.600529039677974552e+00
4.595135135135134163e+00
4.589741230592293775e+00
4.584347326049453386e+00
4.578953421506612109e+00
4.573559516963770832e+00
4.568165612420930444e+00
4.562771707878090055e+00
4.557377803335249666e+00
4.551983898792409278e+00
4.546589994249568001e+00
4.541196089706726724e+00
4.535802185163886335e+00
4.530408280621045947e+00
4.525014376078205558e+00
4.519620471535364281e+00
4.514226566992523004e+00
4.508832662449682616e+00
4.503438757906842227e+00
4.498044853364001838e+00
4.492650948821161450e+00
4.487257044278320173e+00
4.481863139735478896e+00
4.476469235192638507e+00
4.471075330649798119e+00
4.465681426106957730e+00
4.460287521564116453e+00
4.454893617021275176e+00
4.449499712478434787e+00
4.444105807935594399e+00
4.438711903392754010e+00
4.433317998849913621e+00
4.427924094307072345e+00
4.422530189764231068e+00
4.417136285221390679e+00
4.411742380678550290e+00
4.406348476135709902e+00
4.400954571592868625e+00
4.395560667050027348e+00
4.390166762507186959e+00
4.384772857964346571e+00
4.379378953421506182e+00
4.373985048878665793e+00
4.368591144335824517e+00
4.363197239792983240e+00
4.357803335250142851e+00
4.352409430707302462e+00
4.347015526164462074e+00
4.341621621621620797e+00
4.336227717078779520e+00
4.330833812535939131e+00
4.325439907993098743e+00
4.320046003450258354e+00
4.314652098907417965e+00
4.309258194364576688e+00
4.303864289821735412e+00
4.298470385278895023e+00
4.293076480736054634e+00
4.287682576193214246e+00
4.282288671650372969e+00
4.276894767107531692e+00
4.271500862564691303e+00
4.266106958021850915e+00
4.260713053479010526e+00
4.255319148936170137e+00
4.249925244393328860e+00
4.244531339850487583e+00
4.239137435307647195e+00
4.233743530764806806e+00
4.228349626221966417e+00
4.222955721679125141e+00
4.217561817136283864e+00
4.212167912593443475e+00
4.206774008050603086e+00
4.201380103507762698e+00
4.195986198964921421e+00
4.190592294422081032e+00
4.185198389879239755e+00
4.179804485336399367e+00
4.174410580793558978e+00
4.169016676250718589e+00
4.163622771707877313e+00
4.158228867165036036e+00
4.152834962622195647e+00
4.147441058079355258e+00
4.142047153536514870e+00
4.136653248993673593e+00
4.131259344450833204e+00
4.125865439907991927e+00
4.120471535365151539e+00
4.115077630822311150e+00
4.109683726279470761e+00
4.104289821736629484e+00
4.098895917193788208e+00
4.093502012650947819e+00
4.088108108108107430e+00
4.082714203565267042e+00
4.077320299022425765e+00
4.071926394479585376e+00
4.066532489936744099e+00
4.061138585393903710e+00
4.055744680851063322e+00
4.050350776308222933e+00
4.044956871765381656e+00
4.039562967222541268e+00
4.034169062679699991e+00
4.028775158136859602e+00
4.023381253594019213e+00
4.017987349051177937e+00
4.012593444508337548e+00
4.007199539965496271e+00
4.001805635422655882e+00
3.996411730879815494e+00
3.991017826336974661e+00
3.985623921794133828e+00
3.980230017251293440e+00
3.974836112708452163e+00
3.969442208165611774e+00
3.964048303622770941e+00
3.958654399079930108e+00
3.953260494537089720e+00
3.947866589994248887e+00
3.942472685451408054e+00
3.937078780908567666e+00
3.931684876365726833e+00
3.926290971822886000e+00
3.920897067280045611e+00
3.915503162737204335e+00
3.910109258194363946e+00
3.904715353651523113e+00
3.899321449108682280e+00
3.893927544565841892e+00
3.888533640023001059e+00
3.883139735480160226e+00
3.877745830937319838e+00
3.872351926394479005e+00
3.866958021851638172e+00
3.861564117308797783e+00
3.856170212765956506e+00
3.850776308223116118e+00
3.845382403680275285e+00
3.839988499137434452e+00
3.834594594594594064e+00
3.829200690051753231e+00
3.823806785508912398e+00
3.818412880966072009e+00
3.813018976423231177e+00
3.807625071880390344e+00
3.802231167337549955e+00
3.796837262794708678e+00
3.791443358251868290e+00
3.786049453709027457e+00
3.780655549166186624e+00
3.775261644623346236e+00
3.769867740080505403e+00
3.764473835537664570e+00
3.759079930994824181e+00
3.753686026451983349e+00
3.748292121909142516e+00
3.742898217366302127e+00
3.737504312823460850e+00
3.732110408280620462e+00
3.726716503737779629e+00
3.721322599194938796e+00
3.715928694652098407e+00
3.710534790109257575e+00
3.705140885566416742e+00
3.699746981023576353e+00
3.694353076480735076e+00
3.688959171937894688e+00
3.683565267395054299e+00
3.678171362852213022e+00
3.672777458309372633e+00
3.667383553766531801e+00
3.661989649223690968e+00
3.656595744680850579e+00
3.651201840138009747e+00
3.645807935595168914e+00
3.640414031052328525e+00
3.635020126509487248e+00
3.629626221966646860e+00
3.624232317423806471e+00
3.618838412880965194e+00
3.613444508338124805e+00
3.608050603795283973e+00
3.602656699252443140e+00
3.597262794709602751e+00
3.591868890166761918e+00
3.586474985623921086e+00
3.581081081081080697e+00
3.575687176538239420e+00
3.570293271995399031e+00
3.564899367452558643e+00
3.559505462909717366e+00
3.554111558366876977e+00
3.548717653824036145e+00
3.543323749281195312e+00
3.537929844738354923e+00
3.532535940195514090e+00
3.527142035652673258e+00
3.521748131109832869e+00
3.516354226566991592e+00
3.510960322024151203e+00
3.505566417481310371e+00
3.500172512938469538e+00
3.494778608395629149e+00
3.489384703852788316e+00
3.483990799309947484e+00
3.478596894767107095e+00
3.473202990224266262e+00
3.467809085681425429e+00
3.462415181138585041e+00
3.457021276595743764e+00
3.451627372052903375e+00
3.446233467510062543e+00
3.440839562967221710e+00
3.435445658424381321e+00
3.430051753881540488e+00
3.424657849338699656e+00
3.419263944795859267e+00
3.413870040253018434e+00
3.408476135710177601e+00
3.403082231167337213e+00
3.397688326624495936e+00
3.392294422081655547e+00
3.386900517538814714e+00
3.381506612995973882e+00
3.376112708453133493e+00
3.370718803910292660e+00
3.365324899367451827e+00
3.359930994824611439e+00
3.354537090281770606e+00
3.349143185738929773e+00
3.343749281196089385e+00
3.338355376653248108e+00
3.332961472110407719e+00
3.327567567567566886e+00
3.322173663024726054e+00
3.316779758481885665e+00
3.311385853939044832e+00
3.305991949396203999e+00
3.300598044853363611e+00
3.295204140310522778e+00
3.289810235767681945e+00
3.284416331224841556e+00
3.279022426682000280e+00
3.273628522139159891e+00
3.268234617596319058e+00
3.262840713053478225e+00
3.257446808510637837e+00
3.252052903967797004e+00
3.246658999424956171e+00
3.241265094882115783e+00
3.235871190339274950e+00
3.230477285796434117e+00
3.225083381253593728e+00
3.219689476710752452e+00
3.214295572167912063e+00
3.208901667625071230e+00
3.203507763082230397e+00
3.198113858539390009e+00
3.192719953996549176e+00
3.187326049453708343e+00
3.181932144910867954e+00
3.176538240368027122e+00
3.171144335825186289e+00
3.165750431282345900e+00
3.160356526739504623e+00
3.154962622196664235e+00
3.149568717653823402e+00
3.144174813110982569e+00
3.138780908568142181e+00
3.133387004025301348e+00
3.127993099482460515e+00
3.122599194939620126e+00
3.117205290396779294e+00
3.111811385853938461e+00
3.106417481311098072e+00
3.101023576768256795e+00
3.095629672225416407e+00
3.090235767682575574e+00
3.084841863139734741e+00
3.079447958596894352e+00
3.074054054054053520e+00
3.068660149511212687e+00
3.063266244968372298e+00
3.057872340425531466e+00
3.052478435882690633e+00
3.047084531339849800e+00
3.041690626797008967e+00
3.036296722254168579e+00
3.030902817711327746e+00
3.025508913168486913e+00
3.020115008625646524e+00
3.014721104082805692e+00
3.009327199539964859e+00
3.003933294997124470e+00
2.998539390454283637e+00
2.993145485911442805e+00
2.987751581368601972e+00
2.982357676825761139e+00
2.976963772282920750e+00
2.971569867740079918e+00
2.966175963197239085e+00
2.960782058654398696e+00
2.955388154111557864e+00
2.949994249568717031e+00
2.944600345025876642e+00
2.939206440483035809e+00
2.933812535940194977e+00
2.928418631397354144e+00
2.923024726854513311e+00
2.917630822311672922e+00
2.912236917768832090e+00
2.906843013225991257e+00
2.901449108683150868e+00
2.896055204140310035e+00
2.890661299597469203e+00
2.885267395054628814e+00
2.879873490511787981e+00
2.874479585968947148e+00
2.869085681426106316e+00
2.863691776883265483e+00
2.858297872340425094e+00
2.852903967797584261e+00
2.847510063254743429e+00
2.842116158711903040e+00
2.836722254169062207e+00
2.831328349626221375e+00
2.825934445083380986e+00
2.820540540540540153e+00
2.815146635997699320e+00
2.809752731454858488e+00
2.804358826912017655e+00
2.798964922369177266e+00
2.793571017826336433e+00
2.788177113283495601e+00
2.782783208740655212e+00
2.777389304197814379e+00
2.771995399654973546e+00
2.766601495112133158e+00
2.761207590569292325e+00
2.755813686026451492e+00
2.750419781483610659e+00
2.745025876940769827e+00
2.739631972397929438e+00
2.734238067855088605e+00
2.728844163312247773e+00
2.723450258769407384e+00
2.718056354226566551e+00
2.712662449683725718e+00
2.707268545140885330e+00
2.701874640598044497e+00
2.696480736055203664e+00
2.691086831512362831e+00
2.685692926969521999e+00
2.680299022426681610e+00
2.674905117883840777e+00
2.669511213340999944e+00
2.664117308798159556e+00
2.658723404255318723e+00
2.653329499712477890e+00
2.647935595169637502e+00
2.642541690626796669e+00
2.637147786083955836e+00
2.631753881541115003e+00
2.626359976998274171e+00
2.620966072455433782e+00
2.615572167912592949e+00
2.610178263369752116e+00
2.604784358826911728e+00
2.599390454284070895e+00
2.593996549741230062e+00
2.588602645198389673e+00
2.583208740655548841e+00
2.577814836112708008e+00
2.572420931569867175e+00
2.567027027027026342e+00
2.561633122484185954e+00
2.556239217941345121e+00
2.550845313398504288e+00
2.545451408855663900e+00
2.540057504312823067e+00
2.534663599769982234e+00
2.529269695227141401e+00
2.523875790684301013e+00
2.518481886141460180e+00
2.513087981598619347e+00
2.507694077055778514e+00
2.502300172512938126e+00
2.496906267970097293e+00
2.491512363427256460e+00
2.486118458884416071e+00
2.480724554341575239e+00
2.475330649798734406e+00
2.469936745255893573e+00
2.464542840713053184e+00
2.459148936170212352e+00
2.453755031627371519e+00
2.448361127084530686e+00
2.442967222541690298e+00
2.437573317998849465e+00
2.432179413456008632e+00
2.426785508913168243e+00
2.421391604370327411e+00
2.415997699827486578e+00
2.410603795284645745e+00
2.405209890741805356e+00
2.399815986198964524e+00
2.394422081656123691e+00
2.389028177113282858e+00
2.383634272570442469e+00
2.378240368027601637e+00
2.372846463484760804e+00
2.367452558941920415e+00
2.362058654399079582e+00
2.356664749856238750e+00
2.351270845313397917e+00
2.345876940770557528e+00
2.340483036227716696e+00
2.335089131684875863e+00
2.329695227142035030e+00
2.324301322599194641e+00
2.318907418056353809e+00
2.313513513513512976e+00
2.308119608970672587e+00
2.302725704427831754e+00
2.297331799884990922e+00
2.291937895342150089e+00
2.286543990799309700e+00
2.281150086256468867e+00
2.275756181713628035e+00
2.270362277170787202e+00
2.264968372627946813e+00
2.259574468085105980e+00
2.254180563542265148e+00
2.248786658999424759e+00
2.243392754456583926e+00
2.237998849913743094e+00
2.232604945370902261e+00
2.227211040828061872e+00
2.221817136285221039e+00
2.216423231742380207e+00
2.211029327199539374e+00
2.205635422656698985e+00
2.200241518113858152e+00
2.194847613571017320e+00
2.189453709028176931e+00
2.184059804485336098e+00
2.178665899942495265e+00
2.173271995399654433e+00
2.167878090856814044e+00
2.162484186313973211e+00
2.157090281771132378e+00
2.151696377228291546e+00
2.146302472685451157e+00
2.140908568142610324e+00
2.135514663599769491e+00
2.130120759056928659e+00
2.124726854514088270e+00
2.119332949971247437e+00
2.113939045428406605e+00
2.108545140885566216e+00
2.103151236342725383e+00
2.097757331799884550e+00
2.092363427257043718e+00
2.086969522714203329e+00
2.081575618171362496e+00
2.076181713628521663e+00
2.070787809085680831e+00
2.065393904542840442e+00
2.059999999999999609e+00
1.939999999999999947e+00
1.934582132564841350e+00
1.929164265129682976e+00
1.923746397694524379e+00
1.918328530259366005e+00
1.912910662824207408e+00
1.907492795389048812e+00
1.902074927953890437e+00
1.896657060518731841e+00
1.891239193083573467e+00
1.885821325648414870e+00
1.880403458213256496e+00
1.874985590778097899e+00
1.869567723342939303e+00
1.864149855907780928e+00
1.858731988472622332e+00
1.853314121037463957e+00
1.847896253602305361e+00
1.842478386167146986e+00
1.837060518731988390e+00
1.831642651296829793e+00
1.826224783861671419e+00
1.820806916426512823e+00
1.815389048991354448e+00
1.809971181556195852e+00
1.804553314121037477e+00
1.799135446685878881e+00
1.793717579250720284e+00
1.788299711815561910e+00
1.782881844380403313e+00
1.777463976945244939e+00
1.772046109510086342e+00
1.766628242074927968e+00
1.761210374639769372e+00
1.755792507204610997e+00
1.750374639769452401e+00
1.744956772334293804e+00
1.739538904899135430e+00
1.734121037463976833e+00
1.728703170028818459e+00
1.723285302593659862e+00
1.717867435158501488e+00
1.712449567723342891e+00
1.707031700288184295e+00
1.701613832853025920e+00
1.696195965417867324e+00
1.690778097982708950e+00
1.685360230547550353e+00
1.679942363112391979e+00
1.674524495677233382e+00
1.669106628242074786e+00
1.663688760806916411e+00
1.658270893371757815e+00
1.652853025936599440e+00
1.647435158501440844e+00
1.642017291066282469e+00
1.636599423631123873e+00
1.631181556195965277e+00
1.625763688760806902e+00
1.620345821325648306e+00
1.614927953890489931e+00
1.609510086455331335e+00
1.604092219020172960e+00
1.598674351585014364e+00
1.593256484149855767e+00
1.587838616714697393e+00
1.582420749279538796e+00
1.577002881844380422e+00
1.571585014409221825e+00
1.566167146974063451e+00
1.560749279538904855e+00
1.555331412103746258e+00
1.549913544668587884e+00
1.544495677233429287e+00
1.539077809798270913e+00
1.533659942363112316e+00
1.528242074927953942e+00
1.522824207492795345e+00
1.517406340057636749e+00
1.511988472622478374e+00
1.506570605187319778e+00
1.501152737752161404e+00
1.495734870317002807e+00
1.490317002881844433e+00
1.484899135446685836e+00
1.479481268011527240e+00
1.474063400576368865e+00
1.468645533141210269e+00
1.463227665706051894e+00
1.457809798270893298e+00
1.452391930835734923e+00
1.446974063400576327e+00
1.441556195965417730e+00
1.436138328530259356e+00
1.430720461095100760e+00
1.425302593659942385e+00
1.419884726224783789e+00
1.414466858789625414e+00
1.409048991354466818e+00
1.403631123919308221e+00
1.398213256484149847e+00
1.392795389048991250e+00
1.387377521613832876e+00
1.381959654178674279e+00
1.376541786743515905e+00
1.371123919308357308e+00
1.365706051873198712e+00
1.360288184438040338e+00
1.354870317002881741e+00
1.349452449567723367e+00
1.344034582132564770e+00
1.338616714697406396e+00
1.333198847262247799e+00
1.327780979827089203e+00
1.322363112391930828e+00
1.316945244956772232e+00
1.311527377521613857e+00
1.306109510086455261e+00
1.300691642651296887e+00
1.295273775216138290e+00
1.289855907780979694e+00
1.284438040345821319e+00
1.279020172910662723e+00
1.273602305475504348e+00
1.268184438040345752e+00
1.262766570605187377e+00
1.257348703170028781e+00
1.251930835734870184e+00
1.246512968299711810e+00
1.241095100864553213e+00
1.235677233429394839e+00
1.230259365994236243e+00
1.224841498559077868e+00
1.219423631123919272e+00
1.214005763688760675e+00
1.208587896253602301e+00
1.203170028818443704e+00
1.197752161383285330e+00
1.192334293948126733e+00
1.186916426512968359e+00
1.181498559077809762e+00
1.176080691642651166e+00
1.170662824207492791e+00
1.165244956772334195e+00
1.159827089337175821e+00
1.154409221902017224e+00
1.148991354466858850e+00
1.143573487031700253e+00
1.138155619596541657e+00
1.132737752161383282e+00
1.127319884726224686e+00
1.121902017291066311e+00
1.116484149855907715e+00
1.111066282420749340e+00
1.105648414985590744e+00
1.100230547550432370e+00
1.094812680115273773e+00
1.089394812680115177e+00
1.083976945244956802e+00
1.078559077809798206e+00
1.073141210374639831e+00
1.067723342939481235e+00
1.062305475504322860e+00
1.056887608069164264e+00
1.051469740634005667e+00
1.046051873198847293e+00
1.040634005763688696e+00
1.035216138328530100e+00
1.029798270893371726e+00
1.024380403458213129e+00
1.018962536023054755e+00
1.013544668587896158e+00
1.008126801152737784e+00
1.002708933717579187e+00
9.972910662824207018e-01
9.918731988472622163e-01
9.864553314121037308e-01
9.810374639769452454e-01
9.756195965417867599e-01
9.702017291066282745e-01
9.647838616714696780e-01
9.593659942363111925e-01
9.539481268011527071e-01
9.485302593659942216e-01
9.431123919308357362e-01
9.376945244956772507e-01
9.322766570605187653e-01
9.268587896253601688e-01
9.214409221902016833e-01
9.160230547550431979e-01
9.106051873198847124e-01
9.051873198847262270e-01
8.997694524495677415e-01
8.943515850144092560e-01
8.889337175792507706e-01
8.835158501440921741e-01
8.780979827089336887e-01
8.726801152737752032e-01
8.672622478386167177e-01
8.618443804034582323e-01
8.564265129682997468e-01
8.510086455331412614e-01
8.455907780979826649e-01
8.401729106628241794e-01
8.347550432276656940e-01
8.293371757925072085e-01
8.239193083573487231e-01
8.185014409221902376e-01
8.130835734870317522e-01
8.076657060518731557e-01
8.022478386167146702e-01
7.968299711815561848e-01
7.914121037463976993e-01
7.859942363112392139e-01
7.805763688760807284e-01
7.751585014409222429e-01
7.697406340057636465e-01
7.643227665706051610e-01
7.589048991354466756e-01
7.534870317002881901e-01
7.480691642651297046e-01
7.426512968299712192e-01
7.372334293948127337e-01
7.318155619596541372e-01
7.263976945244956518e-01
7.209798270893371663e-01
7.155619596541786809e-01
7.101440922190201954e-01
7.047262247838617100e-01
6.993083573487032245e-01
6.938904899135446280e-01
6.884726224783861426e-01
6.830547550432276571e-01
6.776368876080691717e-01
6.722190201729106862e-01
6.668011527377522007e-01
6.613832853025937153e-01
6.559654178674351188e-01
6.505475504322766334e-01
6.451296829971181479e-01
6.397118155619596624e-01
6.342939481268011770e-01
6.288760806916426915e-01
6.234582132564842061e-01
6.180403458213256096e-01
6.126224783861671241e-01
6.072046109510086387e-01
6.017867435158501532e-01
5.963688760806916678e-01
5.909510086455331823e-01
5.855331412103746969e-01
5.801152737752162114e-01
5.746974063400576149e-01
5.692795389048991295e-01
5.638616714697406440e-01
5.584438040345821586e-01
5.530259365994236731e-01
5.476080691642650766e-01
5.421902017291065912e-01
5.367723342939481057e-01
5.313544668587896203e-01
5.259365994236311348e-01
5.205187319884726493e-01
5.151008645533141639e-01
5.096829971181555674e-01
5.042651296829970820e-01
4.988472622478385965e-01
4.934293948126800555e-01
4.880115273775215701e-01
4.825936599423630846e-01
4.771757925072045992e-01
4.717579250720460582e-01
4.663400576368875727e-01
4.609221902017290873e-01
4.555043227665706018e-01
4.500864553314120609e-01
4.446685878962535754e-01
4.392507204610950899e-01
4.338328530259365490e-01
4.284149855907780635e-01
4.229971181556195781e-01
4.175792507204610926e-01
4.121613832853025516e-01
4.067435158501440662e-01
4.013256484149855807e-01
3.959077809798270398e-01
3.904899135446685543e-01
3.850720461095100688e-01
3.796541786743515834e-01
3.742363112391930424e-01
3.688184438040345570e-01
3.634005763688760715e-01
3.579827089337175305e-01
3.525648414985590451e-01
3.471469740634005596e-01
3.417291066282420742e-01
3.363112391930835332e-01
3.308933717579250477e-01
3.254755043227665623e-01
3.200576368876080768e-01
3.146397694524495359e-01
3.092219020172910504e-01
3.038040345821325650e-01
2.983861671469740795e-01
2.929682997118155385e-01
2.875504322766570531e-01
2.821325648414985676e-01
2.767146974063400267e-01
2.712968299711815412e-01
2.658789625360230557e-01
2.604610951008645703e-01
2.550432276657060293e-01
2.496253602305475439e-01
2.442074927953890306e-01
2.387896253602305452e-01
2.333717579250720320e-01
2.279538904899135188e-01
2.225360230547550333e-01
2.171181556195965201e-01
2.117002881844380346e-01
2.062824207492795214e-01
2.008645533141210360e-01
1.954466858789625228e-01
1.900288184438040373e-01
1.846109510086455241e-01
1.791930835734870386e-01
1.737752161383285254e-01
1.683573487031700122e-01
1.629394812680115268e-01
1.575216138328530135e-01
1.521037463976945281e-01
1.466858789625360149e-01
1.412680115273775294e-01
1.358501440922190162e-01
1.304322766570605308e-01
1.250144092219020175e-01
1.195965417867435182e-01
1.141786743515850189e-01
1.087608069164265057e-01
1.033429394812680202e-01
9.792507204610950700e-02
9.250720461095102154e-02
8.708933717579250833e-02
8.167146974063400899e-02
7.625360230547550966e-02
7.083573487031701033e-02
6.541786743515851099e-02
6.000000000000000472e-02
