# B (T), A_asym/A_sym
7.000000000000000666e-02,4.117926227828298813e-03
1.254854368932039055e-01,2.043129983763334462e-02
1.809708737864077766e-01,-1.245169409191008124e-02
2.364563106796116476e-01,5.717547212217699917e-03
2.919417475728155464e-01,5.459183749774151884e-03
3.474271844660194453e-01,-3.998400365980016302e-03
4.029126213592232886e-01,5.356067587374909074e-03
4.583980582524271874e-01,1.434420975890505871e-02
5.138834951456310307e-01,-7.376218612902179020e-03
5.693689320388349850e-01,8.940565217733467684e-03
6.248543689320389394e-01,3.987439515153338998e-03
6.803398058252427827e-01,7.504903972910792996e-04
7.358252427184466260e-01,1.548665656954756331e-02
7.913106796116504693e-01,-7.916623029677017590e-04
8.467961165048543126e-01,2.184384456308867905e-04
9.022815533980583780e-01,7.139288844499363379e-03
9.577669902912622213e-01,4.200726702805190026e-03
1.013252427184466065e+00,1.853025978666558021e-02
1.068737864077669908e+00,9.863596932853822483e-03
1.124223300970873973e+00,1.421049068078194047e-02
1.179708737864077817e+00,-2.161364444921139681e-03
1.235194174757281660e+00,1.547926334357360018e-02
1.290679611650485503e+00,-6.310365913931018610e-03
1.346165048543689347e+00,-5.111710097835025883e-03
1.401650485436893190e+00,1.915828577850488268e-02
1.457135922330097255e+00,1.276112980484630025e-02
1.512621359223301098e+00,1.341672929758466314e-03
1.568106796116504942e+00,8.811542576912429620e-03
1.623592233009708785e+00,-3.150896191995370809e-03
1.679077669902912628e+00,5.007070807734464134e-03
1.734563106796116694e+00,7.262294905778972527e-03
1.790048543689320537e+00,1.728714597166113032e-02
1.845533980582524380e+00,1.716063022738908636e-02
1.901019417475728224e+00,1.819967804024306968e-02
1.956504854368932067e+00,-3.745833038014628399e-03
2.011990291262136132e+00,-3.302730286283473305e-03
2.067475728155339976e+00,-3.430263970404710816e-03
2.122961165048543375e+00,5.384546086908604048e-03
2.178446601941747662e+00,1.392634092430364637e-02
2.233932038834951506e+00,1.783279953729671741e-02
2.289417475728155349e+00,1.192380635159007163e-02
2.344902912621359192e+00,1.797044316566277430e-02
2.400388349514563036e+00,1.488642128005250413e-02
2.455873786407766879e+00,1.564200619540623630e-02
2.511359223300970722e+00,7.771991582293699165e-03
2.566844660194174566e+00,1.240836017637785178e-02
2.622330097087378409e+00,1.964392138167739624e-02
2.677815533980582252e+00,6.156932302343772791e-03
2.733300970873786095e+00,1.003138267780414802e-02
2.788786407766990383e+00,1.480968965126129751e-02
2.844271844660194226e+00,1.917773805078176047e-02
2.899757281553398069e+00,1.388364902550455297e-02
2.955242718446601913e+00,4.677500654690786193e-03
3.010728155339805756e+00,1.082328556975271569e-02
3.066213592233009599e+00,8.174774321911805475e-03
3.121699029126213443e+00,4.432053803790239263e-03
3.177184466019417286e+00,1.362918102205886751e-02
3.232669902912621129e+00,6.937931035340611993e-03
3.288155339805824973e+00,9.365882839158177695e-03
3.343640776699029260e+00,2.368770171213302814e-02
3.399126213592233103e+00,2.712680153962269969e-02
3.454611650485436947e+00,2.098646114217085634e-02
3.510097087378640790e+00,1.075308723084647533e-02
3.565582524271844633e+00,2.063078938244124541e-02
3.621067961165048477e+00,1.490970888653299353e-02
3.676553398058252320e+00,1.476522561428919057e-02
3.732038834951456163e+00,1.805402830186396065e-02
3.787524271844660007e+00,2.455223051645932450e-02
3.843009708737863850e+00,2.209170492290720572e-02
3.898495145631067693e+00,7.487871672839942726e-03
3.953980582524271981e+00,1.263842651363314244e-02
4.009466019417476268e+00,7.461546886226578558e-03
4.064951456310679667e+00,5.507703771777278448e-03
4.120436893203883955e+00,1.272530586322407481e-02
4.175922330097087354e+00,-3.832566566047803714e-04
4.231407766990291641e+00,3.339038434867594961e-03
4.286893203883495929e+00,1.019088395574933512e-02
4.342378640776699328e+00,2.090183812776477690e-02
4.397864077669903615e+00,2.095764911552013693e-02
4.453349514563107014e+00,1.141399696566663957e-02
4.508834951456311302e+00,1.854480472115626818e-02
4.564320388349514701e+00,2.933897316167364752e-02
4.619805825242718988e+00,2.547443388642421647e-02
4.675291262135922388e+00,1.442025656518292065e-02
4.730776699029126675e+00,1.113538256924783386e-02
4.786262135922330074e+00,2.132716823837317588e-02
4.841747572815534362e+00,3.094955092964343443e-02
4.897233009708738649e+00,3.101402749814174617e-02
4.952718446601942048e+00,1.455524619790425286e-02
5.008203883495146336e+00,3.104836731584665124e-02
5.063689320388349735e+00,3.330351024224870171e-02
5.119174757281554022e+00,1.349672812074360038e-02
5.174660194174757422e+00,1.345081200906594193e-02
5.230145631067961709e+00,2.009244241095953579e-02
5.285631067961165108e+00,1.588588222838589054e-02
5.341116504854369396e+00,2.759401789839746252e-02
5.396601941747572795e+00,2.086410396963198077e-02
5.452087378640777082e+00,2.633453741146936020e-02
5.507572815533981370e+00,3.623793701912944587e-02
5.563058252427184769e+00,1.515860981175565225e-02
5.618543689320389056e+00,1.081814359499286109e-02
5.674029126213592455e+00,6.408451957917713805e-03
5.729514563106796743e+00,2.700705367770984966e-02
5.785000000000000142e+00,3.408193879720445435e-02
5.840485436893204430e+00,2.029219513202136158e-02
5.895970873786407829e+00,2.734802286036362717e-02
5.951456310679612116e+00,2.299688665617605557e-02
6.006941747572816404e+00,2.696908263567204464e-02
6.062427184466019803e+00,3.557240931504092318e-02
6.117912621359224090e+00,2.996306265610805888e-02
6.173398058252427489e+00,2.652889911754298044e-02
6.228883495145631777e+00,1.878081486211708243e-02
6.284368932038835176e+00,2.473108108260773513e-02
6.339854368932039463e+00,1.787376888481096923e-02
6.395339805825242863e+00,3.473302920289159101e-02
6.450825242718447150e+00,4.623507103032027665e-02
6.506310679611650549e+00,3.170755295746654351e-02
6.561796116504854837e+00,3.259670529474324036e-02
6.617281553398059124e+00,2.354211687810942033e-02
6.672766990291262523e+00,3.145656290359488683e-02
6.728252427184466811e+00,3.517326749363473143e-02
6.783737864077670210e+00,2.994206453665460704e-02
6.839223300970874497e+00,2.197253167440568408e-02
6.894708737864077897e+00,3.879327173929256189e-02
6.950194174757282184e+00,4.517776977487619056e-02
7.005679611650485583e+00,2.995986648246807410e-02
7.061165048543689871e+00,3.081989770963853778e-02
7.116650485436893270e+00,2.644186856427295854e-02
7.172135922330097557e+00,2.172493891813054648e-02
7.227621359223301845e+00,4.450325158649066914e-02
7.283106796116505244e+00,4.754109106136379659e-02
7.338592233009709531e+00,5.016660243138598707e-02
7.394077669902912930e+00,4.821439804024635345e-02
7.449563106796117218e+00,4.681212956693080879e-02
7.505048543689320617e+00,4.335836174982064806e-02
7.560533980582524904e+00,4.902218187965102364e-02
7.616019417475728304e+00,4.517630894347097331e-02
7.671504854368932591e+00,4.861348874372598688e-02
7.726990291262135990e+00,4.279065771295716136e-02
7.782475728155340278e+00,2.724781343855756446e-02
7.837961165048544565e+00,3.372602568775814186e-02
7.893446601941747964e+00,3.468585749909808280e-02
7.948932038834952252e+00,6.607272808325398428e-02
8.004417475728155651e+00,6.086459022225506471e-02
8.059902912621359050e+00,5.464936042418394591e-02
8.115388349514564226e+00,5.291043609276278176e-02
8.170873786407767625e+00,5.294530628585024379e-02
8.226359223300971024e+00,6.035240643861711218e-02
8.281844660194174423e+00,7.293361955921150164e-02
8.337330097087379599e+00,5.734030605111800627e-02
8.392815533980582998e+00,5.121205138042848187e-02
8.448300970873786397e+00,6.765323083074674393e-02
8.503786407766991573e+00,6.840168465900883787e-02
8.559271844660194972e+00,6.020499977200280406e-02
8.614757281553398371e+00,5.356580410461258407e-02
8.670242718446601771e+00,5.481558277322524236e-02
8.725728155339806946e+00,7.455872729320014991e-02
8.781213592233010345e+00,6.257225630831862728e-02
8.836699029126213745e+00,6.579129018121074313e-02
8.892184466019417144e+00,7.783878853018579014e-02
8.947669902912622319e+00,7.537424645078126539e-02
9.003155339805825719e+00,8.542104115464116409e-02
9.058640776699029118e+00,7.534121692669720760e-02
9.114126213592234294e+00,7.330199143341065149e-02
9.169611650485437693e+00,9.188045334469696623e-02
9.225097087378641092e+00,9.231226183381230355e-02
9.280582524271844491e+00,8.260524107930966586e-02
9.336067961165049667e+00,8.148425748749932307e-02
9.391553398058253066e+00,7.426628850698140105e-02
9.447038834951456465e+00,6.721146900742723529e-02
9.502524271844659864e+00,6.727506689574509757e-02
9.558009708737865040e+00,8.683216299122918647e-02
9.613495145631068439e+00,1.040847170225451396e-01
9.668980582524271838e+00,1.014360110210917737e-01
9.724466019417477014e+00,1.065563406165132149e-01
9.779951456310680413e+00,1.160955811558659345e-01
9.835436893203883812e+00,1.086039770828008399e-01
9.890922330097087212e+00,9.253403536574175692e-02
9.946407766990292387e+00,1.141912662234098458e-01
1.000189320388349579e+01,1.204058027126852504e-01
1.005737864077669919e+01,1.087136740333297102e-01
1.011286407766990258e+01,9.933931864999495653e-02
1.016834951456310776e+01,1.198498108845697935e-01
1.022383495145631116e+01,1.247955544117640286e-01
1.027932038834951456e+01,1.194504885469861583e-01
1.033480582524271973e+01,1.317504990784045815e-01
1.039029126213592313e+01,1.285727023677696590e-01
1.044577669902912653e+01,1.207855311106369456e-01
1.050126213592232993e+01,1.360216183339723328e-01
1.055674757281553511e+01,1.275842553465246776e-01
1.061223300970873851e+01,1.464412936163719259e-01
1.066771844660194191e+01,1.577527901947373690e-01
1.072320388349514531e+01,1.629613128245737397e-01
1.077868932038835048e+01,1.239642790441131542e-01
1.083417475728155388e+01,1.386927681639265053e-01
1.088966019417475728e+01,1.578062667834821409e-01
1.094514563106796246e+01,1.538697838215769553e-01
1.100063106796116585e+01,1.614357118441059058e-01
1.105611650485436925e+01,1.642886740307176185e-01
1.111160194174757265e+01,1.563038685275479345e-01
1.116708737864077783e+01,1.493324339186229976e-01
1.122257281553398123e+01,1.748192502663509229e-01
1.127805825242718463e+01,1.606640372948550111e-01
1.133354368932038980e+01,1.679158483672362756e-01
1.138902912621359320e+01,1.640754306909772975e-01
1.144451456310679660e+01,1.654912853905940451e-01
1.150000000000000000e+01,1.646254662665865565e-01
