# B (T), Viscosity (1e-5 Pa*s)
1.500000000000000222e-01,0.000000000000000000e+00
1.570256073539067765e-01,0.000000000000000000e+00
1.640512147078135585e-01,0.000000000000000000e+00
1.710768220617203128e-01,0.000000000000000000e+00
1.781024294156270671e-01,0.000000000000000000e+00
1.851280367695338214e-01,0.000000000000000000e+00
1.921536441234406034e-01,0.000000000000000000e+00
1.991792514773473577e-01,0.000000000000000000e+00
2.062048588312541120e-01,0.000000000000000000e+00
2.132304661851608940e-01,0.000000000000000000e+00
2.202560735390676483e-01,0.000000000000000000e+00
2.272816808929744026e-01,0.000000000000000000e+00
2.343072882468811846e-01,0.000000000000000000e+00
2.413328956007879111e-01,0.000000000000000000e+00
2.483585029546946932e-01,0.000000000000000000e+00
2.553841103086014197e-01,0.000000000000000000e+00
2.624097176625082017e-01,0.000000000000000000e+00
2.694353250164149838e-01,0.000000000000000000e+00
2.764609323703217658e-01,0.000000000000000000e+00
2.834865397242284923e-01,0.000000000000000000e+00
2.905121470781352744e-01,0.000000000000000000e+00
2.975377544320420009e-01,0.000000000000000000e+00
3.045633617859487829e-01,0.000000000000000000e+00
3.115889691398555650e-01,0.000000000000000000e+00
3.186145764937623470e-01,0.000000000000000000e+00
3.256401838476690735e-01,0.000000000000000000e+00
3.326657912015758001e-01,0.000000000000000000e+00
3.396913985554825821e-01,0.000000000000000000e+00
3.467170059093893641e-01,0.000000000000000000e+00
3.537426132632961462e-01,0.000000000000000000e+00
3.607682206172028727e-01,0.000000000000000000e+00
3.677938279711096548e-01,0.000000000000000000e+00
3.748194353250163813e-01,0.000000000000000000e+00
3.818450426789231633e-01,0.000000000000000000e+00
3.888706500328299454e-01,0.000000000000000000e+00
3.958962573867367274e-01,0.000000000000000000e+00
4.029218647406434539e-01,0.000000000000000000e+00
4.099474720945502360e-01,0.000000000000000000e+00
4.169730794484569625e-01,3.264979391816070792e-03
4.239986868023637445e-01,-3.728632695927599355e-02
4.310242941562705266e-01,-7.783763331036805400e-02
4.380499015101772531e-01,-8.281528838017931937e-02
4.450755088640840351e-01,-9.105792284180666551e-02
4.521011162179908172e-01,-5.105068224680783112e-02
4.591267235718975437e-01,-1.104344165180898632e-02
4.661523309258043257e-01,-6.609852338090932249e-03
4.731779382797110522e-01,-2.176263024372877743e-03
4.802035456336178343e-01,-2.176263024372877743e-03
4.872291529875246163e-01,-2.176263024372877743e-03
4.942547603414313429e-01,-2.176263024372877743e-03
5.012803676953381249e-01,-2.176263024372877743e-03
5.083059750492449069e-01,-2.001320160611911366e-03
5.153315824031516890e-01,-1.826377296850944772e-03
5.223571897570584710e-01,1.060695379393220786e-03
5.293827971109652530e-01,-1.315384751637472920e-02
5.364084044648719241e-01,-7.838724151689492603e-04
5.434340118187787061e-01,-4.057927313704810801e-02
5.504596191726854881e-01,-2.622228474585117097e-02
5.574852265265921591e-01,-3.002355759186804696e-02
5.645108338804989412e-01,-3.044527930669471347e-02
5.715364412344057232e-01,1.997678498401311148e-02
5.785620485883125053e-01,-9.479123414173390785e-03
5.855876559422192873e-01,3.258898174353633270e-02
5.926132632961260693e-01,1.157257329557775938e-02
5.996388706500328514e-01,-8.122245334830358043e-03
6.066644780039396334e-01,2.581980814612779354e-02
6.136900853578463044e-01,1.081298940952545549e-02
6.207156927117530865e-01,2.279304676282735767e-02
6.277413000656598685e-01,6.618755468255282937e-02
6.347669074195665395e-01,7.481619994270223561e-02
6.417925147734733216e-01,3.828614056860109999e-02
6.488181221273801036e-01,7.714706718339145106e-03
6.558437294812868856e-01,-5.427117769834640532e-02
6.628693368351936677e-01,-8.059577105476450898e-02
6.698949441891004497e-01,-5.901783085708937199e-02
6.769205515430072317e-01,-1.615645679458948408e-02
6.839461588969139028e-01,2.509095545584311918e-03
6.909717662508206848e-01,2.290355342325367527e-02
6.979973736047274668e-01,2.297975631079114678e-02
7.050229809586342489e-01,1.772525333503871927e-03
7.120485883125410309e-01,2.772271860727257287e-02
7.190741956664477019e-01,8.775702279177878540e-03
7.260998030203544840e-01,2.191634756969514444e-02
7.331254103742612660e-01,3.696601460177533632e-02
7.401510177281680480e-01,-8.656765519928803429e-03
7.471766250820748301e-01,-3.665759329566019298e-02
7.542022324359816121e-01,-6.142290287857822551e-02
7.612278397898882831e-01,-8.522964763969796687e-02
7.682534471437950652e-01,-4.977179100041460164e-02
7.752790544977018472e-01,-2.317139677238864298e-02
7.823046618516086292e-01,-4.629999870150219334e-03
7.893302692055154113e-01,1.796971434419114208e-02
7.963558765594220823e-01,9.433871653141405467e-03
8.033814839133288643e-01,3.782996343021548507e-03
8.104070912672356464e-01,1.127100088443245152e-03
8.174326986211424284e-01,-3.305158367644493722e-03
8.244583059750492104e-01,-1.949329553461679604e-02
8.314839133289559925e-01,4.963292369783073310e-03
8.385095206828626635e-01,-1.192251592100539333e-02
8.455351280367694455e-01,-3.395786588574856851e-02
8.525607353906762276e-01,-3.144997564642248999e-02
8.595863427445830096e-01,-6.930262100829144567e-02
8.666119500984897916e-01,-6.168330477409897372e-02
8.736375574523964627e-01,-4.630679684720939021e-02
8.806631648063032447e-01,-3.413585028346204781e-02
8.876887721602100267e-01,-2.224909318989184287e-02
8.947143795141168088e-01,-1.449190149719474692e-02
9.017399868680235908e-01,-1.449190149719474692e-02
9.087655942219303729e-01,-1.449190149719474692e-02
9.157912015758370439e-01,-1.449190149719474692e-02
9.228168089297438259e-01,-1.449190149719474692e-02
9.298424162836506079e-01,-1.449190149719474692e-02
9.368680236375573900e-01,-1.449190149719474692e-02
9.438936309914641720e-01,-7.188551390038500034e-04
9.509192383453709541e-01,7.381731114927985414e-03
9.579448456992776251e-01,1.848156102136646467e-02
9.649704530531844071e-01,2.553645347887176925e-02
9.719960604070911891e-01,1.392770599307890586e-02
9.790216677609979712e-01,7.991418611545101150e-03
9.860472751149047532e-01,-9.441124224953466402e-04
9.930728824688114242e-01,-5.834706007602617588e-03
1.000098489822718317e+00,-5.834706007602617588e-03
1.007124097176625099e+00,-1.634112894292232346e-03
1.014149704530531881e+00,-1.612155296559581244e-02
1.021175311884438663e+00,-2.493708528086434340e-02
1.028200919238345445e+00,-3.375261759613287782e-02
1.035226526592252005e+00,-3.830384720068218812e-02
1.042252133946158787e+00,7.399113098977203734e-03
1.049277741300065570e+00,7.017640767830331250e-02
1.056303348653972352e+00,1.304498443579875100e-01
1.063328956007879134e+00,1.415239654172763817e-01
1.070354563361785694e+00,9.794431223217429927e-02
1.077380170715692476e+00,6.975500339138916706e-02
1.084405778069599258e+00,4.976778492447678920e-02
1.091431385423506040e+00,4.935406048512454985e-02
1.098456992777412822e+00,9.064226355687655945e-02
1.105482600131319604e+00,9.427939464053401719e-02
1.112508207485226386e+00,9.901548760309492048e-02
1.119533814839133168e+00,1.231529115883772396e-01
1.126559422193039950e+00,1.494756638067417376e-01
1.133585029546946732e+00,1.441563934839295291e-01
1.140610636900853514e+00,1.234719403280448297e-01
1.147636244254760296e+00,9.055152155818271820e-02
1.154661851608667078e+00,4.492373376674017177e-02
1.161687458962573860e+00,4.375578597538377218e-02
1.168713066316480642e+00,6.819295568000498242e-02
1.175738673670387424e+00,6.447511956584639492e-02
1.182764281024294206e+00,6.875997061029313906e-02
1.189789888378200988e+00,6.831820025164599131e-02
1.196815495732107770e+00,6.549891820118751429e-02
1.203841103086014552e+00,1.211068606884457416e-01
1.210866710439920890e+00,1.489054441048637267e-01
1.217892317793827672e+00,1.512099591322529635e-01
1.224917925147734454e+00,1.319280282261142134e-01
1.231943532501641236e+00,6.445469111689410002e-02
1.238969139855548018e+00,3.066480051251156344e-02
1.245994747209454800e+00,2.687691453591035604e-02
1.253020354563361582e+00,2.872927072955612504e-02
1.260045961917268365e+00,3.866167749937732268e-02
1.267071569271175147e+00,4.057190012938222123e-02
1.274097176625081929e+00,2.100067474726382416e-02
1.281122783978988711e+00,2.895502374906248292e-03
1.288148391332895493e+00,7.050015390075260735e-02
1.295173998686802275e+00,9.164811719909797538e-02
1.302199606040709057e+00,1.398223086133327797e-01
1.309225213394615839e+00,1.578320634235688968e-01
1.316250820748522621e+00,8.208412751065355395e-02
1.323276428102429403e+00,7.064056910925009536e-02
1.330302035456336185e+00,1.074961412722432244e-02
1.337327642810242967e+00,-1.915637082151062584e-02
1.344353250164149749e+00,-1.717979167726748843e-02
1.351378857518056531e+00,-3.133454623370509479e-02
1.358404464871963313e+00,-3.484565840358506278e-02
1.365430072225869651e+00,-3.835677057346501689e-02
1.372455679579776433e+00,-2.805518324264336463e-02
1.379481286933683215e+00,-1.679496364832736661e-03
1.386506894287589997e+00,3.727961389072279030e-02
1.393532501641496779e+00,3.591605280121548671e-02
1.400558108995403561e+00,3.941748339633732029e-02
1.407583716349310343e+00,-6.247634746528878819e-03
1.414609323703217125e+00,-2.470497407610930396e-02
1.421634931057123907e+00,-1.218792439894697544e-02
1.428660538411030689e+00,-1.512452344220305105e-02
1.435686145764937471e+00,-6.318885283863774497e-04
1.442711753118844253e+00,-6.756128401794098126e-03
1.449737360472751035e+00,-3.532085936881750043e-03
1.456762967826657817e+00,4.345555359737061397e-03
1.463788575180564600e+00,-1.490055696856442714e-02
1.470814182534471382e+00,-3.414666929686591829e-02
1.477839789888378164e+00,-1.542696326298899703e-02
1.484865397242284946e+00,-5.194509632451227432e-02
1.491891004596191728e+00,-3.017294281623082719e-02
1.498916611950098510e+00,-1.475856889775841591e-02
1.505942219304005292e+00,-3.731001334146441528e-02
1.512967826657912074e+00,8.752059453079445023e-03
1.519993434011818412e+00,3.152132239472108660e-02
1.527019041365725194e+00,1.574116253283740219e-02
1.534044648719631976e+00,6.161078723533768009e-03
1.541070256073538758e+00,5.868424541107767223e-04
1.548095863427445540e+00,-5.266626074702723120e-02
1.555121470781352322e+00,-6.101216155483088488e-02
1.562147078135259104e+00,-7.555813841521459573e-02
1.569172685489165886e+00,-1.001121340885505751e-01
1.576198292843072668e+00,-8.270426657696854089e-02
1.583223900196979450e+00,-3.755665846517404483e-02
1.590249507550886232e+00,-2.734040589979792532e-02
1.597275114904793014e+00,1.961417867422420719e-02
1.604300722258699796e+00,3.022214419826642004e-02
1.611326329612606578e+00,2.429796936488751516e-02
1.618351936966513360e+00,4.012408613195303508e-02
1.625377544320420142e+00,2.940191773224015009e-02
1.632403151674326924e+00,5.988638379468001760e-02
1.639428759028233706e+00,5.808382350303890884e-02
1.646454366382140488e+00,9.305290578088572240e-02
1.653479973736047270e+00,1.178641781792089810e-01
1.660505581089954052e+00,1.168374388488441079e-01
1.667531188443860835e+00,1.222168945869554907e-01
1.674556795797767617e+00,9.109774733322847928e-02
1.681582403151673955e+00,5.964036797118001110e-02
1.688608010505580737e+00,3.159573485764378270e-02
1.695633617859487519e+00,3.101756870842882485e-02
1.702659225213394301e+00,1.871515972060859220e-02
1.709684832567301083e+00,1.684429493294070657e-02
1.716710439921207865e+00,3.176398769888948148e-02
1.723736047275114647e+00,3.072503205715830868e-02
1.730761654629021429e+00,3.800535603108649851e-02
1.737787261982928211e+00,3.215120753680614923e-02
1.744812869336834993e+00,3.073171868130691181e-02
1.751838476690741775e+00,4.865240548106040258e-02
1.758864084044648557e+00,6.385299876557049004e-02
1.765889691398555339e+00,5.283079785670653783e-02
1.772915298752462121e+00,3.599191047826264672e-02
1.779940906106368903e+00,2.978259930738084288e-03
1.786966513460275685e+00,-1.100230951027272343e-02
1.793992120814182467e+00,-1.100230951027272343e-02
1.801017728168089249e+00,-1.100230951027272343e-02
1.808043335521996031e+00,-1.100230951027272343e-02
1.815068942875902813e+00,-1.100230951027272343e-02
1.822094550229809595e+00,-1.100230951027272343e-02
1.829120157583716377e+00,-1.100230951027272343e-02
1.836145764937622715e+00,-1.100230951027272343e-02
1.843171372291529497e+00,-7.812838963836520045e-03
1.850196979645436279e+00,8.384756485082151684e-03
1.857222586999343061e+00,2.421121628440514248e-02
1.864248194353249843e+00,3.823930784574720854e-02
1.871273801707156625e+00,4.497980154207705666e-02
1.878299409061063407e+00,3.829675488709008424e-02
1.885325016414970190e+00,4.425336620037256113e-02
1.892350623768876972e+00,5.906222509888740813e-02
1.899376231122783754e+00,6.210728545646478777e-02
1.906401838476690536e+00,7.719497154856048982e-02
1.913427445830597318e+00,7.837643139622152422e-02
1.920453053184504100e+00,3.687141590235803318e-02
1.927478660538410882e+00,1.122832626800802577e-02
1.934504267892317664e+00,-4.685254052541628841e-03
1.941529875246224446e+00,-2.525627652738152498e-03
1.948555482600131228e+00,4.307121466910220769e-02
1.955581089954038010e+00,9.305396484835250226e-02
1.962606697307944792e+00,9.073133034857043533e-02
1.969632304661851574e+00,6.544226800342411998e-02
1.976657912015758356e+00,3.234858573051402342e-02
1.983683519369665138e+00,1.728354426550574724e-02
1.990709126723571476e+00,2.515729933863247725e-02
1.997734734077478258e+00,1.662486822031260941e-02
2.004760341431385040e+00,4.580702586313075558e-02
2.011785948785291822e+00,4.934808995898477824e-02
2.018811556139198604e+00,2.484659037831865938e-02
2.025837163493105386e+00,2.328220203987112907e-02
2.032862770847012168e+00,-3.880319957263041967e-03
2.039888378200918950e+00,-7.943221903693309729e-03
2.046913985554825732e+00,-9.875466155309625682e-03
2.053939592908732514e+00,-2.000621733711439431e-03
2.060965200262639296e+00,-6.242232414564616479e-03
2.067990807616546078e+00,-3.035691826446934583e-02
2.075016414970452860e+00,-6.421616062205462785e-03
2.082042022324359642e+00,5.896853216241519646e-02
2.089067629678266425e+00,6.371469354548157937e-02
2.096093237032173207e+00,7.536676332109605581e-02
2.103118844386079989e+00,1.158918213000949826e-01
2.110144451739986771e+00,1.266615760558759685e-01
2.117170059093893553e+00,1.582435689967237880e-01
2.124195666447800335e+00,1.470645943688201895e-01
2.131221273801707117e+00,9.756667880578760721e-02
2.138246881155613899e+00,1.420959570593223649e-02
2.145272488509520237e+00,1.892505876166570775e-02
2.152298095863427019e+00,2.985679197219824957e-02
2.159323703217333801e+00,2.739466992270336507e-02
2.166349310571240583e+00,4.079716815595833129e-02
2.173374917925147365e+00,4.730207925206786346e-02
2.180400525279054147e+00,4.805196646573473701e-02
2.187426132632960929e+00,3.238530673060132509e-02
2.194451739986867711e+00,5.876352643601296527e-02
2.201477347340774493e+00,-1.222954781363993961e-03
2.208502954694681275e+00,-2.581562309489403989e-02
2.215528562048588057e+00,-1.905430964254149068e-02
2.222554169402494839e+00,-2.857964586732455667e-02
2.229579776756401621e+00,-3.179036667774945424e-02
2.236605384110308403e+00,-1.521790253993526507e-02
2.243630991464215185e+00,6.213597134053492656e-03
2.250656598818121967e+00,1.022725337210855529e-03
2.257682206172028749e+00,3.871238312706629103e-02
2.264707813525935087e+00,3.975131271295095220e-02
2.271733420879841869e+00,3.306052646192766953e-02
2.278759028233748651e+00,2.123421190560588132e-02
2.285784635587655433e+00,4.602910354870368148e-02
2.292810242941562215e+00,7.290556388537143551e-02
2.299835850295468997e+00,8.300826823491659623e-02
2.306861457649375780e+00,9.129071032289946819e-02
2.313887065003282562e+00,3.964527520802017119e-02
2.320912672357189344e+00,2.785814655302582335e-03
2.327938279711096126e+00,-1.651706950719934730e-02
2.334963887065002908e+00,-2.907796419898498949e-02
2.341989494418909690e+00,-2.250584232755164366e-02
2.349015101772816472e+00,-7.775198557324415442e-03
2.356040709126723254e+00,8.302204967422396192e-03
2.363066316480630036e+00,3.859611883459348851e-03
2.370091923834536818e+00,-5.829812005036987075e-04
2.377117531188443600e+00,-1.027404686256537698e-02
2.384143138542350382e+00,-1.813479668068633185e-02
2.391168745896257164e+00,5.977123720409572259e-03
2.398194353250163946e+00,-9.250847928559817121e-03
2.405219960604070728e+00,-2.612987576727468942e-03
2.412245567957977510e+00,-3.678605751800521212e-02
2.419271175311883848e+00,-5.131295997861493735e-02
2.426296782665790630e+00,-2.610024969387183744e-02
2.433322390019697412e+00,-5.852279136049561015e-02
2.440347997373604194e+00,-3.290074460786931304e-02
2.447373604727510976e+00,-1.282717237736496867e-02
2.454399212081417758e+00,-3.539976624824940719e-03
2.461424819435324540e+00,-2.334742515142771595e-04
2.468450426789231322e+00,-2.073240244919905689e-02
2.475476034143138104e+00,-4.966823352315673928e-02
2.482501641497044886e+00,-5.662123706801915762e-02
2.489527248850951668e+00,-3.027572849233520214e-02
2.496552856204858450e+00,3.716824196832485550e-02
2.503578463558765232e+00,3.958699654174296229e-02
2.510604070912672015e+00,4.989780105516432307e-02
2.517629678266578797e+00,6.058031105075908224e-03
2.524655285620485579e+00,-3.464173790766089667e-02
2.531680892974392361e+00,2.180034417682332609e-02
2.538706500328299143e+00,3.447304361236501469e-02
2.545732107682205925e+00,9.951612040638739554e-02
2.552757715036112707e+00,9.298051721574460138e-02
2.559783322390019489e+00,6.475356910624041618e-02
2.566808929743926271e+00,4.190423926270268190e-02
2.573834537097833053e+00,1.046331299792696741e-02
2.580860144451739391e+00,2.664520375507026945e-02
2.587885751805646173e+00,2.699931728876149920e-02
2.594911359159552955e+00,2.881779103865628189e-02
2.601936966513459737e+00,3.441861446804132807e-02
2.608962573867366519e+00,2.361833776865986806e-02
2.615988181221273301e+00,-1.327057105881349021e-03
2.623013788575180083e+00,-5.873261110294149094e-03
2.630039395929086865e+00,-6.971599682861040481e-03
2.637065003282993647e+00,-1.269472159656719404e-02
2.644090610636900429e+00,-1.841784351027334760e-02
2.651116217990807211e+00,-2.710097381375713849e-02
2.658141825344713993e+00,-1.658017492296269199e-02
2.665167432698620775e+00,1.969038938962977547e-02
2.672193040052527557e+00,4.498923520191766556e-02
2.679218647406434339e+00,4.596457434649429963e-02
2.686244254760341121e+00,3.641911460027649067e-02
2.693269862114247903e+00,1.123889432260668326e-03
2.700295469468154685e+00,-2.319961723545057794e-02
2.707321076822061467e+00,-2.319961723545057794e-02
2.714346684175968250e+00,-6.291450489500875244e-03
2.721372291529875032e+00,3.584288374547835165e-02
2.728397898883781814e+00,6.257886715695981650e-02
2.735423506237688152e+00,8.018292274672063347e-02
2.742449113591594934e+00,8.039405650902729794e-02
2.749474720945501716e+00,6.754593863760120775e-02
2.756500328299408498e+00,6.654432255088574277e-02
2.763525935653315280e+00,7.055020363418701423e-02
2.770551543007222062e+00,5.725483439138196601e-02
2.777577150361128844e+00,3.179254929328013957e-02
2.784602757715035626e+00,9.882113233965456045e-03
2.791628365068942408e+00,-5.506575806198247582e-04
2.798653972422849190e+00,2.171370850778311240e-02
2.805679579776755972e+00,4.421228818307477992e-02
2.812705187130662754e+00,2.604872364447239144e-02
2.819730794484569536e+00,5.319245128445199144e-04
2.826756401838476318e+00,-3.485791011323489952e-02
2.833782009192383100e+00,-7.036267542460386548e-02
2.840807616546289882e+00,-6.122783430717688297e-02
2.847833223900196664e+00,-5.209299318974990739e-02
2.854858831254103446e+00,-3.954418582489836742e-02
2.861884438608010228e+00,-2.711466136164602386e-02
2.868910045961917010e+00,-1.866259911329555890e-02
2.875935653315823792e+00,-1.021053686494509567e-02
2.882961260669730574e+00,-1.021053686494509567e-02
2.889986868023636912e+00,-1.021053686494509567e-02
2.897012475377543694e+00,-1.021053686494509567e-02
2.904038082731450476e+00,9.544596812496031202e-03
2.911063690085357258e+00,5.378743135558847199e-02
2.918089297439264040e+00,7.964178478294857422e-02
2.925114904793170822e+00,1.052182620821493914e-01
2.932140512147077605e+00,1.218680135465199099e-01
2.939166119500984387e+00,1.109832676138265278e-01
2.946191726854891169e+00,1.329606565756410452e-01
2.953217334208797951e+00,1.302572511156092072e-01
2.960242941562704733e+00,1.086614024834075681e-01
2.967268548916611515e+00,8.734515497873973633e-02
2.974294156270518297e+00,4.271488984214307644e-02
2.981319763624425079e+00,4.150030523475384259e-02
2.988345370978331861e+00,3.456442920250328565e-02
2.995370978332238643e+00,3.680831356644306829e-02
3.002396585686145425e+00,5.905843682752490165e-02
3.009422193040052207e+00,6.674867218973921934e-02
3.016447800393958989e+00,8.997704637630776769e-02
3.023473407747865771e+00,9.616027724302621260e-02
3.030499015101772553e+00,8.206271350383347041e-02
3.037524622455679335e+00,6.727216159115333161e-02
3.044550229809585673e+00,7.727737310669299808e-02
3.051575837163492455e+00,5.926804231080777530e-02
3.058601444517399237e+00,6.544568453034613209e-02
3.065627051871306019e+00,9.360346373593041169e-02
3.072652659225212801e+00,1.110708101218976090e-01
3.079678266579119583e+00,1.235476549893834292e-01
3.086703873933026365e+00,1.024066588799559530e-01
3.093729481286933147e+00,7.668601527704631271e-02
3.100755088640839929e+00,4.107859587419517705e-02
3.107780695994746711e+00,2.253870697670799783e-02
3.114806303348653493e+00,3.012785914647872487e-02
3.121831910702560275e+00,4.040772469487773771e-02
3.128857518056467057e+00,5.309430520721494795e-02
3.135883125410373840e+00,8.639060335499851306e-02
3.142908732764280622e+00,1.188227879883724386e-01
3.149934340118187404e+00,1.307366655316049842e-01
3.156959947472094186e+00,1.086741360705185400e-01
3.163985554826000968e+00,9.462274256951751228e-02
3.171011162179907750e+00,7.532920443829461965e-02
3.178036769533814532e+00,6.515004255429797386e-02
3.185062376887721314e+00,6.670980808166289411e-02
3.192087984241628096e+00,7.547294126009621018e-02
3.199113591595534878e+00,6.689470800286327623e-02
3.206139198949441216e+00,8.042441133937373865e-02
3.213164806303347998e+00,8.221858302991361112e-02
3.220190413657254780e+00,9.626014453462539144e-02
3.227216021011161562e+00,9.929025261559873416e-02
3.234241628365068344e+00,1.068065507043661488e-01
3.241267235718975126e+00,9.500383766230406646e-02
3.248292843072881908e+00,1.062652464359872678e-01
3.255318450426788690e+00,1.288943229694898274e-01
3.262344057780695472e+00,6.420822013463460542e-02
3.269369665134602254e+00,6.593838159694311030e-02
3.276395272488509036e+00,1.319368134774647969e-02
3.283420879842415818e+00,-1.718090048811076950e-02
3.290446487196322600e+00,4.940922578366086296e-03
3.297472094550229382e+00,-1.962088688572895950e-02
3.304497701904136164e+00,-8.223273967915802757e-03
3.311523309258042946e+00,3.885119787523556162e-02
3.318548916611949728e+00,6.352555768963109861e-02
3.325574523965856510e+00,1.112459434649711865e-01
3.332600131319763292e+00,1.204783653465563986e-01
3.339625738673670075e+00,9.377415003784438097e-02
3.346651346027576857e+00,8.470209760180349989e-02
3.353676953381483639e+00,6.370356206976515723e-02
3.360702560735389977e+00,1.391252239028730429e-02
3.367728168089296759e+00,-2.890609375689603272e-02
3.374753775443203541e+00,-4.027455860921771991e-02
3.381779382797110323e+00,-4.948804041411183907e-02
3.388804990151017105e+00,-1.747125607265112568e-02
3.395830597504923887e+00,9.709212885058240722e-04
3.402856204858830669e+00,-7.701357033632936534e-03
3.409881812212737451e+00,-8.274838501614596720e-03
3.416907419566644233e+00,1.986950579339630263e-02
3.423933026920551015e+00,3.027753694924222722e-02
3.430958634274457797e+00,5.440440920076973497e-02
3.437984241628364579e+00,5.979792649905277258e-02
3.445009848982271361e+00,5.053897574331735892e-02
3.452035456336178143e+00,6.120682203723511877e-02
3.459061063690084925e+00,4.866117319640016203e-02
3.466086671043991707e+00,4.856654195142568603e-02
3.473112278397898489e+00,5.713887022531712045e-02
3.480137885751805271e+00,5.514321692041804918e-02
3.487163493105712053e+00,3.803114527822951119e-02
3.494189100459618835e+00,5.017400511181582812e-02
3.501214707813525617e+00,5.318105799716025400e-02
3.508240315167432399e+00,6.173418924292283644e-02
3.515265922521338737e+00,7.492006274359448714e-02
3.522291529875245519e+00,7.727264997525480628e-02
3.529317137229152301e+00,5.932731641994070521e-02
3.536342744583059083e+00,7.751280770128566103e-03
3.543368351936965865e+00,-1.209081124760449238e-02
3.550393959290872647e+00,1.465405235180818055e-02
3.557419566644779430e+00,-4.433517998353153069e-04
3.564445173998686212e+00,2.092136545090336752e-02
3.571470781352592994e+00,3.718333702181082084e-02
3.578496388706499776e+00,-3.537268469134730031e-02
3.585521996060406558e+00,-3.544030827552938079e-02
3.592547603414313340e+00,-8.615406320510058530e-03
3.599573210768220122e+00,-9.985963075353666493e-03
3.606598818122126904e+00,2.880460445345168000e-02
3.613624425476033686e+00,2.892525479799868890e-02
3.620650032829940468e+00,2.153379603344312415e-03
3.627675640183847250e+00,-6.310409238362336276e-03
3.634701247537754032e+00,-2.103560655207708380e-02
3.641726854891660814e+00,-2.103560655207708380e-02
3.648752462245567596e+00,-2.103560655207708380e-02
3.655778069599474378e+00,2.988178097115175465e-03
3.662803676953381160e+00,2.057347937163284818e-02
3.669829284307287498e+00,5.437703054282132936e-02
3.676854891661194280e+00,9.199757855124998662e-02
3.683880499015101062e+00,7.592054433651460044e-02
3.690906106369007844e+00,5.809150609686709182e-02
3.697931713722914626e+00,2.404421796054880336e-02
3.704957321076821408e+00,1.368018720515444108e-03
3.711982928430728190e+00,-1.379824492082061364e-02
3.719008535784634972e+00,-2.077402116256998540e-02
3.726034143138541754e+00,1.824507147752578787e-02
3.733059750492448536e+00,1.826538739621667157e-02
3.740085357846355318e+00,1.602434504720528716e-02
3.747110965200262100e+00,1.378330269819389581e-02
3.754136572554168882e+00,-3.100767568317063308e-02
3.761162179908075665e+00,-4.853970843721141376e-02
3.768187787261982447e+00,-4.164652094827542977e-02
3.775213394615889229e+00,-3.475333345933945273e-02
3.782239001969796011e+00,-3.130507881989546409e-02
3.789264609323702793e+00,-1.866381093392629684e-02
3.796290216677609575e+00,7.986169866555346136e-03
3.803315824031516357e+00,1.573024899511658858e-02
3.810341431385423139e+00,3.042712689303116863e-02
3.817367038739329921e+00,-2.547632741922829444e-02
3.824392646093236703e+00,-4.961840148430573388e-02
3.831418253447143041e+00,-5.485457387746277280e-02
3.838443860801049823e+00,-6.561111656997428709e-02
3.845469468154956605e+00,-1.840859493828090471e-02
3.852495075508863387e+00,-1.697616646828203554e-02
3.859520682862770169e+00,-1.554373799828316464e-02
3.866546290216676951e+00,-1.554373799828316464e-02
3.873571897570583733e+00,-1.554373799828316464e-02
3.880597504924490515e+00,-9.122699771812592742e-03
3.887623112278397297e+00,3.401785140232466099e-04
3.894648719632304079e+00,-3.331188906492852579e-04
3.901674326986210861e+00,-1.006416295321817126e-03
3.908699934340117643e+00,-8.100751926464918456e-03
3.915725541694024425e+00,-1.823692761697329190e-02
3.922751149047931207e+00,-1.025494089030250765e-02
3.929776756401837989e+00,1.099687147898536967e-03
3.936802363755744771e+00,-9.567649186068970246e-03
3.943827971109651553e+00,-2.023498552003647616e-02
3.950853578463558335e+00,-1.380038086286153841e-02
3.957879185817465117e+00,-1.551237799033652193e-02
3.964904793171371900e+00,-3.576766335552601650e-02
3.971930400525278682e+00,-5.078879845698235085e-02
3.978956007879185464e+00,-5.550505616083078325e-02
3.985981615233091802e+00,-8.322775536482586445e-02
3.993007222586998584e+00,-7.038520195893788189e-02
4.000032829940905366e+00,-4.596611352937336054e-02
4.007058437294812592e+00,-5.693583021522998638e-02
4.014084044648718930e+00,-4.012514492782028042e-02
4.021109652002626156e+00,-1.650845571466433639e-02
4.028135259356532494e+00,1.842225004601432889e-02
4.035160866710439720e+00,4.020550623146685459e-02
4.042186474064346058e+00,3.818709912291010089e-02
4.049212081418253284e+00,3.657784522443138092e-02
4.056237688772159622e+00,6.843889491020234590e-03
4.063263296126066848e+00,-7.765720233580866716e-03
4.070288903479973186e+00,-1.586990689468733076e-02
4.077314510833880412e+00,-3.118925069161805272e-02
4.084340118187786750e+00,-4.650859448854877815e-02
4.091365725541693976e+00,-5.335078305256945458e-02
4.098391332895600314e+00,-4.289673138607548453e-02
4.105416940249507540e+00,-3.244267971958152835e-02
4.112442547603413878e+00,-2.198862805308756524e-02
4.119468154957321104e+00,3.509721924324418763e-02
4.126493762311227442e+00,4.714565969968707165e-02
4.133519369665134668e+00,6.677641948056114996e-02
4.140544977019041006e+00,7.465801558855476860e-02
4.147570584372947344e+00,2.423529130996307859e-02
4.154596191726854570e+00,1.207281518371302459e-02
4.161621799080761797e+00,2.904621086297115920e-02
4.168647406434668135e+00,5.591351544079693064e-02
4.175673013788575361e+00,3.913460555408829200e-02
4.182698621142481699e+00,6.540154772050030263e-02
4.189724228496388925e+00,3.200778713077911952e-02
4.196749835850295263e+00,4.692813153707585828e-04
4.203775443204202489e+00,2.620909708099271318e-02
4.210801050558108827e+00,-3.030979831555626405e-02
4.217826657912015165e+00,-1.576227307804483919e-04
4.224852265265922391e+00,2.551615498451939926e-02
4.231877872619828729e+00,3.172719214559627243e-02
4.238903479973735955e+00,8.914713722125863771e-02
4.245929087327642293e+00,7.538164708060199337e-02
4.252954694681549519e+00,5.127395991502040756e-02
4.259980302035455857e+00,9.059913246728296121e-02
4.267005909389363083e+00,8.247013386729050433e-02
4.274031516743269421e+00,9.021365328763895908e-02
4.281057124097176647e+00,1.249504989305946501e-01
4.288082731451082985e+00,1.063843838189432039e-01
4.295108338804990211e+00,1.463163407284133466e-01
4.302133946158896549e+00,1.246957301172733901e-01
4.309159553512803775e+00,9.130126060679592814e-02
4.316185160866710113e+00,8.352420482873622321e-02
4.323210768220617339e+00,4.250802106141171599e-02
4.330236375574523677e+00,5.798183938324143888e-02
4.337261982928430903e+00,6.865460534485801070e-02
4.344287590282337241e+00,4.211630465057938227e-02
4.351313197636244468e+00,2.620129248616629228e-02
4.358338804990150805e+00,3.992058825261577543e-02
4.365364412344058032e+00,2.375083292576821159e-02
4.372390019697964370e+00,5.590843674655225637e-02
4.379415627051870707e+00,1.001913965432566916e-01
4.386441234405777934e+00,9.054271497491944709e-02
4.393466841759684272e+00,1.157955498440875614e-01
4.400492449113591498e+00,8.819921491611756870e-02
4.407518056467497836e+00,6.051786236712132505e-02
4.414543663821405062e+00,3.804788745689977741e-02
4.421569271175311400e+00,1.496762713381417399e-02
4.428594878529218626e+00,3.785222968040814068e-02
4.435620485883124964e+00,6.280043228453151272e-02
4.442646093237032190e+00,9.177305909639338344e-02
4.449671700590938528e+00,9.759171468566366081e-02
4.456697307944845754e+00,8.924099811729950538e-02
4.463722915298752092e+00,5.993427164077860803e-02
4.470748522652659318e+00,4.928695723896586722e-02
4.477774130006565656e+00,5.969906546199268277e-02
4.484799737360472882e+00,6.628562381041983032e-02
4.491825344714379220e+00,4.235935889373032559e-02
4.498850952068286446e+00,5.383563610126118615e-02
4.505876559422192784e+00,7.022939500139177560e-02
4.512902166776100010e+00,6.072098756299661865e-02
4.519927774130006348e+00,8.606116281999269535e-02
4.526953381483913574e+00,6.015531247202637877e-02
4.533978988837819912e+00,1.000187635831089120e-02
4.541004596191726250e+00,9.839143123617931710e-03
4.548030203545633476e+00,-1.512792150678414667e-02
4.555055810899539814e+00,-2.167982031893362846e-02
4.562081418253447040e+00,4.342476475650352066e-03
4.569107025607353378e+00,9.176575576008632685e-04
4.576132632961260605e+00,1.363404762467660195e-02
4.583158240315166942e+00,2.540196966703566622e-02
4.590183847669074169e+00,3.082291116788438146e-02
4.597209455022980507e+00,1.926075923415912494e-02
4.604235062376887733e+00,1.666209900592059354e-02
4.611260669730794071e+00,5.489267250149003005e-03
4.618286277084701297e+00,-5.811544064765022423e-03
4.625311884438607635e+00,1.216568148459548811e-03
4.632337491792514861e+00,7.862107191069625522e-03
4.639363099146421199e+00,3.856419728171556899e-02
4.646388706500328425e+00,9.257442766500242892e-02
4.653414313854234763e+00,1.073917940910120855e-01
4.660439921208141989e+00,1.254804731077664992e-01
4.667465528562048327e+00,1.294771508425938966e-01
4.674491135915955553e+00,1.207411641583917283e-01
4.681516743269861891e+00,9.577588343028328732e-02
4.688542350623768229e+00,8.687872886100465875e-02
4.695567957977675455e+00,5.217145856963879141e-02
4.702593565331581793e+00,4.174491564404769761e-02
4.709619172685489019e+00,7.659836176324005819e-02
4.716644780039395357e+00,8.269723333498596451e-02
4.723670387393302583e+00,7.000781916163674456e-02
4.730695994747208921e+00,2.640725255346993913e-02
4.737721602101116147e+00,-5.626571251420211389e-03
4.744747209455022485e+00,-2.315649908598595152e-02
4.751772816808929711e+00,-6.052575219478223932e-03
4.758798424162836049e+00,2.431715007281843623e-03
4.765824031516743275e+00,-1.431089233980596155e-03
4.772849638870649613e+00,-1.431089233980596155e-03
4.779875246224556840e+00,3.454578297426563055e-02
4.786900853578463177e+00,4.642276360399220925e-02
4.793926460932370404e+00,5.721140786513961851e-02
4.800952068286276742e+00,5.954446437513640639e-02
4.807977675640183968e+00,3.483131403677715981e-02
4.815003282994090306e+00,1.731062271198577709e-02
4.822028890347997532e+00,8.782677557735593622e-04
4.829054497701903870e+00,7.298242214562516983e-03
4.836080105055811096e+00,1.050966025396880658e-02
4.843105712409717434e+00,1.188440686198773827e-02
4.850131319763623772e+00,1.325915347000666995e-02
4.857156927117530998e+00,1.213593495983171164e-02
4.864182534471437336e+00,-3.087733808018514742e-02
4.871208141825344562e+00,-1.735772345755114653e-03
4.878233749179250900e+00,2.611878295349374587e-02
4.885259356533158126e+00,6.975564648861704020e-03
4.892284963887064464e+00,8.209562502829591268e-02
4.899310571240971690e+00,6.914114227743348162e-02
4.906336178594878028e+00,6.876933392294926062e-02
4.913361785948785254e+00,1.049059120742706630e-01
4.920387393302691592e+00,8.809588853032786215e-02
4.927413000656598818e+00,9.316241506769502856e-02
4.934438608010505156e+00,7.601909720784856550e-02
4.941464215364412382e+00,1.062637086326376074e-01
4.948489822718318720e+00,9.904094824540511655e-02
4.955515430072225946e+00,6.824420548330131786e-02
4.962541037426132284e+00,4.836164315721413337e-02
4.969566644780039510e+00,-1.949771374784805417e-02
4.976592252133945848e+00,-4.334058473745710377e-02
4.983617859487853075e+00,-3.082221508131595400e-02
4.990643466841759412e+00,-1.333700886341029901e-02
4.997669074195666639e+00,2.469605999469000682e-02
5.004694681549572977e+00,6.681907096036927840e-02
5.011720288903479315e+00,8.078180810038650128e-02
5.018745896257386541e+00,9.728595073494449019e-02
5.025771503611292879e+00,6.495844771723678635e-02
5.032797110965200105e+00,4.990383071482482752e-02
5.039822718319106443e+00,9.615282902196864434e-02
5.046848325673013669e+00,1.103947523123060132e-01
5.053873933026920007e+00,1.757377266571086005e-01
5.060899540380827233e+00,1.888306604045913994e-01
5.067925147734733571e+00,1.377609727926117356e-01
5.074950755088640797e+00,8.633417951247031319e-02
5.081976362442547135e+00,5.474865227783033000e-02
5.089001969796454361e+00,2.381867817259006662e-02
5.096027577150360699e+00,8.313429810453530633e-02
5.103053184504267925e+00,1.405471529281109022e-01
5.110078791858174263e+00,1.656834854234059407e-01
5.117104399212081489e+00,2.149313187115522994e-01
5.124130006565987827e+00,1.561190740657289466e-01
5.131155613919895053e+00,1.245283014546963024e-01
5.138181221273801391e+00,7.819440701492000323e-02
5.145206828627708617e+00,3.563087629323009875e-02
5.152232435981614955e+00,5.496306328697111304e-02
5.159258043335521293e+00,6.527009213215040351e-02
5.166283650689428519e+00,7.931135519445955961e-02
5.173309258043334857e+00,8.209938900941861351e-02
5.180334865397242083e+00,6.647106082470068122e-02
5.187360472751148421e+00,7.199363590945614955e-02
5.194386080105055647e+00,5.984457045236860062e-02
5.201411687458961985e+00,6.899763612928028200e-02
5.208437294812869212e+00,8.183499486337873774e-02
5.215462902166775550e+00,9.495934901260362493e-02
5.222488509520682776e+00,1.255616954024283971e-01
5.229514116874589114e+00,1.405021542238657217e-01
5.236539724228496340e+00,1.397073531384275813e-01
5.243565331582402678e+00,1.256959084543822214e-01
5.250590938936309904e+00,9.421474677191413183e-02
5.257616546290216242e+00,6.319289706515353322e-02
5.264642153644123468e+00,6.289896235310091233e-02
5.271667760998029806e+00,4.438468761890339287e-02
5.278693368351937032e+00,3.920453379353654177e-02
5.285718975705843370e+00,2.559472938056922206e-02
5.292744583059750596e+00,3.492683075242389301e-02
5.299770190413656934e+00,7.119722212392592953e-02
5.306795797767564160e+00,8.287446254974735471e-02
5.313821405121470498e+00,8.278560711987520415e-02
5.320847012475376836e+00,4.643230581676081881e-02
5.327872619829284062e+00,2.296645335968643814e-02
5.334898227183190400e+00,2.604750940935118483e-02
5.341923834537097626e+00,5.232253424694287974e-02
5.348949441891003964e+00,6.199562746915204120e-02
5.355975049244911190e+00,2.205686705229926298e-02
5.363000656598817528e+00,3.555787680880504592e-02
5.370026263952724754e+00,2.700300720575188329e-02
5.377051871306631092e+00,2.510240696556149519e-03
5.384077478660538318e+00,3.316438639537183652e-02
5.391103086014444656e+00,-4.311551881544190348e-03
5.398128693368351882e+00,1.555313969762600439e-02
5.405154300722258220e+00,6.951447905378679848e-02
5.412179908076165447e+00,7.276959881850023071e-02
5.419205515430071785e+00,4.894245931573320413e-02
5.426231122783979011e+00,3.260447172832384166e-02
5.433256730137885349e+00,1.273360137697330564e-02
5.440282337491792575e+00,4.074217831145659358e-02
5.447307944845698913e+00,7.607337750544479471e-02
5.454333552199606139e+00,6.088084750958573654e-02
5.461359159553512477e+00,6.437496439798352788e-02
5.468384766907418815e+00,-5.588127026853760559e-03
5.475410374261326041e+00,3.647899927606727127e-03
5.482435981615232379e+00,3.297317477161421095e-02
5.489461588969139605e+00,3.789498917354167801e-02
5.496487196323045943e+00,9.894991814402499808e-02
5.503512803676953169e+00,1.285026923008756317e-01
5.510538411030859507e+00,9.123758268180913455e-02
5.517564018384766733e+00,7.527286586569645332e-02
5.524589625738673071e+00,5.153639557769278123e-02
5.531615233092580297e+00,-1.265758554760146315e-02
5.538640840446486635e+00,5.338230089635397080e-02
5.545666447800393861e+00,7.597068090459127565e-02
5.552692055154300199e+00,1.020646274915269075e-01
5.559717662508207425e+00,1.134409718044593340e-01
5.566743269862113763e+00,5.969038843889697826e-02
5.573768877216020989e+00,5.374315730194990925e-02
5.580794484569927327e+00,4.792983233079105981e-02
5.587820091923834553e+00,8.874458787783318092e-02
5.594845699277740891e+00,8.534844546539160914e-02
5.601871306631648118e+00,9.514508267327950741e-02
5.608896913985554455e+00,1.447712775632089000e-01
5.615922521339461682e+00,1.663711545214467957e-01
5.622948128693368020e+00,2.194419142982382831e-01
5.629973736047274357e+00,2.391695396211483415e-01
5.636999343401181584e+00,1.997169720785876845e-01
5.644024950755087922e+00,1.970527046753522693e-01
5.651050558108995148e+00,1.846095630040550106e-01
5.658076165462901486e+00,1.838930059983772958e-01
5.665101772816808712e+00,2.077956777929833854e-01
5.672127380170715050e+00,2.065779140432992267e-01
5.679152987524622276e+00,1.694877330478286037e-01
5.686178594878528614e+00,1.389930751832603728e-01
5.693204202232435840e+00,7.180055507313412577e-02
5.700229809586342178e+00,5.089909374227626071e-02
5.707255416940249404e+00,1.026473958210635112e-01
5.714281024294155742e+00,7.659601295927079279e-02
5.721306631648062968e+00,1.065948288697408514e-01
5.728332239001969306e+00,1.329669977865465536e-01
5.735357846355876532e+00,9.281446179775247607e-02
5.742383453709782870e+00,1.373524846966636126e-01
5.749409061063690096e+00,1.287785374083842971e-01
5.756434668417596434e+00,9.105263022554091479e-02
5.763460275771503660e+00,1.036446015004019450e-01
5.770485883125409998e+00,9.256487683037691039e-02
5.777511490479317224e+00,1.075481559249565622e-01
5.784537097833223562e+00,1.051864547722121124e-01
5.791562705187129900e+00,1.084502787368529786e-01
5.798588312541037126e+00,1.047483348780057499e-01
5.805613919894943464e+00,1.112718150322063865e-01
5.812639527248850690e+00,1.163324403525907574e-01
5.819665134602757028e+00,9.913199859417366755e-02
5.826690741956664255e+00,6.897212748978333308e-02
5.833716349310570592e+00,3.423406642668554156e-02
5.840741956664477819e+00,4.450809372160955540e-02
5.847767564018384157e+00,6.501461020292520487e-02
5.854793171372291383e+00,8.842593741664263318e-02
5.861818778726197721e+00,1.406754385771741001e-01
5.868844386080104947e+00,1.449135012649915011e-01
5.875869993434011285e+00,1.210113873227499220e-01
5.882895600787918511e+00,1.328767215182281025e-01
5.889921208141824849e+00,1.066954414118805039e-01
5.896946815495732075e+00,1.084463420522157467e-01
5.903972422849638413e+00,1.433461644980312810e-01
5.910998030203545639e+00,1.511577855297647766e-01
5.918023637557451977e+00,1.872399857828233039e-01
5.925049244911359203e+00,2.017021108242368077e-01
5.932074852265265541e+00,1.601130136287686467e-01
5.939100459619171879e+00,1.276291741803747271e-01
5.946126066973079105e+00,9.818557325471301278e-02
5.953151674326985443e+00,8.355426238627525204e-02
5.960177281680892669e+00,1.059061806141700507e-01
5.967202889034799007e+00,1.404955470104010951e-01
5.974228496388706233e+00,1.406720263692233241e-01
5.981254103742612571e+00,1.164609696294167246e-01
5.988279711096519797e+00,1.150285176956129807e-01
5.995305318450426135e+00,1.272790549896738732e-01
6.002330925804333361e+00,1.256029427254999609e-01
6.009356533158239699e+00,1.539690518755955917e-01
6.016382140512146925e+00,1.642040969237080483e-01
6.023407747866053263e+00,1.386580939891845221e-01
6.030433355219960490e+00,1.224410604347559162e-01
6.037458962573866827e+00,1.051570967911589632e-01
6.044484569927774054e+00,1.052600075707471883e-01
6.051510177281680392e+00,1.372052722523939283e-01
6.058535784635587618e+00,1.817923229371772587e-01
6.065561391989493956e+00,2.017484796132247848e-01
6.072586999343401182e+00,1.816187180479189311e-01
6.079612606697307520e+00,1.712214112380601450e-01
6.086638214051214746e+00,1.424311613345238536e-01
6.093663821405121084e+00,1.191032679989715848e-01
6.100689428759027422e+00,1.373285760264751632e-01
6.107715036112934648e+00,1.209276490559502149e-01
6.114740643466840986e+00,1.217790339641256214e-01
6.121766250820748212e+00,1.368544030559872282e-01
6.128791858174654550e+00,1.729702577834625610e-01
6.135817465528561776e+00,2.195488830553226911e-01
6.142843072882468114e+00,2.457509952702910949e-01
6.149868680236375340e+00,2.470904518627422275e-01
6.156894287590281678e+00,2.084829973034511563e-01
6.163919894944188904e+00,1.366049172067108075e-01
6.170945502298095242e+00,1.269238707606393513e-01
6.177971109652002468e+00,1.590452024185776969e-01
6.184996717005908806e+00,1.835909114774762207e-01
6.192022324359816032e+00,2.358962916768105045e-01
6.199047931713722370e+00,2.585381274293998000e-01
6.206073539067629596e+00,2.668871052865188775e-01
6.213099146421535934e+00,2.615940382562388922e-01
6.220124753775443160e+00,2.458034862297743539e-01
6.227150361129349498e+00,2.337864979581159297e-01
6.234175968483256725e+00,1.874093453022050715e-01
6.241201575837163062e+00,1.977115054778008085e-01
6.248227183191070289e+00,2.104590314678786434e-01
6.255252790544976627e+00,1.993174462904562239e-01
6.262278397898882965e+00,2.342371386885700457e-01
6.269304005252790191e+00,2.375686482112838172e-01
6.276329612606696529e+00,2.067410012249431550e-01
6.283355219960603755e+00,1.818978061980638938e-01
6.290380827314510093e+00,1.568645120802423243e-01
6.297406434668417319e+00,1.382945252291112315e-01
6.304432042022323657e+00,1.529222938819512212e-01
6.311457649376230883e+00,1.688159980126397175e-01
6.318483256730137221e+00,1.646672210897674460e-01
6.325508864084044447e+00,1.941307705742134904e-01
6.332534471437950785e+00,2.214979697214326804e-01
6.339560078791858011e+00,2.324322583160656208e-01
6.346585686145764349e+00,2.528054186122714042e-01
6.353611293499671575e+00,2.416253283138603825e-01
6.360636900853577913e+00,2.745794807735148502e-01
6.367662508207485139e+00,2.611919017308169666e-01
6.374688115561391477e+00,2.330076068305070303e-01
6.381713722915298703e+00,2.334237930205981248e-01
6.388739330269205041e+00,2.139656276027782633e-01
6.395764937623112267e+00,2.441452268273309190e-01
6.402790544977018605e+00,2.945066243364418135e-01
6.409816152330924943e+00,2.989756570974915761e-01
6.416841759684832169e+00,2.620660920512949410e-01
6.423867367038738507e+00,2.591764007098361633e-01
6.430892974392645733e+00,2.550593734843936700e-01
6.437918581746552071e+00,2.606470095920718211e-01
6.444944189100459297e+00,2.627261882168043794e-01
6.451969796454365635e+00,2.444470064828749567e-01
6.458995403808272862e+00,2.471419846870339110e-01
6.466021011162179200e+00,2.614051504925662406e-01
6.473046618516086426e+00,3.014650031582740142e-01
6.480072225869992764e+00,2.953042360638072350e-01
6.487097833223899990e+00,2.907877758089535969e-01
6.494123440577806328e+00,2.842140901057462754e-01
6.501149047931713554e+00,2.884470946016079451e-01
6.508174655285619892e+00,3.309656414757599086e-01
6.515200262639527118e+00,3.236653077259363243e-01
6.522225869993433456e+00,2.925275314026685725e-01
6.529251477347340682e+00,2.326715783707098417e-01
6.536277084701247020e+00,2.154615401935753294e-01
6.543302692055154246e+00,2.403219180183131798e-01
6.550328299409060584e+00,2.843143896569558238e-01
6.557353906762967810e+00,3.086481544827099355e-01
6.564379514116874148e+00,2.985197618418479193e-01
6.571405121470780486e+00,2.958968629298207031e-01
6.578430728824687712e+00,2.845381629559670111e-01
6.585456336178594050e+00,2.938002128625306075e-01
6.592481943532501276e+00,3.508776935063511182e-01
6.599507550886407614e+00,3.065320907214583723e-01
6.606533158240314840e+00,2.796342039044898420e-01
6.613558765594221178e+00,2.618614493395232667e-01
6.620584372948128404e+00,2.316936391618382163e-01
6.627609980302034742e+00,2.357172034738137523e-01
6.634635587655941968e+00,2.442722012354284489e-01
6.641661195009848306e+00,2.598580216284001598e-01
6.648686802363755532e+00,2.344374960380584683e-01
6.655712409717661870e+00,2.709242455015138940e-01
6.662738017071569097e+00,2.652147395054201273e-01
6.669763624425475435e+00,2.837562199136995922e-01
6.676789231779382661e+00,2.961673808588972112e-01
6.683814839133288999e+00,2.632053939510614615e-01
6.690840446487196225e+00,2.645812433090465321e-01
6.697866053841102563e+00,2.453551213147700527e-01
6.704891661195009789e+00,2.572937634049459188e-01
6.711917268548916127e+00,3.053114413801069071e-01
6.718942875902822465e+00,3.444461270395892671e-01
6.725968483256729691e+00,3.995764290665113627e-01
6.732994090610636029e+00,4.322430817904222566e-01
6.740019697964543255e+00,4.459889999242561687e-01
6.747045305318449593e+00,4.262960090075788022e-01
6.754070912672356819e+00,3.876310126871368444e-01
6.761096520026263157e+00,3.560123787295923492e-01
6.768122127380170383e+00,3.362750382036825414e-01
6.775147734734076721e+00,3.344257799330084269e-01
6.782173342087983947e+00,3.432224434971184457e-01
6.789198949441890285e+00,3.587816848491021671e-01
6.796224556795797511e+00,3.667410292144640538e-01
6.803250164149703849e+00,3.638929154048581305e-01
6.810275771503611075e+00,3.676866663808316393e-01
6.817301378857517413e+00,3.901519491670529249e-01
6.824326986211424639e+00,4.209925077060159837e-01
6.831352593565330977e+00,4.642898137129789493e-01
6.838378200919238203e+00,4.686881592287194254e-01
6.845403808273144541e+00,4.214915378282951264e-01
6.852429415627051768e+00,3.765105537627166932e-01
6.859455022980958105e+00,3.434110833232299487e-01
6.866480630334865332e+00,3.446161901276007522e-01
6.873506237688771670e+00,3.834391676343500421e-01
6.880531845042678007e+00,4.036317386921202677e-01
6.887557452396585234e+00,4.237175644353470827e-01
6.894583059750491572e+00,4.118692344374642045e-01
6.901608667104398798e+00,4.093434078035181889e-01
6.908634274458305136e+00,4.233860888393636279e-01
6.915659881812212362e+00,4.228273205932359669e-01
6.922685489166118700e+00,4.023963389856585748e-01
6.929711096520025926e+00,3.595924266073405873e-01
6.936736703873932264e+00,3.466664426812428590e-01
6.943762311227839490e+00,3.694682618264027441e-01
6.950787918581745828e+00,4.309447391063565003e-01
6.957813525935653054e+00,4.565502287240359447e-01
6.964839133289559392e+00,4.384375417525847585e-01
6.971864740643466618e+00,4.445741469027827408e-01
6.978890347997372956e+00,4.574786629699010287e-01
6.985915955351280182e+00,4.616205176827986034e-01
6.992941562705186520e+00,4.442206353422012977e-01
6.999967170059093746e+00,3.918135015599660820e-01
7.006992777413000084e+00,3.612995802616575935e-01
7.014018384766907310e+00,3.820282176034164312e-01
7.021043992120813648e+00,4.014261688469720202e-01
7.028069599474720874e+00,4.150368905738929803e-01
7.035095206828627212e+00,3.947545308894639948e-01
7.042120814182533550e+00,3.335081614634515801e-01
7.049146421536440776e+00,3.244507271750245447e-01
7.056172028890347114e+00,3.243722512272785852e-01
7.063197636244254340e+00,3.478101035685620679e-01
7.070223243598160678e+00,3.614221285129524119e-01
7.077248850952067905e+00,3.953584716875312433e-01
7.084274458305974242e+00,4.109053918247564385e-01
7.091300065659881469e+00,4.072228823747744975e-01
7.098325673013787807e+00,4.764855741606563999e-01
7.105351280367695033e+00,4.458985126921707898e-01
7.112376887721601371e+00,4.239558020890216161e-01
7.119402495075508597e+00,4.243753151574887750e-01
7.126428102429414935e+00,3.793764037580453774e-01
7.133453709783322161e+00,4.212792309134841262e-01
7.140479317137228499e+00,4.517857194527263309e-01
7.147504924491135725e+00,4.719210983233949608e-01
7.154530531845042063e+00,4.943417516508171183e-01
7.161556139198949289e+00,4.395321236360081874e-01
7.168581746552855627e+00,4.290493344011164223e-01
7.175607353906762853e+00,4.252104967087792509e-01
7.182632961260669191e+00,4.411144430416219508e-01
7.189658568614575529e+00,4.714524920233002514e-01
7.196684175968482755e+00,4.997280029993135808e-01
7.203709783322389093e+00,5.058183902192175951e-01
7.210735390676296319e+00,4.916636242025415604e-01
7.217760998030202657e+00,4.537734100614022603e-01
7.224786605384109883e+00,4.080117968763842806e-01
7.231812212738016221e+00,3.883947199051670518e-01
7.238837820091923447e+00,4.350316648078585979e-01
7.245863427445829785e+00,5.205805588610088463e-01
7.252889034799737011e+00,5.538685496246291695e-01
7.259914642153643349e+00,5.467237441818766364e-01
7.266940249507550575e+00,5.082240520111626081e-01
7.273965856861456913e+00,4.641797245672493744e-01
7.280991464215364140e+00,4.483186659321389267e-01
7.288017071569270477e+00,4.814687093919419736e-01
7.295042678923177704e+00,4.698235576169443317e-01
7.302068286277084042e+00,4.553085905523169830e-01
7.309093893630991268e+00,4.455159977571199192e-01
7.316119500984897606e+00,4.336720264145253467e-01
7.323145108338804832e+00,4.428545206742319218e-01
7.330170715692711170e+00,5.129616413252100493e-01
7.337196323046618396e+00,5.437477587803162260e-01
7.344221930400524734e+00,5.621293568137365471e-01
7.351247537754431072e+00,5.870690838548597856e-01
7.358273145108338298e+00,5.858566697773720522e-01
7.365298752462244636e+00,6.273511109622033066e-01
7.372324359816151862e+00,6.198846641613275921e-01
7.379349967170058200e+00,5.910336542500528312e-01
7.386375574523965426e+00,5.645325229521307442e-01
7.393401181877871764e+00,5.793297086835652587e-01
7.400426789231778990e+00,5.953818336161089686e-01
7.407452396585685328e+00,6.378929350070722260e-01
7.414478003939592554e+00,6.447774163235612255e-01
7.421503611293498892e+00,6.034605823110337219e-01
7.428529218647406118e+00,6.319356660531083580e-01
7.435554826001312456e+00,6.421592658025117029e-01
7.442580433355219682e+00,6.772724614601778326e-01
7.449606040709126020e+00,6.758556495628416094e-01
7.456631648063033246e+00,6.265956002383532564e-01
7.463657255416939584e+00,6.012718892605077858e-01
7.470682862770846810e+00,5.399260710738179592e-01
7.477708470124753148e+00,5.284307415842481870e-01
7.484734077478660375e+00,5.590448248440557100e-01
7.491759684832566712e+00,5.664742884241755760e-01
7.498785292186473939e+00,5.956225991483224957e-01
7.505810899540380277e+00,6.236485998591894120e-01
7.512836506894286615e+00,6.445444730296482350e-01
7.519862114248193841e+00,6.793749645615201338e-01
7.526887721602100179e+00,7.122634521088695436e-01
7.533913328956007405e+00,7.287687131788529449e-01
7.540938936309913743e+00,7.133752072574173209e-01
7.547964543663820969e+00,6.771912008487398493e-01
7.554990151017727307e+00,6.618548846819027887e-01
7.562015758371634533e+00,6.655816702018284570e-01
7.569041365725540871e+00,6.875195117642516340e-01
7.576066973079448097e+00,7.375389992804456396e-01
7.583092580433354435e+00,7.674023973506104435e-01
7.590118187787261661e+00,8.086554545453489284e-01
7.597143795141167999e+00,7.943767701964890016e-01
7.604169402495075225e+00,7.720089421651035178e-01
7.611195009848981563e+00,7.969352921738716011e-01
7.618220617202888789e+00,7.664364371938535703e-01
7.625246224556795127e+00,7.686570862356894018e-01
7.632271831910702353e+00,7.728113648298794436e-01
7.639297439264608691e+00,7.589453523775258059e-01
7.646323046618515917e+00,7.440098400123950073e-01
7.653348653972422255e+00,7.218306604266890858e-01
7.660374261326328593e+00,6.880951585472502297e-01
7.667399868680235819e+00,6.964384321852713500e-01
7.674425476034142157e+00,6.873445255530102882e-01
7.681451083388049383e+00,7.197763526799308975e-01
7.688476690741955721e+00,7.481487283912371389e-01
7.695502298095862947e+00,6.905715680656913102e-01
7.702527905449769285e+00,7.204755556672750583e-01
7.709553512803676512e+00,7.337295146162582382e-01
7.716579120157582850e+00,7.480988604315979007e-01
7.723604727511490076e+00,7.898865855405787784e-01
7.730630334865396414e+00,7.662404379455948211e-01
7.737655942219303640e+00,7.572624451214149399e-01
7.744681549573209978e+00,7.648894248602383650e-01
7.751707156927117204e+00,7.881436240086803213e-01
7.758732764281023542e+00,7.942068863655010746e-01
7.765758371634930768e+00,7.833136530917949036e-01
7.772783978988837106e+00,7.800267374944315213e-01
7.779809586342744332e+00,7.800480104752162136e-01
7.786835193696650670e+00,8.311295856021359008e-01
7.793860801050557896e+00,9.022383249903915825e-01
7.800886408404464234e+00,9.559172750000901608e-01
7.807912015758371460e+00,9.843992767985325631e-01
7.814937623112277798e+00,9.666807986201660929e-01
7.821963230466184136e+00,9.711397443151681408e-01
7.828988837820091362e+00,9.520022758198540824e-01
7.836014445173997700e+00,9.807121527072493183e-01
7.843040052527904926e+00,9.989444619086520483e-01
7.850065659881811264e+00,1.031391741686491725e+00
7.857091267235718490e+00,1.041581069563233930e+00
7.864116874589624828e+00,1.000068843902025550e+00
7.871142481943532054e+00,1.000218050031210781e+00
7.878168089297438392e+00,9.399100079323748913e-01
7.885193696651345618e+00,9.203428086065517100e-01
7.892219304005251956e+00,9.376864991410867045e-01
7.899244911359159182e+00,9.588131810911864061e-01
7.906270518713065520e+00,1.002721070665818948e+00
7.913296126066972747e+00,9.981080834156217385e-01
7.920321733420879085e+00,9.567659594580751881e-01
7.927347340774786311e+00,9.581375291222816726e-01
7.934372948128692649e+00,9.351382178265089662e-01
7.941398555482599875e+00,9.875968660417286937e-01
7.948424162836506213e+00,1.041749228627151247e+00
7.955449770190413439e+00,1.074504082282774720e+00
7.962475377544319777e+00,1.083238428704391243e+00
7.969500984898227003e+00,1.036560122961827535e+00
7.976526592252133341e+00,1.010075849578765839e+00
7.983552199606039679e+00,9.710089024543819836e-01
7.990577806959946905e+00,9.330112394623336636e-01
7.997603414313853243e+00,9.874948322851363480e-01
8.004629021667760469e+00,1.039793603599158178e+00
8.011654629021666807e+00,1.028183460473450994e+00
8.018680236375573145e+00,1.048226335281512211e+00
8.025705843729479483e+00,1.001787572955860295e+00
8.032731451083387597e+00,9.879329385475565939e-01
8.039757058437293935e+00,1.008446963207067393e+00
8.046782665791200273e+00,1.014873908215812914e+00
8.053808273145106611e+00,1.043260074318126174e+00
8.060833880499014725e+00,1.042357524838576799e+00
8.067859487852921063e+00,1.051211081353317311e+00
8.074885095206827401e+00,1.076645384697143104e+00
8.081910702560733739e+00,1.070948326514893578e+00
8.088936309914641853e+00,1.058454029263635077e+00
8.095961917268548191e+00,1.031484840120047153e+00
8.102987524622454529e+00,1.010682727243103374e+00
8.110013131976360867e+00,9.606780049358332185e-01
8.117038739330268982e+00,9.396926859081287109e-01
8.124064346684175320e+00,9.457734293448146756e-01
8.131089954038081657e+00,9.570138156952930908e-01
8.138115561391987995e+00,1.027281741968401940e+00
8.145141168745894333e+00,1.010166984141810165e+00
8.152166776099802448e+00,1.054860494103153856e+00
8.159192383453708786e+00,1.041964005278389616e+00
8.166217990807615124e+00,1.012338913072952096e+00
8.173243598161523238e+00,1.040368984089898641e+00
8.180269205515429576e+00,1.000536336092419099e+00
8.187294812869335914e+00,1.032537191878270200e+00
8.194320420223242252e+00,1.053244432008467957e+00
8.201346027577150366e+00,1.052272335484982779e+00
8.208371634931056704e+00,1.039882767250088769e+00
8.215397242284963042e+00,1.002907134892500718e+00
8.222422849638869380e+00,9.797316779745084414e-01
8.229448456992777494e+00,9.851518715379625757e-01
8.236474064346683832e+00,9.958804315698679410e-01
8.243499671700590170e+00,1.015302911206253933e+00
8.250525279054496508e+00,1.065111464684064480e+00
8.257550886408404622e+00,1.077768863797147869e+00
8.264576493762310960e+00,1.096728409454603259e+00
8.271602101116217298e+00,1.087451706704984700e+00
8.278627708470123636e+00,1.051843718258454796e+00
8.285653315824029974e+00,1.068201436511165392e+00
8.292678923177938088e+00,1.073524278040055346e+00
8.299704530531844426e+00,1.131107019740734909e+00
8.306730137885750764e+00,1.156784867962301400e+00
8.313755745239657102e+00,1.117540022059656968e+00
8.320781352593565217e+00,1.106807047796959376e+00
8.327806959947471555e+00,1.082053094184808995e+00
8.334832567301377892e+00,1.091733107299814654e+00
8.341858174655284230e+00,1.156043529601676667e+00
8.348883782009192345e+00,1.213233305672821505e+00
8.355909389363098683e+00,1.210153622065891721e+00
8.362934996717005021e+00,1.186656368986052756e+00
8.369960604070911359e+00,1.178767703731923078e+00
8.376986211424819473e+00,1.110215427984673209e+00
8.384011818778725811e+00,1.064897586497361326e+00
8.391037426132632149e+00,1.064264784537339636e+00
8.398063033486538487e+00,1.016482883305262153e+00
9.156828627708469170e+00,1.232967889625680158e+00
9.163854235062375508e+00,1.247363374333293917e+00
9.170879842416283623e+00,1.212343672346979373e+00
9.177905449770189961e+00,1.204673580528852872e+00
9.184931057124096299e+00,1.190374556604584688e+00
9.191956664478002637e+00,1.165497923990991502e+00
9.198982271831910751e+00,1.160618986488242577e+00
9.206007879185817089e+00,1.173260629700988655e+00
9.213033486539723427e+00,1.188953553749712677e+00
9.220059093893629765e+00,1.168055899270826314e+00
9.227084701247536103e+00,1.163342431151998424e+00
9.234110308601444217e+00,1.100686461154156470e+00
9.241135915955350555e+00,1.036697312656821968e+00
9.248161523309256893e+00,1.011353727856736606e+00
9.255187130663163231e+00,9.914910050629035521e-01
9.262212738017071345e+00,9.424969001056332507e-01
9.269238345370977683e+00,9.047126069487256839e-01
9.276263952724884021e+00,8.963117745767907873e-01
9.283289560078790359e+00,8.803294193623184549e-01
9.290315167432698473e+00,9.557657917834092576e-01
9.297340774786604811e+00,1.004224949497537489e+00
9.304366382140511149e+00,9.965771664671861929e-01
9.311391989494417487e+00,9.901743174963013594e-01
9.318417596848325601e+00,9.448970319841496490e-01
9.325443204202231939e+00,8.931345099912169072e-01
9.332468811556138277e+00,8.920138544647433498e-01
9.339494418910044615e+00,9.165495829169437725e-01
9.346520026263952730e+00,9.097259475383625560e-01
9.353545633617859067e+00,9.394898349145618388e-01
9.360571240971765405e+00,9.402478368018085675e-01
9.367596848325671743e+00,8.943727920637902784e-01
9.374622455679579858e+00,8.993668522078827055e-01
9.381648063033486196e+00,8.899444172213674120e-01
9.388673670387392534e+00,8.345931117580013270e-01
9.395699277741298872e+00,8.395745410952304422e-01
9.402724885095205209e+00,8.369303872048077242e-01
9.409750492449113324e+00,8.398474822362590464e-01
9.416776099803019662e+00,8.739759104024704683e-01
9.423801707156926000e+00,8.799909035859531103e-01
9.430827314510832338e+00,8.286352114272911296e-01
9.437852921864740452e+00,8.197668531504738176e-01
9.444878529218646790e+00,8.187350432465633210e-01
9.451904136572553128e+00,8.010143511139071748e-01
9.458929743926459466e+00,8.192302371441662068e-01
9.465955351280367580e+00,7.951029445296762255e-01
9.472980958634273918e+00,7.699461486340837268e-01
9.480006565988180256e+00,7.524922639486371079e-01
9.487032173342086594e+00,7.478522918280474663e-01
9.494057780695994708e+00,7.311388610626672335e-01
9.501083388049901046e+00,7.373295842384535170e-01
9.508108995403807384e+00,7.613494766659850699e-01
9.515134602757713722e+00,7.411715700741196011e-01
9.522160210111621836e+00,7.443365622561808337e-01
9.529185817465528174e+00,7.243786076343542435e-01
9.536211424819434512e+00,6.950241042414397885e-01
9.543237032173340850e+00,6.734829352532131219e-01
9.550262639527247188e+00,6.560798399626707189e-01
9.557288246881155303e+00,6.350131181490947796e-01
9.564313854235061640e+00,6.655035790972280152e-01
9.571339461588967978e+00,6.912448380901625722e-01
9.578365068942874316e+00,7.021368162806543856e-01
9.585390676296782431e+00,7.033238981503724396e-01
9.592416283650688769e+00,6.503905111024833596e-01
9.599441891004595107e+00,6.440852437542196052e-01
9.606467498358501444e+00,6.187096973863416283e-01
9.613493105712409559e+00,6.143171373995522933e-01
9.620518713066315897e+00,6.537724244625152670e-01
9.627544320420222235e+00,6.606006909067771993e-01
9.634569927774128573e+00,6.916366798103275038e-01
9.641595535128036687e+00,7.159170078609263799e-01
9.648621142481943025e+00,7.000073607111879648e-01
9.655646749835849363e+00,7.124279613649557863e-01
9.662672357189755701e+00,6.956702456623111708e-01
9.669697964543663815e+00,6.728188194617923390e-01
9.676723571897570153e+00,6.548769382045553922e-01
9.683749179251476491e+00,6.359271479707933050e-01
9.690774786605382829e+00,6.330089846089256289e-01
9.697800393959289167e+00,6.322941693047018363e-01
9.704826001313197281e+00,6.083716463051558332e-01
9.711851608667103619e+00,5.910247721959971390e-01
9.718877216021009957e+00,5.845126103545931207e-01
9.725902823374916295e+00,5.863892206067805590e-01
9.732928430728824409e+00,5.670868506785587959e-01
9.739954038082730747e+00,5.655495848206049114e-01
9.746979645436637085e+00,5.530369523549364397e-01
9.754005252790543423e+00,5.427200359751431780e-01
9.761030860144451538e+00,5.687772130956949557e-01
9.768056467498357875e+00,5.585932151658158373e-01
9.775082074852264213e+00,5.481260654788435716e-01
9.782107682206170551e+00,5.434002667830928335e-01
9.789133289560078666e+00,5.406167509325602305e-01
9.796158896913985004e+00,5.039921864729086654e-01
9.803184504267891342e+00,4.692055601772384676e-01
9.810210111621797680e+00,4.291783990231030077e-01
9.817235718975705794e+00,4.404136199599231194e-01
9.824261326329612132e+00,4.606245950031132019e-01
9.831286933683518470e+00,5.185644600590934017e-01
9.838312541037424808e+00,5.422742527636310594e-01
9.845338148391332922e+00,5.244797908689793342e-01
9.852363755745239260e+00,5.342356121603916153e-01
9.859389363099145598e+00,5.065836406002318659e-01
9.866414970453051936e+00,5.354253464510927429e-01
9.873440577806958274e+00,5.133832334409810239e-01
9.880466185160866388e+00,4.239548443950135748e-01
9.887491792514772726e+00,4.221198202708769665e-01
9.894517399868679064e+00,4.071416971522129891e-01
9.901543007222585402e+00,4.339667412701628812e-01
9.908568614576493516e+00,5.117304505618063271e-01
9.915594221930399854e+00,5.071793246944406031e-01
9.922619829284306192e+00,4.209700054234999378e-01
9.929645436638212530e+00,3.547507538780940162e-01
9.936671043992120644e+00,3.807301111972491436e-01
9.943696651346026982e+00,3.639888356199307839e-01
9.950722258699933320e+00,4.168562517921838295e-01
9.957747866053839658e+00,4.655120918517757778e-01
9.964773473407747773e+00,4.400071351953437349e-01
9.971799080761654110e+00,4.458161999710582579e-01
9.978824688115560448e+00,4.135284199193596244e-01
9.985850295469466786e+00,4.406664357821893918e-01
9.992875902823374901e+00,4.545699992113333976e-01
9.999901510177281239e+00,4.751640822162827016e-01
1.000692711753118758e+01,5.185176465365614051e-01
1.001395272488509391e+01,4.939191852582223152e-01
1.002097833223900025e+01,4.760139395044269417e-01
1.002800393959290837e+01,4.498265350832388321e-01
1.003502954694681470e+01,4.218602570366979942e-01
1.004205515430072104e+01,3.978835238149436293e-01
1.004908076165462738e+01,3.533657697081492577e-01
1.005610636900853549e+01,3.101631779130278876e-01
1.006313197636244183e+01,3.210108415728561426e-01
1.007015758371634817e+01,3.274986780616659376e-01
1.007718319107025451e+01,3.404873673070551998e-01
1.008420879842416262e+01,4.112595984949822259e-01
1.009123440577806896e+01,4.727849396763286749e-01
1.009826001313197530e+01,4.784735545152949965e-01
1.010528562048588164e+01,4.961122662614562140e-01
1.011231122783978975e+01,4.939708657468672715e-01
1.011933683519369609e+01,4.708479367905011870e-01
1.012636244254760243e+01,4.324877965547879732e-01
1.013338804990150877e+01,3.806917016851857904e-01
1.014041365725541688e+01,3.190399599927594698e-01
1.014743926460932322e+01,2.725454309640609751e-01
1.015446487196322956e+01,2.674033663444550513e-01
1.016149047931713589e+01,2.903178271831654556e-01
1.016851608667104223e+01,3.282494279778041535e-01
1.017554169402495035e+01,3.412858065350797276e-01
1.018256730137885668e+01,3.750359910677926178e-01
1.018959290873276302e+01,4.230522497754629629e-01
1.019661851608666936e+01,4.102158680002675473e-01
1.020364412344057747e+01,3.613979874111233892e-01
1.021066973079448381e+01,3.313840479569599706e-01
1.021769533814839015e+01,2.843512208975310651e-01
1.022472094550229649e+01,2.632581692849524369e-01
1.023174655285620460e+01,3.099991138963616444e-01
1.023877216021011094e+01,3.265797071284738951e-01
1.024579776756401728e+01,3.254910601158949035e-01
1.025282337491792362e+01,3.199918338402880646e-01
1.025984898227183173e+01,2.821605837533312511e-01
1.026687458962573807e+01,2.421992277899974733e-01
1.027390019697964441e+01,2.280870590429319444e-01
1.028092580433355074e+01,2.149351686698175723e-01
1.028795141168745886e+01,2.232589348497522885e-01
1.029497701904136520e+01,2.617607971250106580e-01
1.030200262639527153e+01,2.926686719803636705e-01
1.030902823374917787e+01,3.538416386895466004e-01
1.031605384110308421e+01,3.679839062443910902e-01
1.032307944845699232e+01,3.455416374381873323e-01
1.033010505581089866e+01,3.429000098693213983e-01
1.033713066316480500e+01,3.228444052620279558e-01
1.034415627051871134e+01,3.134363115438347225e-01
1.035118187787261945e+01,3.074111280110573552e-01
1.035820748522652579e+01,2.777619277463669878e-01
1.036523309258043213e+01,2.336604843129760911e-01
1.037225869993433847e+01,2.071112032951686888e-01
1.037928430728824658e+01,2.425501752020802482e-01
1.038630991464215292e+01,2.979654649698844082e-01
1.039333552199605926e+01,3.745256459812786876e-01
1.040036112934996559e+01,4.550119370131542329e-01
1.040738673670387371e+01,4.163226077216945487e-01
1.041441234405778005e+01,3.878845952935887631e-01
1.042143795141168638e+01,3.455016703955671176e-01
1.042846355876559272e+01,2.776524316278315418e-01
1.043548916611950084e+01,2.939223631663493430e-01
1.044251477347340717e+01,2.564915702284276122e-01
1.044954038082731351e+01,2.252620136042703669e-01
1.045656598818121985e+01,2.442828909339095633e-01
1.046359159553512796e+01,2.635568423845653929e-01
1.047061720288903430e+01,3.108418745750541334e-01
1.047764281024294064e+01,3.033887238930554342e-01
1.048466841759684698e+01,2.930881337316306734e-01
1.049169402495075332e+01,2.785050369046520036e-01
1.049871963230466143e+01,2.400418159401035978e-01
1.050574523965856777e+01,2.441929525432616765e-01
1.051277084701247411e+01,2.682780525435323193e-01
1.051979645436638044e+01,2.803059704097561333e-01
1.052682206172028856e+01,2.517588885972408819e-01
1.053384766907419490e+01,2.458541476564624073e-01
1.054087327642810124e+01,1.896366480775604491e-01
1.054789888378200757e+01,1.817361077118327117e-01
1.055492449113591569e+01,2.366993150006173052e-01
1.056195009848982203e+01,2.462458191221453541e-01
1.056897570584372836e+01,2.433586730724342506e-01
1.057600131319763470e+01,1.877629122614571100e-01
1.058302692055154282e+01,1.511093820362107987e-01
1.059005252790544915e+01,1.591257063855361087e-01
1.059707813525935549e+01,1.682527824577403630e-01
1.060410374261326183e+01,2.044446754372986896e-01
1.061112934996716994e+01,2.074192763269260553e-01
1.061815495732107628e+01,2.176656222003747476e-01
1.062518056467498262e+01,2.554983568099354341e-01
1.063220617202888896e+01,2.555896366130090969e-01
1.063923177938279530e+01,2.963971227907428174e-01
1.064625738673670341e+01,3.024443340968556160e-01
1.065328299409060975e+01,2.774903528354108473e-01
1.066030860144451609e+01,2.644346709064896439e-01
1.066733420879842242e+01,2.306939511363603479e-01
1.067435981615233054e+01,2.506913703564317975e-01
1.068138542350623688e+01,3.064855910583055842e-01
1.068841103086014321e+01,3.036321866136694747e-01
1.069543663821404955e+01,3.001640670724873838e-01
1.070246224556795767e+01,2.480361447767709671e-01
1.070948785292186400e+01,1.441098900674043504e-01
1.071651346027577034e+01,1.394771667214911304e-01
1.072353906762967668e+01,8.500383155280771819e-02
1.073056467498358479e+01,9.596545890658399192e-02
1.073759028233749113e+01,1.366146378116779303e-01
1.074461588969139747e+01,1.511706624099524443e-01
1.075164149704530381e+01,1.739638379405565038e-01
1.075866710439921192e+01,1.500116214170535422e-01
1.076569271175311826e+01,2.249426184262971751e-01
1.077271831910702460e+01,2.104548807166924385e-01
1.077974392646093094e+01,2.444442435703158278e-01
1.078676953381483727e+01,2.812769572954148534e-01
1.079379514116874539e+01,1.948936774537037009e-01
1.080082074852265173e+01,2.227669634737281246e-01
1.080784635587655806e+01,2.387033338787199477e-01
1.081487196323046440e+01,2.288750886854362121e-01
1.082189757058437252e+01,2.244891773913437472e-01
1.082892317793827885e+01,1.431692800468787885e-01
1.083594878529218519e+01,9.558857467065649816e-02
1.084297439264609153e+01,7.118771426660425172e-02
1.084999999999999964e+01,5.714988302080156735e-02
